-18.6360 2628.43
-18.5859 2511.38
-18.5357 2573.22
-18.4856 2563.72
-18.4355 2560.12
-18.3854 2601.77
-18.3352 2497.15
-18.2851 2542.26
-18.2350 2699.55
-18.1849 2730.12
-18.1347 2637.47
-18.0846 2703.95
-18.0345 2664.05
-17.9843 2592.16
-17.9342 2659.17
-17.8841 2591.78
-17.8340 2823.26
-17.7838 2812.89
-17.7337 2826.98
-17.6836 2688.6
-17.6335 2641.32
-17.5833 2759.2
-17.5332 2753
-17.4831 2865.06
-17.4329 2711.24
-17.3828 2673.38
-17.3327 2899.13
-17.2826 2889.25
-17.2324 2782.91
-17.1823 2659.31
-17.1322 2937.95
-17.0821 2773.41
-17.0319 2834.13
-16.9818 2649.49
-16.9317 2815.18
-16.8815 2855.38
-16.8314 2951.3
-16.7813 2854.92
-16.7312 2796.06
-16.6810 2923.71
-16.6309 2788.61
-16.5808 2853.37
-16.5307 2945.5
-16.4805 2745.29
-16.4304 2783.48
-16.3803 2879.66
-16.3301 3114.02
-16.2800 2824.2
-16.2299 2791.97
-16.1798 2925.54
-16.1296 2785.57
-16.0795 2836.67
-16.0294 2884.96
-15.9793 2925.64
-15.9291 2885.15
-15.8790 2759.94
-15.8289 2892.73
-15.7787 2891.17
-15.7286 2901.93
-15.6785 2957.07
-15.6284 2904.29
-15.5782 2938.73
-15.5281 3017.64
-15.4780 3052.47
-15.4279 3036.19
-15.3777 2971.46
-15.3276 2953.87
-15.2775 3226.11
-15.2273 3082.15
-15.1772 2965.25
-15.1271 3033.38
-15.0770 3139.94
-15.0268 3195.23
-14.9767 3064.12
-14.9266 3058.65
-14.8765 3134.9
-14.8263 3100.57
-14.7762 3082.14
-14.7261 3246.54
-14.6759 3245.99
-14.6258 3215.95
-14.5757 3221.72
-14.5256 3292.91
-14.4754 3325.19
-14.4253 3286.04
-14.3752 3331.4
-14.3251 3252.15
-14.2749 3428.31
-14.2248 3228.69
-14.1747 3240.55
-14.1245 3195.48
-14.0744 3290.71
-14.0243 3328.36
-13.9742 3326.64
-13.9240 3290.75
-13.8739 3380.81
-13.8238 3357.16
-13.7737 3387.28
-13.7235 3408.01
-13.6734 3432.59
-13.6233 3540.54
-13.5732 3418.16
-13.5230 3457.95
-13.4729 3472.21
-13.4228 3420.61
-13.3726 3448.15
-13.3225 3456.61
-13.2724 3471.43
-13.2223 3587.94
-13.1721 3644.76
-13.1220 3602.4
-13.0719 3681.33
-13.0218 3621.92
-12.9716 3543.19
-12.9215 3546.78
-12.8714 3512.29
-12.8212 3588.02
-12.7711 3663.5
-12.7210 3645.65
-12.6709 3618.99
-12.6207 3716.67
-12.5706 3685.71
-12.5205 3677.13
-12.4704 3698.78
-12.4202 3689.05
-12.3701 3742.93
-12.3200 3668.57
-12.2698 3686.29
-12.2197 3721.74
-12.1696 3821.14
-12.1195 3869.46
-12.0693 3793.01
-12.0192 3807.08
-11.9691 3855.05
-11.9190 3812.51
-11.8688 3900.21
-11.8187 3915.05
-11.7686 3976.14
-11.7184 3995.86
-11.6683 3954.59
-11.6182 4046.51
-11.5681 3955.85
-11.5179 4117.24
-11.4678 4153.65
-11.4177 4096.62
-11.3676 4326.87
-11.3174 4219.03
-11.2673 4211.68
-11.2172 4273.39
-11.1670 4252.26
-11.1169 4234.21
-11.0668 4312.22
-11.0167 4364.29
-10.9665 4451.67
-10.9164 4403.56
-10.8663 4323.17
-10.8162 4586.36
-10.7660 4430.12
-10.7159 4543.08
-10.6658 4649.44
-10.6156 4621.9
-10.5655 4736.38
-10.5154 4719.27
-10.4653 4629.85
-10.4151 4744.14
-10.3650 4780.2
-10.3149 4841.73
-10.2648 4749.53
-10.2146 4824.03
-10.1645 4738.32
-10.1144 4835.65
-10.0642 4835.38
-10.0141 4973.15
-9.9640 4797.29
-9.9139 4953.21
-9.8637 4984.87
-9.8136 5011.59
-9.7635 4935.02
-9.7134 5071.02
-9.6632 5044.66
-9.6131 5119.8
-9.5630 4983.04
-9.5128 5199.3
-9.4627 5196.61
-9.4126 5183.98
-9.3625 5147.55
-9.3123 5216.49
-9.2622 5257.33
-9.2121 5321.43
-9.1620 5383.86
-9.1118 5439.23
-9.0617 5589.01
-9.0116 5618
-8.9614 5718.28
-8.9113 5612.93
-8.8612 5740.37
-8.8111 5661.74
-8.7609 5791.04
-8.7108 5755.85
-8.6607 5761.97
-8.6106 5808.68
-8.5604 5837.12
-8.5103 5974.11
-8.4602 5960.83
-8.4100 6065.22
-8.3599 5992.98
-8.3098 5996.87
-8.2597 5999.08
-8.2095 6131.84
-8.1594 6069.58
-8.1093 6148.69
-8.0592 6034.46
-8.0090 6088.16
-7.9589 6136.23
-7.9088 6168.17
-7.8586 6257.14
-7.8085 6109.28
-7.7584 6071.18
-7.7083 6216.9
-7.6581 6064.33
-7.6080 6208.05
-7.5579 6198.81
-7.5078 6065.44
-7.4576 6181.95
-7.4075 6280.82
-7.3574 6172.6
-7.3072 6280.05
-7.2571 6291.19
-7.2070 6246.56
-7.1569 6255.71
-7.1067 6335.7
-7.0566 6330.9
-7.0065 6224.24
-6.9564 6208.6
-6.9062 6258.67
-6.8561 6235.91
-6.8060 6237.55
-6.7558 6065.91
-6.7057 6153.65
-6.6556 5909.72
-6.6055 5920.73
-6.5553 5779.59
-6.5052 5749.05
-6.4551 5706.6
-6.4050 5566.02
-6.3548 5474.77
-6.3047 5255.98
-6.2546 5263.86
-6.2044 5154.58
-6.1543 5065.46
-6.1042 4915.41
-6.0541 4783.31
-6.0039 4717.73
-5.9538 4713.44
-5.9037 4679.82
-5.8536 4547.23
-5.8034 4484.65
-5.7533 4331.63
-5.7032 4492.87
-5.6530 4317.66
-5.6029 4349.24
-5.5528 4256.13
-5.5027 4331.13
-5.4525 4249.11
-5.4024 4194.29
-5.3523 4265.97
-5.3022 4280.27
-5.2520 4353.37
-5.2019 4342.98
-5.1518 4361.48
-5.1016 4310.98
-5.0515 4340.73
-5.0014 4344.41
-4.9513 4349.53
-4.9011 4279.54
-4.8510 4447.78
-4.8009 4539.22
-4.7508 4601.31
-4.7006 4646.64
-4.6505 4715.89
-4.6004 4790.51
-4.5502 4910.91
-4.5001 5022.2
-4.4500 5053.7
-4.3999 5046.58
-4.3497 5095.13
-4.2996 5198.56
-4.2495 5355.18
-4.1994 5433.79
-4.1492 5559.72
-4.0991 5319.73
-4.0490 5464.88
-3.9988 5704.26
-3.9487 5599.21
-3.8986 5922.03
-3.8485 5755.26
-3.7983 5842.26
-3.7482 6077.07
-3.6981 6223.29
-3.6480 6235.4
-3.5978 6416.45
-3.5477 6564.47
-3.4976 6752.3
-3.4475 6924.77
-3.3973 7288.32
-3.3472 7644.5
-3.2971 8163.88
-3.2469 8515.040000000001
-3.1968 9236.74
-3.1467 9889.25
-3.0966 10450.13
-3.0464 11365.77
-2.9963 11842.77
-2.9462 12282.92
-2.8961 12951.38
-2.8459 13185.97
-2.7958 12877.75
-2.7457 12632.96
-2.6955 12196.27
-2.6454 11319.54
-2.5953 10430.55
-2.5452 9293.139999999999
-2.4950 8199.459999999999
-2.4449 6939.616
-2.3948 6130.602
-2.3447 5144.901
-2.2945 4389.486
-2.2444 3769.881
-2.1943 3342.507
-2.1441 3086.904
-2.0940 2848.553
-2.0439 2587.615
-1.9938 2500.214
-1.9436 2562.475
-1.8935 2586.333
-1.8434 2635.745
-1.7933 2734.06
-1.7431 2792.627
-1.6930 2904.309
-1.6429 3033.613
-1.5927 3174.856
-1.5426 3286.235
-1.4925 3398.517
-1.4424 3469.728
-1.3922 3450.351
-1.3421 3489.329
-1.2920 3478.056
-1.2419 3454.977
-1.1917 3242.174
-1.1416 3144.544
-1.0915 3032.552
-1.0413 2847.772
-0.9912 2585.295
-0.9411 2387.637
-0.8910 2168.943
-0.8408 1969.157
-0.7907 1723.277
-0.7406 1489.967
-0.6905 1242.871
-0.6403 974.268
-0.5902 788.303
-0.5401 592.525
-0.4899 501.773
-0.4398 350.129
-0.3897 280.485
-0.3396 243.93
-0.2894 226.703
-0.2393 168.564
-0.1892 129.297
-0.1391 118.01
-0.0889 124.445
-0.0388 132.367
0.0113 135.892
0.0615 101.089
0.1116 90.911
0.1617 87.74299999999999
0.2118 104.971
0.2620 116.258
0.3121 94.089
0.3622 76.505
0.4123 84.208
0.4625 93.455
0.5126 76.723
0.5627 76.47499999999999
0.6129 68.901
0.6630 40.257
0.7131 65.74299999999999
0.7632 59.257
0.8134 67.821
0.8635 52.722
0.9136 25.049
0.9637 46.742
1.0139 74.10899999999999
1.0640 26.415