-20.4470 3306.4
-20.3969 3383.88
-20.3468 3343.64
-20.2967 3521.87
-20.2465 3328.34
-20.1964 3292.33
-20.1463 3472.65
-20.0962 3359.18
-20.0461 3408.2
-19.9960 3471.97
-19.9458 3524.95
-19.8957 3313.19
-19.8456 3317.61
-19.7955 3395.55
-19.7454 3382.23
-19.6953 3347.98
-19.6451 3342.38
-19.5950 3223.87
-19.5449 3276.16
-19.4948 3330.08
-19.4447 3392.34
-19.3946 3324.9
-19.3444 3304.27
-19.2943 3345.93
-19.2442 3271.11
-19.1941 3332.87
-19.1440 3553.84
-19.0939 3571.98
-19.0437 3562.72
-18.9936 3353.3
-18.9435 3608.34
-18.8934 3514.86
-18.8433 3532.87
-18.7932 3548.13
-18.7430 3632.52
-18.6929 3740.06
-18.6428 3513.94
-18.5927 3558.28
-18.5426 3576.09
-18.4925 3478.31
-18.4423 3808.64
-18.3922 3601.16
-18.3421 3769.06
-18.2920 3752.77
-18.2419 3633.11
-18.1918 3781.3
-18.1416 3682.93
-18.0915 3895.32
-18.0414 3862.9
-17.9913 3893.39
-17.9412 3878.89
-17.8911 4075.34
-17.8409 3916.82
-17.7908 3802.1
-17.7407 3818.68
-17.6906 3885.37
-17.6405 3928.87
-17.5904 4003.49
-17.5402 4002.16
-17.4901 4090.38
-17.4400 4016.13
-17.3899 3975.31
-17.3398 4074.67
-17.2897 4156.36
-17.2395 4045.77
-17.1894 4139.23
-17.1393 4141.24
-17.0892 3962.69
-17.0391 3989.96
-16.9890 3980.73
-16.9388 4251.940000000001
-16.8887 4022.81
-16.8386 4134.62
-16.7885 4309.78
-16.7384 4170.900000000001
-16.6883 4209.13
-16.6381 4217.34
-16.5880 4417.99
-16.5379 4337.59
-16.4878 4425.97
-16.4377 4304.06
-16.3876 4379.61
-16.3374 4393.33
-16.2873 4365.17
-16.2372 4450.5
-16.1871 4562.46
-16.1370 4615.27
-16.0869 4616.35
-16.0367 4570.04
-15.9866 4736.39
-15.9365 4803.690000000001
-15.8864 4688.18
-15.8363 4682.47
-15.7862 4696.28
-15.7360 4786.05
-15.6859 4832.25
-15.6358 4926.05
-15.5857 4897.97
-15.5356 4989.73
-15.4855 5011.78
-15.4353 5054.41
-15.3852 4972.41
-15.3351 5060.25
-15.2850 5300.39
-15.2349 5178.59
-15.1848 5232.28
-15.1346 5209.49
-15.0845 5218.93
-15.0344 5226.08
-14.9843 5193.39
-14.9342 5321.04
-14.8841 5327.93
-14.8339 5546.32
-14.7838 5495.87
-14.7337 5462.89
-14.6836 5531.35
-14.6335 5608.06
-14.5834 5531.64
-14.5332 5718.07
-14.4831 5572.78
-14.4330 5543.37
-14.3829 5729.440000000001
-14.3328 5681.18
-14.2827 5640.58
-14.2325 5767.37
-14.1824 5768.16
-14.1323 5809.46
-14.0822 5870.22
-14.0321 5954.604
-13.9820 5846.51
-13.9318 5865.97
-13.8817 5916.1
-13.8316 5968.954
-13.7815 6027.821
-13.7314 6010.952
-13.6813 6012.688
-13.6311 5980.263
-13.5810 5996.525000000001
-13.5309 6031.771
-13.4808 6081.373000000001
-13.4307 6035.048
-13.3806 5967.318
-13.3304 6020.789
-13.2803 6039.43
-13.2302 6197.383
-13.1801 6180.246
-13.1300 6144.38
-13.0799 6175.784000000001
-13.0298 6035.690000000001
-12.9796 6292.346
-12.9295 6233.889
-12.8794 6286.744
-12.8293 6391.173
-12.7792 6221.17
-12.7291 6239.98
-12.6789 6167.315000000001
-12.6288 6291.525000000001
-12.5787 6197.555
-12.5286 6262.77
-12.4785 6298.785
-12.4284 6415.149
-12.3782 6322.774
-12.3281 6278.524
-12.2780 6515.085
-12.2279 6437.149
-12.1778 6316.437
-12.1277 6524.777
-12.0775 6422.137
-12.0274 6396.821
-11.9773 6519.184
-11.9272 6453.197
-11.8771 6363.72
-11.8270 6455.402
-11.7768 6385.623000000001
-11.7267 6327.994
-11.6766 6401.088
-11.6265 6536.526
-11.5764 6408.421
-11.5263 6388.916
-11.4761 6477.162
-11.4260 6492.818
-11.3759 6264.642
-11.3258 6424.522
-11.2757 6615.639
-11.2256 6461.669
-11.1754 6467.877
-11.1253 6579.328
-11.0752 6510.467000000001
-11.0251 6488.788
-10.9750 6569.817
-10.9249 6474.557
-10.8747 6451.826
-10.8246 6415.631
-10.7745 6396.379
-10.7244 6520.892
-10.6743 6453.066
-10.6242 6497.17
-10.5740 6461.307
-10.5239 6524.547
-10.4738 6515.29
-10.4237 6526.150000000001
-10.3736 6558.360000000001
-10.3235 6521.23
-10.2733 6690.83
-10.2232 6542.96
-10.1731 6496.49
-10.1230 6586.71
-10.0729 6615.124
-10.0228 6559.698
-9.9726 6594.585
-9.9225 6603.198
-9.8724 6511.623000000001
-9.8223 6575.844
-9.7722 6565.205
-9.7221 6596.454
-9.6719 6546.651
-9.6218 6523.1
-9.5717 6634.159000000001
-9.5216 6588.719
-9.4715 6627.369
-9.4214 6715.976000000001
-9.3712 6640.298
-9.3211 6663.929
-9.2710 6671.945
-9.2209 6840.809
-9.1708 6865.205
-9.1207 6889.397
-9.0705 6894.67
-9.0204 6984.77
-8.9703 7021.360000000001
-8.9202 6935.41
-8.8701 6949.43
-8.8200 7176.35
-8.7698 7170.85
-8.7197 7373.66
-8.6696 7222.59
-8.6195 7256.47
-8.5694 7467.690000000001
-8.5193 7447.690000000001
-8.4691 7669.74
-8.4190 7768.56
-8.3689 7958.26
-8.3188 7935.02
-8.2687 8282.02
-8.2186 8218.92
-8.1684 8312.26
-8.1183 8613.370000000001
-8.0682 8724.08
-8.0181 8670.15
-7.9680 8974.450000000001
-7.9179 8956.85
-7.8677 9137.469999999999
-7.8176 9067.73
-7.7675 9291.18
-7.7174 9363.110000000001
-7.6673 9288.190000000001
-7.6172 9305.42
-7.5670 9419.719999999999
-7.5169 9397.68
-7.4668 9412.969999999999
-7.4167 9308.07
-7.3666 9172.01
-7.3165 9292.82
-7.2663 9239.040000000001
-7.2162 9020.200000000001
-7.1661 8935.32
-7.1160 8869.25
-7.0659 8743.380000000001
-7.0158 8615.52
-6.9656 8503.68
-6.9155 8448.870000000001
-6.8654 8359.610000000001
-6.8153 8225.74
-6.7652 8347.75
-6.7151 8154.820000000001
-6.6649 8041.85
-6.6148 7922.89
-6.5647 7668.89
-6.5146 7670.71
-6.4645 7508.76
-6.4144 7485.28
-6.3642 7532.37
-6.3141 7315.49
-6.2640 7220.97
-6.2139 7149.29
-6.1638 7308.32
-6.1137 7353.23
-6.0636 7070.23
-6.0134 7136.8
-5.9633 7111.43
-5.9132 7151.35
-5.8631 7073.92
-5.8130 6975.360000000001
-5.7629 7085.17
-5.7127 7173.14
-5.6626 7297.82
-5.6125 7305.89
-5.5624 7306.82
-5.5123 7275.8
-5.4622 7276.26
-5.4120 7412.110000000001
-5.3619 7565.05
-5.3118 7550.72
-5.2617 7593.47
-5.2116 7508.14
-5.1615 7528.82
-5.1113 7634.860000000001
-5.0612 7500.6
-5.0111 7450.12
-4.9610 7550.34
-4.9109 7701.42
-4.8608 7579.56
-4.8106 7691.700000000001
-4.7605 7492.900000000001
-4.7104 7588.78
-4.6603 7455.82
-4.6102 7471.02
-4.5601 7461.900000000001
-4.5099 7368.93
-4.4598 7162.78
-4.4097 7159.02
-4.3596 7003.37
-4.3095 6967.46
-4.2594 6552.650000000001
-4.2092 6380.200000000001
-4.1591 6129.52
-4.1090 5972.98
-4.0589 5722.71
-4.0088 5620.73
-3.9587 5207.18
-3.9085 5029.96
-3.8584 4780.39
-3.8083 4459.79
-3.7582 4382.690000000001
-3.7081 4073.24
-3.6580 4051.46
-3.6078 3875.88
-3.5577 3840.14
-3.5076 3844.79
-3.4575 3893.23
-3.4074 3939.89
-3.3573 3911.04
-3.3071 4056.68
-3.2570 4114.35
-3.2069 4283.61
-3.1568 4301.38
-3.1067 4337.18
-3.0566 4336.3
-3.0064 4416.87
-2.9563 4480.79
-2.9062 4592.31
-2.8561 4673.22
-2.8060 4516.35
-2.7559 4393.341
-2.7057 4349.616
-2.6556 4135.202
-2.6055 3955.402
-2.5554 3774.769
-2.5053 3574.959
-2.4552 3324.825
-2.4050 3015.588
-2.3549 2726.8
-2.3048 2482.4
-2.2547 2134.479
-2.2046 1866.997
-2.1545 1623.519
-2.1043 1367.168
-2.0542 1178.64
-2.0041 1046.185
-1.9540 904.237
-1.9039 784.28
-1.8538 645.707
-1.8036 602.0500000000001
-1.7535 566.2380000000001
-1.7034 515.505
-1.6533 472.99
-1.6032 440.634
-1.5531 408.525
-1.5029 353.366
-1.4528 334.406
-1.4027 277.415
-1.3526 265.505
-1.3025 266.931
-1.2524 251.99
-1.2022 190.237
-1.1521 171.03
-1.1020 163.06
-1.0519 132.772
-1.0018 133.346
-0.9517 104.961
-0.9015 124.525
-0.8514 65.16800000000001
-0.8013 90.515
-0.7512 60.208
-0.7011 77.86199999999999
-0.6510 69.80200000000001
-0.6008 79.16810000000001
-0.5507 74.40600000000001
-0.5006 64.297
-0.4505 57.387
-0.4004 62.871
-0.3503 61.614
-0.3001 81.9897
-0.2500 68.01010000000001
-0.1999 52.792
-0.1498 46.237
-0.0997 48.4163
-0.0496 66.90140000000001
0.0006 44.9501
0.0507 51.465
0.1008 32.97
0.1509 39.8414
0.2010 40.8913
0.2511 38.1884
0.3013 42.3066
0.3514 30.8614
0.4015 44.9007
0.4516 54.545
0.5017 59.861
0.5518 47.2676
0.6020 46.2479
0.6521 43.97020000000001
0.7022 34.5441
0.7523 31.3564
0.8024 37.2379
0.8525 29.4354
0.9027 18.455
0.9528 32.198
1.0029 22.7424
1.0530 24.5448