15 0.10941431670282
14.9 0.108459869848156
14.8 0.111265365148228
14.7 0.110137382501808
14.6 0.114591467823572
14.5 0.118524945770065
14.4 0.116182212581345
14.3 0.115054229934924
14.2 0.12
14.1 0.12118582791034
14 0.125177151120752
13.9 0.125524222704266
13.8 0.127809110629067
13.7 0.126594360086768
13.6 0.127606652205351
13.5 0.130498915401302
13.4 0.132060737527115
13.3 0.133680404916847
13.2 0.134316702819957
13.1 0.135357917570499
13 0.135762834417932
12.9 0.135965292841649
12.8 0.138365871294288
12.7 0.139320318148952
12.6 0.135589298626175
12.5 0.13943600867679
12.4 0.136746203904555
12.3 0.137469269703543
12.2 0.134837310195228
12.1 0.131569052783803
12 0.135184381778742
11.9 0.130209689081706
11.8 0.130817064352856
11.7 0.128937093275488
11.6 0.126883586406363
11.5 0.125495300072307
11.4 0.123470715835141
11.3 0.124540853217643
11.2 0.121648590021692
11.1 0.123470715835141
11 0.123933477946493
10.9 0.118727404193782
10.8 0.120665220535069
10.7 0.120057845263919
10.6 0.124483007953724
10.5 0.121590744757773
10.4 0.120231381055676
10.3 0.12352856109906
10.2 0.122024584237166
10.1 0.127201735357918
10 0.125206073752712
9.9 0.130122921185828
9.8 0.130527838033261
9.7 0.132639190166305
9.6 0.135097613882863
9.5 0.144613159797542
9.4 0.151323210412148
9.3 0.158091106290672
9.2 0.170325379609545
9.1 0.182270426608821
9 0.187187274041938
8.9 0.200375994215474
8.8 0.21645697758496
8.7 0.225336225596529
8.6 0.238148951554591
8.5 0.252263195950832
8.4 0.258770788141721
8.3 0.27644251626898
8.2 0.280694143167028
8.1 0.284280549530007
8 0.294316702819957
7.9 0.304989154013015
7.8 0.308662328271873
7.7 0.307794649313088
7.6 0.317801879971077
7.5 0.313955169920463
7.4 0.30941431670282
7.3 0.304381778741866
7.2 0.30409255242227
7.1 0.297556037599422
7 0.28939985538684
6.9 0.289168474331164
6.8 0.284511930585683
6.7 0.27120751988431
6.6 0.270339840925524
6.5 0.272798264642082
6.4 0.269125090383225
6.3 0.263282718727404
6.2 0.260911062906725
6.1 0.261865509761388
6 0.26704266088214
5.9 0.263658712942878
5.8 0.270079537237889
5.7 0.267823571945047
5.6 0.267765726681128
5.5 0.275719450469993
5.4 0.273839479392625
5.3 0.27473608098337
5.2 0.274909616775127
5.1 0.273347794649313
5 0.271265365148229
4.9 0.26530730296457
4.8 0.258134490238612
4.7 0.249081706435286
4.6 0.237888647866956
4.5 0.230860448300795
4.4 0.218394793926247
4.3 0.206044830079537
4.2 0.193203181489516
4.1 0.186059291395517
4 0.1729284164859
3.9 0.168647866955893
3.8 0.174953000723066
3.7 0.18296456977585
3.6 0.202053506869125
3.5 0.22001446131598
3.4 0.25648590021692
3.3 0.297440347071584
3.2 0.345741142443962
3.1 0.405148228488793
3 0.472740419378163
2.9 0.547476500361533
2.8 0.612668112798265
2.7 0.688300795372379
2.6 0.750484454085322
2.5 0.838467100506146
2.4 0.886796818510484
2.3 0.940332610267534
2.2 0.987302964569776
2.1 0.997483731019523
2 1
1.9 0.978076644974693
1.8 0.955661605206074
1.7 0.896688358640636
1.6 0.833232104121475
1.5 0.769284164859002
1.4 0.691626898047722
1.3 0.601417208966016
1.2 0.513868402024584
1.1 0.421836587129429
1 0.332552422270427
0.9 0.252725958062184
0.8 0.181547360809834
0.7 0.127953723788865
0.6 0.0843673174258858
0.5 0.0529862617498192
0.4 0.0306869125090383
0.3 0.0194938539407086
0.2 0.00992046276211135
0.1 0.00636297903109183
0 0.0041648590021692
-0.1 0.00321041214750542
-0.2 0.00274765003615329
-0.3 0.00176428054953001
-0.4 0.00240057845263919
-0.5 0.0020824295010846
-0.6 0.00205350686912509
-0.7 7.80911062906725E-4
-0.8 9.54446854663775E-4
-0.9 0.0013882863340564
-1 0.00127259580621837
-1.1 0.00118582791033984
-1.2 0.00124367317425886
-1.3 9.25524222704266E-4
-1.4 5.78452639190166E-4
-1.5 6.65220535068691E-4
-1.6 5.2060737527115E-4
-1.7 3.75994215473608E-4
-1.8 6.07375271149675E-4
-1.9 4.33839479392625E-4
-2 4.04916847433117E-4
-2.1 2.60303687635575E-4
-2.2 3.75994215473608E-4
-2.3 4.91684743311641E-4
-2.4 1.7353579175705E-4
-2.5 0
-2.6 3.470715835141E-4
-2.7 0
-2.8 3.75994215473608E-4
-2.9 2.02458423716558E-4
-3 5.78452639190167E-5
