550 0.169215125037662
549.8 0.169874209099126
549.6 0.170815757758361
549.4 0.170872250677915
549.2 0.170721602892437
549 0.170665109972883
548.8 0.171794968363965
548.6 0.172435221452245
548.4 0.174751431153962
548.2 0.174224163904791
548 0.172303404639952
547.8 0.174751431153962
547.6 0.174073516119313
547.4 0.174148840012052
547.2 0.169742392286833
547 0.175128050617656
546.8 0.179572160289244
546.6 0.176314401928292
546.4 0.178913076227779
546.2 0.178461132871347
546 0.179553329316059
545.8 0.183922115094908
545.6 0.184110424826755
545.4 0.184750677915035
545.2 0.19151099728834
545 0.188799337149744
544.8 0.187744802651401
544.6 0.193469418499548
544.4 0.19456161494426
544.2 0.190494124736366
544 0.191096715878277
543.8 0.18874284423019
543.6 0.187876619463694
543.4 0.184882494727328
543.2 0.183601988550768
543 0.178122175354022
542.8 0.178065682434468
542.6 0.177387767399819
542.4 0.181417595661344
542.2 0.177331274480265
542 0.178461132871347
541.8 0.181568243446821
541.6 0.179383850557397
541.4 0.183771467309431
541.2 0.174939740885809
541 0.175956613437782
540.8 0.175146881590841
540.6 0.175598824947273
540.4 0.177105302802049
540.2 0.176031937330521
540 0.177839710756252
539.8 0.176031937330521
539.6 0.175241036456764
539.4 0.175128050617656
539.2 0.176126092196445
539 0.172491714371799
538.8 0.174600783368485
538.6 0.176239078035553
538.4 0.180532539921663
538.2 0.176785176257909
538 0.175241036456764
537.8 0.175730641759566
537.6 0.180607863814402
537.4 0.177500753238927
537.2 0.178065682434468
537 0.176370894847846
536.8 0.177463091292558
536.6 0.179967610726122
536.4 0.178348147032239
536.2 0.180419554082555
536 0.179760470021091
535.8 0.175391684242242
535.6 0.185485085869238
535.4 0.182001355830069
535.2 0.184976649593251
535 0.192094757457065
534.8 0.19179346188611
534.6 0.199890780355529
534.4 0.204880988249473
534.2 0.212921813799337
534 0.224389876468816
533.8 0.221772371196143
533.6 0.226950888821934
533.4 0.236309882494727
533.2 0.240904639951793
533 0.242693582404339
532.8 0.241846188611027
532.6 0.241808526664658
532.4 0.239341669177463
532.2 0.243992919554083
532 0.23615923470925
531.8 0.242467610726122
531.6 0.249548056643567
531.4 0.280713317264236
531.2 0.336999096113287
531 0.442019433564327
530.8 0.609219644471226
530.6 0.790769056944863
530.4 0.957573817414884
530.2 1
530 0.901062066887617
529.8 0.701755046700814
529.6 0.495650045194336
529.4 0.341499698704429
529.2 0.254048659234709
529 0.206726423621573
528.8 0.178687104549563
528.6 0.170627448026514
528.4 0.162661946369388
528.2 0.163980114492317
528 0.161852214522447
527.8 0.164356733956011
527.6 0.161098975595059
527.4 0.162285326905694
527.2 0.166315155167219
527 0.169572913528171
526.8 0.175335191322688
526.6 0.171719644471226
526.4 0.178253992166315
526.2 0.180796173546249
526 0.187801295570955
525.8 0.195220699005725
525.6 0.203355679421513
525.4 0.206368635131064
525.2 0.209287435974691
525 0.220830822536909
524.8 0.22877749322085
524.6 0.232355378125942
524.4 0.247533142512805
524.2 0.260658330822537
524 0.278717234106659
523.8 0.293386562217535
523.6 0.313027267249171
523.4 0.334569900572462
523.2 0.355076830370594
523 0.368653962036758
522.8 0.373870141608918
522.6 0.372307170834589
522.4 0.362025459475746
522.2 0.341236065079843
522 0.316755799939741
521.8 0.293217083458873
521.6 0.263049864416993
521.4 0.240904639951793
521.2 0.221019132268756
521 0.198120668876168
520.8 0.180551370894848
520.6 0.169309279903585
520.4 0.162360650798433
520.2 0.152436727930099
520 0.142663452847243
519.8 0.137503766194637
519.6 0.135564175956613
519.4 0.128238927387767
519.2 0.12283443808376
519 0.119821482374209
518.8 0.113701416089183
518.6 0.114379331123833
518.4 0.111630009038867
518.2 0.113550768303706
518 0.1083910816511
517.8 0.10590539319072
517.6 0.106997589635432
517.4 0.102120367580597
517.2 0.10253464899066
517 0.101517776438686
516.8 0.102139198553781
516.6 0.101348297680024
516.4 0.0963204278397108
516.2 0.0973373003916842
516 0.0989755950587526
515.8 0.0988814401928292
515.6 0.0978645676408557
515.4 0.0949457667972281
515.2 0.0992392286833384
515 0.0974502862307924
514.8 0.0975256101235312
514.6 0.0972619764989455
514.4 0.0942678517625791
514.2 0.0956990057246159
514 0.0979963844531485
513.8 0.0982600180777343
513.6 0.0969606809279904
513.4 0.099258059656523
513.2 0.0997288339861404
513 0.102873606507984
512.8 0.100444410967159
512.6 0.102948930400723
512.4 0.101065833082254
512.2 0.104154112684544
512 0.10498267550467
511.8 0.10434242241639
511.6 0.104945013558301
511.4 0.11112157276288
511.2 0.108447574570654
511 0.11573516119313
510.8 0.116883850557397
510.6 0.113531937330521
510.4 0.120405242542935
510.2 0.121384453148539
510 0.125696746007834
509.8 0.12407728231395
509.6 0.127843476950889
509.4 0.127222054835794
509.2 0.134208345887315
509 0.133794064477252
508.8 0.133549261825851
508.6 0.13916089183489
508.4 0.137805061765592
508.2 0.135601837902983
508 0.133568092799036
507.8 0.133681078638144
507.6 0.130912925579994
507.4 0.130611630009039
507.2 0.131515516721904
507 0.127109068996686
506.8 0.12776815305815
506.6 0.126751280506177
506.4 0.123738324796625
506.2 0.119200060259114
506 0.119576679722808
505.8 0.117806568243447
505.6 0.111347544441097
505.4 0.113136486893643
505.2 0.110726122326002
505 0.113155317866827
504.8 0.111460530280205
504.6 0.110405995781862
504.4 0.112063121422115
504.2 0.112910515215426
504 0.110820277191925
503.8 0.112741036456764
503.6 0.119030581500452
503.4 0.120951340765291
503.2 0.118748116902682
503 0.123361705332932
502.8 0.131910967158783
502.6 0.134246007833685
502.4 0.141571256402531
502.2 0.14565757758361
502 0.151062066887617
501.8 0.158933413678819
501.6 0.167087225067792
501.4 0.176935824043387
501.2 0.183940946068093
501 0.195164206086171
500.8 0.207649141307623
500.6 0.220303555287737
500.4 0.230321633021995
500.2 0.245028623079241
500 0.261355076830371
499.8 0.280675655317867
499.6 0.302651401024405
499.4 0.328092045796927
499.2 0.352892437481169
499 0.38731545646279
498.8 0.423678065682434
498.6 0.457724465200362
498.4 0.489737119614342
498.2 0.515008285628201
498 0.526005573968063
497.8 0.527775685447424
497.6 0.504858391081651
497.4 0.473297680024104
497.2 0.434769508888219
497 0.383134980415788
496.8 0.337469870442905
496.6 0.293819674600783
496.4 0.256647333534197
496.2 0.223373003916842
496 0.19058827960229
495.8 0.166221000301296
495.6 0.144358240433866
495.4 0.125941548659235
495.2 0.111573516119313
495 0.0993522145224465
494.8 0.0879218137993372
494.6 0.0803517625790901
494.4 0.0705784874962338
494.2 0.0633662247664959
494 0.0610311840915939
493.8 0.0570955106959928
493.6 0.0499020789394396
493.4 0.0428969569147333
493.2 0.0436501958421211
493 0.0411456764085568
492.8 0.035778849050919
492.6 0.0328035552877373
492.4 0.0286230792407352
492.2 0.0298094305513709
492 0.0272107562518831
491.8 0.0279075022597168
491.6 0.0231056040976198
491.4 0.024141307622778
491.2 0.0241601385959626
491 0.0216932811087677
490.8 0.0177011147936125
490.6 0.0191887616752034
490.4 0.0159874962338054
490.2 0.0174186501958421
490 0.0167030732148238
489.8 0.0153849050918952
489.6 0.0167783971075625
489.4 0.0147634829768002
489.2 0.0112609219644471
489 0.0120894847845737
488.8 0.0123531184091594
488.6 0.0109972883398614
488.4 0.01231545646279
488.2 0.0108089786080145
488 0.0108089786080145
487.8 0.0093778246459777
487.6 0.00864341669177463
487.4 0.00950964145827056
487.2 0.0111667670985236
487 0.00730641759566134
486.8 0.00909536004820728
486.6 0.00630837601687255
486.4 0.00638369990961132
486.2 0.00709927689062972
486 0.00664733353419704
485.8 0.00574344682133173
485.6 0.00265516721904188
485.4 0.00615772823139501
485.2 0.00606357336547154
485 0.00595058752636337
484.8 0.00625188309731848
484.6 0.00497137692075926
484.4 0.00570578487496233
484.2 0.00463241940343477
484 0.00467008134980415
483.8 0.00316360349502861
483.6 0.00504670081349803
483.4 0.00563046098222356
483.2 0.00263633624585719
483 0.00468891232298885
482.8 0.00299412473636637
482.6 0.00655317866827357
482.4 0.00284347695088883
482.2 0.00312594154865924
482 0.00303178668273577
481.8 0.00459475745706538
481.6 0.00578110876770112
481.4 7.72069900572466E-4
481.2 0.00391684242241638
481 0.00169478758662248
480.8 0
480.6 0.00303178668273577
480.4 0.00203374510394696
480.2 0.00576227779451643
480 0.00412398312744802
