15 0.278390021539849
14.9 0.268872413965837
14.8 0.265967039022191
14.7 0.262911386064219
14.6 0.262660922707008
14.5 0.256825126483995
14.4 0.259505084406151
14.3 0.261258327906627
14.2 0.254921604969193
14.1 0.258678555327356
14 0.255522717026499
13.9 0.251239793618194
13.8 0.255147021990683
13.7 0.255347392676451
13.6 0.258628462655913
13.5 0.262109903321144
13.4 0.265441065972048
13.3 0.267469819165456
13.2 0.27102639883785
13.1 0.270926213494966
13 0.269824174723238
12.9 0.275935480639182
12.8 0.281595952512147
12.7 0.284701698141562
12.6 0.285878875920453
12.5 0.289861243300105
12.4 0.286379802634874
12.3 0.287005961027902
12.2 0.288283324149677
12.1 0.28257275960527
12 0.280518960076141
11.9 0.27588538796774
11.8 0.268672043280068
11.7 0.265215648950558
11.6 0.254370585583329
11.5 0.253569102840254
11.4 0.24214797375144
11.3 0.248910484396133
11.2 0.242648900465862
11.1 0.238791764764815
11 0.237639633321645
10.9 0.23959324750789
10.8 0.243425336873215
10.7 0.245679507088113
10.6 0.248760206381806
10.5 0.255347392676451
10.4 0.254270400240445
10.3 0.252692481090017
10.2 0.259204528377498
10.1 0.262059810649702
10 0.257225867855533
9.9 0.261884486299654
9.8 0.267695236186946
9.7 0.259154435706056
9.6 0.262685969042729
9.5 0.265215648950558
9.4 0.261308420578069
9.3 0.263587637128688
9.2 0.264163702850273
9.1 0.268446626258578
9 0.272504132645394
8.9 0.278239743525522
8.8 0.284125632419977
8.7 0.295621900515954
8.6 0.313805540249461
8.5 0.335545759655362
8.4 0.35791213745429
8.3 0.383359214546912
8.2 0.421354505835796
8.1 0.46072734558934
8 0.506336722937434
7.9 0.547663176877223
7.8 0.595326353754446
7.7 0.654009918348946
7.6 0.701447678204679
7.5 0.738891950107699
7.4 0.786379802634874
7.3 0.822145970044582
7.2 0.85698542303261
7.1 0.882457546460953
7 0.901041927565997
6.9 0.920202374392626
6.8 0.942593798527275
6.7 0.960451835896408
6.6 0.973551069478535
6.5 0.982317286980915
6.4 1
6.3 0.996268095977558
6.2 0.997770876120823
6.1 0.990933226468968
6 0.969643841106046
5.9 0.949481540850574
5.8 0.904423182888343
5.7 0.874592997044532
5.6 0.824350047588038
5.5 0.772704503331163
5.4 0.735560787456795
5.3 0.689650854080048
5.2 0.644542403446376
5.1 0.614937634624054
5 0.585808746180434
4.9 0.570555527726294
4.8 0.556930321094024
4.7 0.553749436457446
4.6 0.539873766467966
4.5 0.535966538095477
4.4 0.534213294595001
4.3 0.526448930521465
4.2 0.516806091268847
4.1 0.504959174472775
4 0.495692030255974
3.9 0.477057556479487
3.8 0.467615087912638
3.7 0.442719030205881
3.6 0.418298852877824
3.5 0.389195010769924
3.4 0.362220107198317
3.3 0.341581926564144
3.2 0.320417772879828
3.1 0.290537494364574
3 0.279141411611481
2.9 0.258578369984471
2.8 0.253193407804438
2.7 0.254871512297751
2.6 0.256424385112458
2.5 0.264940139257627
2.4 0.278865901918549
2.3 0.293242498622452
2.2 0.311125582327305
2.1 0.330386214496819
2 0.347342583779993
1.9 0.351926063216951
1.8 0.352602314281421
1.7 0.366728447628112
1.6 0.36760506937835
1.5 0.365851825877874
1.4 0.353554075038822
1.3 0.346240545008265
1.2 0.32740570054601
1.1 0.307193307619095
1 0.281595952512147
0.9 0.249711967139208
0.8 0.219781595952512
0.7 0.184816911285879
0.6 0.151580423784
0.5 0.120623152832741
0.4 0.0926714421680108
0.3 0.0645694534889546
0.2 0.0456594700195361
0.1 0.0326604217802935
0 0.0205129489555678
-0.1 0.014602013725392
-0.2 0.0101688123027601
-0.3 0.00726343735911436
-0.4 0.00505935981565897
-0.5 0.00393227470821019
-0.6 0.00325602364374092
-0.7 0.00275509692931924
-0.8 0.002980513950809
-0.9 0.00255472624355057
-1 0.00290537494364574
-1.1 0.00212893853629214
-1.2 0.00177828983619696
-1.3 8.7662175023794E-4
-1.4 0.00232930922206081
-1.5 7.76436407353604E-4
-1.6 0.00197866052196564
-1.7 8.51575414516856E-4
-1.8 0.00160296548614938
-1.9 0.00237940189350298
-2 0.0023543555577819
-2.1 0.0012523167860542
-2.2 0.00135250212893854
-2.3 0.00160296548614938
-2.4 0.00190352151480238
-2.5 8.7662175023794E-4
-2.6 0.0012523167860542
-2.7 0.00160296548614938
-2.8 0
-2.9 9.01668085959025E-4
-3 9.51760757401193E-4
