500 0.194295561782242
499.8 0.191622154160904
499.6 0.191661404907793
499.4 0.193837623318291
499.2 0.194151629293401
499 0.189677044148086
498.8 0.19233738127071
498.6 0.19330122261131
498.4 0.194439494271083
498.2 0.194954110813541
498 0.192769139486486
497.8 0.194195236873194
497.6 0.194408957190003
497.4 0.194469992101415
497.2 0.195555942515586
497 0.196811966416025
496.8 0.197522836692926
496.6 0.198473568284065
496.4 0.196476137025645
496.2 0.201617984868068
496 0.196886111076898
495.8 0.201565663622465
495.6 0.20068036302639
495.4 0.201059760745816
495.2 0.200518963955183
495 0.2009943690015
494.8 0.204042817509359
494.6 0.201945100592638
494.4 0.202717005780952
494.2 0.205608490552004
494 0.202123887744717
493.8 0.203445342640219
493.6 0.202289643648828
493.4 0.207187234093362
493.2 0.203310163067934
493 0.204827832447134
492.8 0.20681219320684
492.6 0.206358611575794
492.4 0.206716225130697
492.2 0.204596684798706
492 0.205024086181578
491.8 0.206101322929939
491.6 0.206703154631983
491.4 0.20632371766181
491.2 0.210104899112588
491 0.20991300221105
490.8 0.212590766665292
490.6 0.21403868746727
490.4 0.216075369472579
490.2 0.217566897854351
490 0.21635883836661
489.8 0.22392116201742
489.6 0.221631508948413
489.4 0.223175397826534
489.2 0.227213867923168
489 0.229185118933413
488.8 0.230602502654312
488.6 0.236572973014303
488.4 0.239516779030957
488.2 0.243507284714893
488 0.24374714602913
487.8 0.251366147758448
487.6 0.253180395781138
487.4 0.253049573041758
487.2 0.258906647993987
487 0.260481034702441
486.8 0.26080375434336
486.6 0.259656769017778
486.4 0.258557748104894
486.2 0.259020043401749
486 0.252709386818473
485.8 0.246185049169136
485.6 0.244174547412002
485.4 0.239861322087147
485.2 0.232477824839162
485 0.227593265642594
484.8 0.220262089640212
484.6 0.218962458159979
484.4 0.20957717282067
484.2 0.206990980358918
484 0.199018721907603
483.8 0.199938955668409
483.6 0.196018237812441
483.4 0.196397635531867
483.2 0.192747316071216
483 0.190139339444942
482.8 0.189930015211784
482.6 0.190662669653209
482.4 0.188294554341171
482.2 0.186292766249847
482 0.186497733650099
481.8 0.184753273455377
481.6 0.187042887273637
481.4 0.185276603663644
481.2 0.186406161657608
481 0.185908972446769
480.8 0.189110106360025
480.6 0.188272730925901
480.4 0.195215756292301
480.2 0.195821984077997
480 0.199921489086043
479.8 0.201003082667309
479.6 0.204875796859832
479.4 0.206402219155588
479.2 0.20941581300021
479 0.21357203533751
478.8 0.216563805766863
478.6 0.220994783332384
478.4 0.220462739458307
478.2 0.218997352073964
478 0.222028373250205
477.8 0.219206715557868
477.6 0.219154355061518
477.4 0.214213117786444
477.2 0.21292219997202
477 0.211360923013028
476.8 0.208002786112216
476.6 0.206519971396254
476.4 0.200776291851786
476.2 0.19987788150625
476 0.196323530121741
475.8 0.195726016001854
475.6 0.193227077950437
475.4 0.190693206734288
475.2 0.187854082459586
475 0.187801721963237
474.8 0.190379200759179
474.6 0.191264540606001
474.4 0.19447434893432
474.2 0.194478745017971
474 0.200143923068662
473.8 0.204256537826168
473.6 0.209960966623748
473.4 0.215477894603439
473.2 0.220467096291212
473 0.227056864935613
472.8 0.228552750150289
472.6 0.234728187910533
472.4 0.234139426707202
472.2 0.231692809901387
472 0.231823632640767
471.8 0.229904702876124
471.6 0.224174093830371
471.4 0.220371128215069
471.2 0.217989942404318
471 0.20913234410618
470.8 0.203593631961965
470.6 0.198377639458669
470.4 0.191561079998745
470.2 0.188172445267601
470 0.176920551409251
469.8 0.17143855659429
469.6 0.168407496167302
469.4 0.162873140855992
469.2 0.154944489984469
469 0.150195149610934
468.8 0.14552866756408
468.6 0.144298823911816
468.4 0.138511536787554
468.2 0.138572571698966
468 0.137962026331112
467.8 0.136269887381993
467.6 0.139039223828727
467.4 0.143051513677186
467.2 0.149545353496191
467 0.15956736445153
466.8 0.169471623166202
466.6 0.180160936069396
466.4 0.197518479860022
466.2 0.219176178476789
466 0.237000374397174
465.8 0.262325819806211
465.6 0.295357521354899
465.4 0.33162521148008
465.2 0.372777421551083
465 0.418639760499479
464.8 0.463071605977515
464.6 0.505479839948956
464.4 0.531865055523989
464.2 0.547927324667286
464 0.545628997183217
463.8 0.527342505965976
463.6 0.491279783241047
463.4 0.449002372008986
463.2 0.403480219283875
463 0.355092801286633
462.8 0.307730220290656
462.6 0.271410208919872
462.4 0.233973710053838
462.2 0.201382480386735
462 0.173143766042124
461.8 0.155568145101784
461.6 0.140051029582024
461.4 0.130281950439636
461.2 0.122087258005702
461 0.120874841685056
460.8 0.119514175293412
460.6 0.124887170784262
460.4 0.131817086401201
460.2 0.146475081573061
460 0.170535789415849
459.8 0.215552000013565
459.6 0.27899867356811
459.4 0.371695867220564
459.2 0.492474772230075
459 0.64218583452948
458.8 0.797897904269956
458.6 0.924237344838952
458.4 1
458.2 0.979471859377197
458 0.87996250234847
457.8 0.724717084737755
457.6 0.54848123120738
457.4 0.387064693418578
457.2 0.255984665392603
457 0.16494035994238
456.8 0.100726138032426
456.6 0.0639874389445801
456.4 0.0381560867338198
456.2 0.0264462818870418
456 0.0201966876907012
455.8 0.015787521765226
455.6 0.0131184709767928
455.4 0.00917158857294892
455.2 0.00897097408052595
455 0.00827318607756225
454.8 0.00509823633755488
454.6 0.00571752284674114
454.4 0.00703460520904042
454.2 0.00725702741643474
454 0.00408643843440672
453.8 0.0047493403735357
453.6 0.00462286661691084
453.4 0.0057393305617125
453.2 0.00340609346336037
453 0.00385965546903305
452.8 0.00134324691017532
452.6 0.00591377658118476
452.4 0.00327089426570218
452.2 8.46069474559922E-4
452 0.00319239277192473
451.8 0.00284785756588489
451.6 6.32372708198937E-4
451.4 0.00129527464732792
451.2 1.30822739380212E-5
451 0.00206284262811039
450.8 0.00302666826841115
450.6 0.00331886652854958
450.4 0
450.2 0.00299177827950176
450 0.00232887634037278
449.8 0.00116880089070306
449.6 0.00174011513704191
449.4 0.00209337185904043
449.2 0.0028173322600295
449 0.0019799803763536
448.8 5.01538193594741E-4
448.6 0.0040951599503654
448.4 0.00133452539421664
448.2 0.00183169890475738
448 0.00279988530303748
447.8 0.00185350661972875
447.6 6.97799778187688E-5
447.4 0.00336684271647165
447.2 0.0021631518368592
447 0.00366776249256877
446.8 0.0037549855023049
446.6 0.00389890621592177
446.4 6.14925751206914E-4
446.2 0.00124730238448051
446 0.00316622429897402
445.8 0.00522471009417974
445.6 0.00303975054234917
445.4 0.00355873176786127
445.2 0.00426088445387898
445 0.00583963977046131
