15 0.302865384113252
14.9 0.300658979072748
14.8 0.298746760606093
14.7 0.298334903992021
14.6 0.294628148572221
14.5 0.29248057855183
14.4 0.298187804968453
14.3 0.289097438689222
14.2 0.290686041598686
14.1 0.296805136102669
14 0.287008703688943
13.9 0.290568371558462
13.8 0.291656865323686
13.7 0.293892676400957
13.6 0.29212755695787
13.5 0.294333961998373
13.4 0.303247823217268
13.3 0.306866326106899
13.2 0.305336546744259
13.1 0.309690510331867
13 0.314956462624362
12.9 0.311573311288466
12.8 0.314809363600794
12.7 0.319486942745593
12.6 0.321840435336376
12.5 0.327047541135471
12.4 0.316986351131241
12.3 0.323517302249296
12.2 0.318163097426633
12.1 0.323752642329744
12 0.311279124714618
11.9 0.320251820953625
11.8 0.309837609355435
11.7 0.302512351046004
11.6 0.303777361344852
11.5 0.3031595706871
11.4 0.304365734492547
11.3 0.292156974467926
11.2 0.300482462539124
11.1 0.297511179290589
11 0.305307129234203
10.9 0.30351259228106
10.8 0.305248294214091
10.7 0.30092374813654
10.6 0.314662276050514
10.5 0.315721340832394
10.4 0.318810305594441
10.3 0.32231112697056
10.2 0.32495881760848
10.1 0.332313481954679
10 0.336667457015574
9.9 0.33466698601875
9.8 0.335402446716726
9.7 0.343257231680453
9.6 0.347052251103708
9.5 0.354024476345891
9.4 0.353906806305667
9.3 0.36764533421964
9.2 0.365232995135457
9.1 0.380471873428726
9 0.389974107795316
8.9 0.405889623239737
8.8 0.416715702925287
8.7 0.431248526557349
8.6 0.450164742760362
8.5 0.464521061332087
8.4 0.493057193415202
8.3 0.522799477830477
8.2 0.548952699812752
8.1 0.578753830721427
8 0.614732879680908
7.9 0.653712640872269
7.8 0.693104258677702
7.7 0.718669096038994
7.6 0.765738993747818
7.5 0.79792304623062
7.4 0.82972463666283
7.3 0.87408802018691
7.2 0.897975990635282
7.1 0.910861376337768
7 0.934984698339876
6.9 0.956931044284824
6.8 0.955077672311568
6.7 0.979083312800164
6.6 0.977671214951036
6.5 0.987320548341194
6.4 1
6.3 0.98770298744521
6.2 0.989526953381698
6.1 0.97805366552834
6 0.967904211520654
5.9 0.962402919147711
5.8 0.936014357084987
5.7 0.90909625689468
5.6 0.883502002023333
5.5 0.843110142982844
5.4 0.804336315835163
5.3 0.759325724143275
5.2 0.725994354348425
5.1 0.688338438476023
5 0.649858786428902
4.9 0.637444103833888
4.8 0.617262888805316
4.7 0.597993651008343
4.6 0.593522005907224
4.5 0.581224993352434
4.4 0.58481407873201
4.3 0.582048718053866
4.2 0.5690162448011
4.1 0.558219582625606
4 0.551982818081399
3.9 0.540391860187818
3.8 0.528036012612916
3.7 0.516592142269614
3.6 0.510325960215351
3.5 0.490056481183323
3.4 0.477847732631989
3.3 0.464550478842143
3.2 0.455548365093081
3.1 0.434955281977148
3 0.42480583944275
2.9 0.42536479508039
2.8 0.430454219365973
2.7 0.442221705266467
2.6 0.451518005589377
2.5 0.463138380993015
2.4 0.482790069367292
2.3 0.509325718980295
2.2 0.526270893169828
2.1 0.558955043323582
2 0.57139915490194
1.9 0.600170627065503
1.8 0.601347373360895
1.7 0.624676399644915
1.6 0.633178392776449
1.5 0.636561544112345
1.4 0.640827255169784
1.3 0.631413273333361
1.2 0.617968931993236
1.1 0.592109908058096
1 0.577547655442691
0.9 0.542568836244977
0.8 0.510237707685183
0.7 0.464050369697903
0.6 0.412803013461808
0.5 0.359260999655042
0.4 0.298629090565869
0.3 0.239703454426383
0.2 0.185102375837737
0.1 0.139709345041833
0 0.0974935315381442
-0.1 0.0663685576051674
-0.2 0.0448046599428656
-0.3 0.028271357282679
-0.4 0.0173276064095761
-0.5 0.0111202628174116
-0.6 0.00891386121889443
-0.7 0.00432454607755124
-0.8 0.00547187486288704
-0.9 0.00603083050052693
-1 0.00217698294113241
-1.1 0.00282419340359791
-1.2 0.00158860864610772
-1.3 0.00291244937575229
-1.4 0.00294186803313708
-1.5 0.00158860864610772
-1.6 4.70698518156723E-4
-1.7 0.00108849147056621
-1.8 7.06047777235082E-4
-1.9 0.00320663594960024
-2 5.29535832926314E-4
-2.1 0.00147093401656854
-2.2 0.00161802730349252
-2.3 0.00117674744272059
-2.4 8.23722406774264E-4
-2.5 0.00105907281318141
-2.6 0
-2.7 4.41279860771927E-4
-2.8 5.29535832926314E-4
-2.9 1.17674629539182E-4
-3 0.001117910127951
