15 0.329858023875488
14.9 0.318322975194134
14.8 0.317583549736037
14.7 0.31780536872218
14.6 0.314699787565699
14.5 0.310411114141215
14.4 0.299615490917957
14.3 0.307009745498922
14.2 0.308932263225022
14.1 0.309819568007213
14 0.304347831152347
13.9 0.303238678546392
13.8 0.295844423965427
13.7 0.295252877831425
13.6 0.299541551255909
13.5 0.305604834244776
13.4 0.292073357012897
13.3 0.297988760677669
13.2 0.318322975194134
13.1 0.299393671931814
13 0.30996747616893
12.9 0.316696244953846
12.8 0.318249035532086
12.7 0.32128067702652
12.6 0.327343988853009
12.5 0.324016559872764
12.4 0.320319432582281
12.3 0.330893236819396
12.2 0.334442455948162
12.1 0.327343988853009
12 0.341688860042654
11.9 0.330079842861631
11.8 0.332815725707874
11.7 0.328379172959295
11.6 0.336512852998357
11.5 0.333850938651783
11.4 0.326900322043102
11.3 0.321946162822569
11.2 0.314551908241604
11.1 0.312777269839599
11 0.318544794180276
10.9 0.322020102484616
10.8 0.310632933127357
10.7 0.319210279976325
10.6 0.319284219638373
10.5 0.327639747501199
10.4 0.331115055805539
10.3 0.338583250048552
10.2 0.346716930087613
10.1 0.356921036014491
10 0.341097313908653
9.9 0.366237808321556
9.8 0.372005332662233
9.7 0.37429754869857
9.6 0.383170654195729
9.5 0.398846496977472
9.4 0.394705702877083
9.3 0.40076898586595
9.2 0.403800656198006
9.1 0.42635314708876
9 0.426944693222762
8.9 0.438849440214354
8.8 0.446169755133271
8.7 0.457187226180293
8.6 0.476116529442613
8.5 0.492827556330643
8.4 0.516711018813496
8.3 0.540002963999969
8.2 0.571576439711977
8.1 0.580597453370852
8 0.613206142026768
7.9 0.651434475699266
7.8 0.682342494452847
7.7 0.716577942186673
7.6 0.741126890465575
7.5 0.773439791635679
7.4 0.818101135444904
7.3 0.840136048701326
7.2 0.876146105999535
7.1 0.897145806312049
7 0.907275943739258
6.9 0.945800036059946
6.8 0.929089009171916
6.7 0.970866590810802
6.6 0.971310257620709
6.5 0.971827864092663
6.4 0.984250217556209
6.3 1
6.2 0.9870600400645
6.1 0.992975443729272
6 0.990905046679078
5.9 0.977817207419483
5.8 0.969609558880752
5.7 0.933969228730402
5.6 0.924430637437195
5.5 0.889455764245272
5.4 0.856921015251404
5.3 0.810337182553701
5.2 0.772700366177583
5.1 0.743566985826007
5 0.712806846396521
4.9 0.683599526382898
4.8 0.667036378818962
4.7 0.642561370202108
4.6 0.635684693255475
4.5 0.61379768816077
4.4 0.61853002839516
4.3 0.611727291110575
4.2 0.59671693412488
4.1 0.586734676021766
4 0.598121845379026
3.9 0.580819272356994
3.8 0.567509614111257
3.7 0.552351377801467
3.6 0.542516999022448
3.5 0.521886997020172
3.4 0.516119472679494
3.3 0.503918967039713
3.2 0.485729060397868
3.1 0.462585023373112
3 0.452307006621808
2.9 0.462880810858923
2.8 0.44750072672537
2.7 0.450310549233661
2.6 0.45252882560795
2.5 0.471088430560032
2.4 0.483067146051293
2.3 0.518263809391736
2.2 0.529503099424901
2.1 0.557305537022001
2 0.573129259127839
1.9 0.590579711473966
1.8 0.6046287951778
1.7 0.634649509149189
1.6 0.641156458947962
1.5 0.64721974193683
1.4 0.638568455425814
1.3 0.641304338272057
1.2 0.623040520805787
1.1 0.618012421923206
1 0.603519671409466
0.9 0.564773731265013
0.8 0.539707176514157
0.7 0.511978707416727
0.6 0.483510784023578
0.5 0.417332133429885
0.4 0.366163839821887
0.3 0.310041415830977
0.2 0.253327413984682
0.1 0.189440990962375
0 0.137311444258851
-0.1 0.100266191319307
-0.2 0.0732031935991147
-0.3 0.0480627020699735
-0.4 0.0282460796066515
-0.5 0.0192990237775257
-0.6 0.0130139013278048
-0.7 0.00939071283424098
-0.8 0.0073203195329372
-0.9 0.00554569670324825
-1 0.00473232783421343
-1.1 0.00458444245421791
-1.2 0.00280981962452895
-1.3 0.00258799169872378
-1.4 0.00229222122710895
-1.5 0.00310559009614378
-1.6 0.00236616406129482
-1.7 0.0017006802838793
-1.8 0.00103519679484
-1.9 0.00280981962452895
-2 0.00155279519226
-2.1 0.00229222122710895
-2.2 0.00236616406129482
-2.3 0.00199645075549413
-2.4 0.00192250820968447
-2.5 0.00207039358968
-2.6 6.65483777415521E-4
-2.7 0.00147885264645034
-2.8 0.00155279519226
-2.9 0.00177462311806517
-3 0
