500 0.372133820017099
499.8 0.376146473918212
499.6 0.377190236725096
499.4 0.382203994296612
499.2 0.373066391861746
499 0.373365852839685
498.8 0.376762490329505
498.6 0.379799759245386
498.4 0.375076992426155
498.2 0.379286463570676
498 0.376634127909802
497.8 0.375564646417745
497.6 0.378430893777441
497.4 0.374435334331742
497.2 0.383205020964964
497 0.381733357758384
496.8 0.381143060032262
496.6 0.381279969679672
496.4 0.380090672995619
496.2 0.381442521010202
496 0.379517469724911
495.8 0.380578326987209
495.6 0.37422142263292
495.4 0.382032818736324
495.2 0.38228954357573
495 0.384120421352145
494.8 0.376463029351565
494.6 0.380107767451033
494.4 0.383872320742497
494.2 0.385857279623786
494 0.384146140037317
493.8 0.384864800183142
493.6 0.380458588797264
493.4 0.384702248852612
493.2 0.383530123626024
493 0.382897012759317
492.8 0.388201530076963
492.6 0.387748141998251
492.4 0.388928814452546
492.2 0.391709435531072
492 0.390699861635014
491.8 0.395379892315711
491.6 0.398143418938824
491.4 0.399871652980707
491.2 0.398785077033237
491 0.402883280213468
490.8 0.411362053096456
490.6 0.41806123156927
490.4 0.413560923676568
490.2 0.426925014709317
490 0.430415825708013
489.8 0.437585563717003
489.6 0.442701888020999
489.4 0.452746420617392
489.2 0.46244867909526
489 0.46996916144843
488.8 0.485326835592227
488.6 0.494541363076454
488.4 0.509565387331484
488.2 0.523365848989583
488 0.538295699735737
487.8 0.555544159251947
487.6 0.563483917775053
487.4 0.58649898391943
487.2 0.594695390279892
487 0.608846673284223
486.8 0.608898033652514
486.6 0.621851472745085
486.4 0.617368259307796
486.2 0.617924368123091
486 0.608658403268521
485.8 0.601719671413766
485.6 0.581724856731908
485.4 0.561558866489762
485.2 0.541812075415501
485 0.516675217744476
484.8 0.503293955254262
484.6 0.472852503263539
484.4 0.452729249159927
484.2 0.431639311302892
484 0.413278557154041
483.8 0.396483562718594
483.6 0.377506869160501
483.4 0.367855894048873
483.2 0.358803917895177
483 0.352284385208306
482.8 0.345474015773254
482.6 0.338971577541797
482.4 0.336935335294268
482.2 0.330509899114222
482 0.328225556257044
481.8 0.330030792350339
481.6 0.32432409331817
481.4 0.322339134436881
481.2 0.321013005107469
481 0.323810720641409
480.8 0.318608847058294
480.6 0.323169062546995
480.4 0.324897296588878
480.2 0.327412722602343
480 0.327857640455399
479.8 0.330064981261166
479.6 0.335882948257624
479.4 0.333743985273512
479.2 0.345345653353551
479 0.349101659417308
478.8 0.346509231352432
478.6 0.349221397607254
478.4 0.358761104754592
478.2 0.353790237325713
478 0.354294985772716
477.8 0.350898348282897
477.6 0.351018163474893
477.4 0.353533512486306
477.2 0.352190288701481
477 0.349238492062667
476.8 0.347963723101547
476.6 0.34189765549544
476.4 0.333889442148628
476.2 0.343343600016848
476 0.331476736871747
475.8 0.329029765681988
475.6 0.328713210248634
475.4 0.326505792440816
475.2 0.316290238288238
475 0.315716958015479
474.8 0.313483898524541
474.6 0.313021886216071
474.4 0.317094447713181
474.2 0.313269986825719
474 0.321201198121119
473.8 0.314972579184482
473.6 0.327113261624403
473.4 0.325889776029523
473.2 0.33151947301028
473 0.337713903036091
472.8 0.341949015863732
472.6 0.338261464623679
472.4 0.34985450847396
472.2 0.347672809351314
472 0.343369241699968
471.8 0.343403507612846
471.6 0.340879534371675
471.4 0.343163954230905
471.2 0.335711849699388
471 0.334274452405687
470.8 0.33456536615592
470.6 0.325376480354813
470.4 0.321124196069707
470.2 0.322955150848174
470 0.312499966311602
469.8 0.312414417032484
469.6 0.314561927244304
469.4 0.313697810223362
469.2 0.311986670636892
469 0.311601660379834
468.8 0.314442189054359
468.6 0.318052661240948
468.4 0.318617394286001
468.2 0.319045140681593
468 0.337628353756972
467.8 0.344575632839434
467.6 0.356202942602594
467.4 0.36612766000699
467.2 0.385010257058258
467 0.409984563398754
466.8 0.432837078212601
466.6 0.46386035770379
466.4 0.495268647452037
466.2 0.533598574599626
466 0.578336766469795
465.8 0.616991796278445
465.6 0.668565999266786
465.4 0.718009940502825
465.2 0.773511248113161
465 0.826351826839019
464.8 0.886182420785872
464.6 0.935420920548744
464.4 0.976163552973215
464.2 1
464 0.995550975473537
463.8 0.987525667671312
463.6 0.950068404772372
463.4 0.921030084162472
463.2 0.853225542781685
463 0.796654676677241
462.8 0.721560582095468
462.6 0.649606400164107
462.4 0.578302500556917
462.2 0.508256352457486
462 0.446851451569521
461.8 0.385788824800082
461.6 0.340725530268852
461.4 0.308051018787191
461.2 0.275470526810305
461 0.257811415353917
460.8 0.246141369452224
460.6 0.23761978342865
460.4 0.235361082254592
460.2 0.243129665217411
460 0.263501019930672
459.8 0.293180998634985
459.6 0.341863466584613
459.4 0.401933613913408
459.2 0.498066362985976
459 0.59725355243189
458.8 0.713620823572361
458.6 0.827857601954374
458.4 0.905355931587373
458.2 0.939014375281972
458 0.89656052626898
457.8 0.805646822236991
457.6 0.702164612367438
457.4 0.590622828782781
457.2 0.474264181872069
457 0.362679662148879
456.8 0.260626302345321
456.6 0.178781668922442
456.4 0.111918200412777
456.2 0.0727498287281871
456 0.0479038309059592
455.8 0.0382015724280911
455.6 0.0275752893332831
455.4 0.0248374428943161
455.2 0.0197125251613828
455 0.0191735108015013
454.8 0.0175564677218566
454.6 0.0166923353005047
454.4 0.0159650894259474
454.2 0.0138090319864212
454 0.0155458594572418
453.8 0.0111481875988658
453.6 0.00972792326160363
453.4 0.00765742280140088
453.2 0.00687029243146068
453 0.0110284032076899
452.8 0.00923169124148636
452.6 0.008735451521164
452.4 0.0067676255963135
452.2 0.0117984237218064
452 0.00531314154740396
451.8 0.00485968416684589
451.6 0.00918035397381023
451.4 0.00720397312104789
451.2 0.00935146793245721
451 0.00604894234987312
450.8 0.00227584183070219
450.6 0.00624572109225562
450.4 0.00730663995619507
450.2 0.00841888838760555
450 0.00538158867090377
449.8 0.00242984593352549
449.6 4.96232020117272E-4
449.4 0.00703285146219582
449.2 0.00563825960887425
449 0.00352498450911229
448.8 0.00416666570414103
448.6 0.00596337767034454
448.4 0.00239561852167304
448.2 0.00589493824704981
448 0.00200205333670294
447.8 0
447.6 0.00178815703829167
447.4 0.0036789886119356
447.2 0.00348220216934801
447 0.00408110872481754
446.8 0.00158282336799732
446.6 0.00436345214672862
446.4 0.00397844188967036
446.2 0.00428645009531697
446 0.00654517436999039
445.8 0.00704140639010766
445.6 0.00587782069102105
445.4 0.00615160918502029
445.2 0.00360198656052395
445 0.00804243305845913
