500 0.380354038270338
499.8 0.389208951517433
499.6 0.378754506598158
499.4 0.382058104041801
499.2 0.37656945224386
499 0.380364482271257
498.8 0.391707514079478
498.6 0.387870708048408
498.4 0.382392594341483
498.2 0.387274835455471
498 0.383051225030029
497.8 0.383772613814182
497.6 0.388518894736034
497.4 0.391550759975604
497.2 0.384002570014583
497 0.382078992043638
496.8 0.388247068441862
496.6 0.382612200631064
496.4 0.385163077287799
496.2 0.376987682731086
496 0.381733963652938
495.8 0.381692187649265
495.6 0.377113104832205
495.4 0.384755290801491
495.2 0.379392155194767
495 0.383563545615618
494.8 0.387494347654953
494.6 0.388435248638589
494.4 0.383218517224919
494.2 0.385863483980018
494 0.38819484843727
493.8 0.388268050533797
493.6 0.394979779520366
493.4 0.390620302992886
493.2 0.390933905290732
493 0.385006229093827
492.8 0.394143412636012
492.6 0.390442566797078
492.4 0.393233843655131
492.2 0.394310704830903
492 0.395282937817293
491.8 0.401921558797434
491.6 0.4002906010324
491.4 0.404932441945068
491.2 0.410170061360575
491 0.403395574278398
490.8 0.413724597096554
490.6 0.422391330146922
490.4 0.427838111851091
490.2 0.432992179259251
490 0.439651688241228
489.8 0.451799754931048
489.6 0.455647004963036
489.4 0.470408706405199
489.2 0.475259521426333
489 0.489644862475042
488.8 0.501458438865179
488.6 0.507501093162285
488.4 0.529601822276807
488.2 0.535289004182295
488 0.5557693136228
487.8 0.565596459856285
487.6 0.589223518546461
487.4 0.603431123399361
487.2 0.622374659263294
487 0.637951745497876
486.8 0.641506281233855
486.6 0.643126700907872
486.4 0.655860290279809
486.2 0.646325764252234
486 0.644119915986198
485.8 0.633550492966723
485.6 0.624204147135875
485.4 0.607978874213667
485.2 0.584916356113672
485 0.558999708969917
484.8 0.534086720905406
484.6 0.50815972385083
484.4 0.481093107524875
484.2 0.454821082079601
484 0.429301777421235
483.8 0.409981881163848
483.6 0.391749384173249
483.4 0.375649533352159
483.2 0.364912724047695
483 0.353966940634765
482.8 0.343888856108944
482.6 0.340501612567855
482.4 0.332232127912779
482.2 0.32993218954838
482 0.324715364044611
481.8 0.320554511714777
481.6 0.316738593685544
481.4 0.315055510006016
481.2 0.315557292500589
481 0.319373116439724
480.8 0.315295910207335
480.6 0.310183712892947
480.4 0.311919110667165
480.2 0.317554072568061
480 0.31773180876387
479.8 0.319760014924195
479.6 0.324014957352393
479.4 0.320857670011704
479.2 0.326973526405337
479 0.326868992306055
478.8 0.337511617422057
478.6 0.336842542732594
478.4 0.335357989160614
478.2 0.334835318664204
478 0.336560272437503
477.8 0.329838099450016
477.6 0.340762994861109
477.4 0.331855767519325
477.2 0.333748013487514
477 0.332692134403678
476.8 0.33605848994293
476.6 0.332378532105833
476.4 0.322614049877857
476.2 0.322195819390631
476 0.319017738138205
475.8 0.315714140694561
475.6 0.317062734074406
475.4 0.307141403652459
475.2 0.30220694253388
475 0.306702379253495
474.8 0.300973327254235
474.6 0.306378238864632
474.4 0.29722016732061
474.2 0.294658846662957
474 0.299812914071117
473.8 0.298861474996464
473.6 0.307946438534058
473.4 0.307601410143359
473.2 0.305594186074968
473 0.313884558731882
472.8 0.311939998669001
472.6 0.312389561158983
472.4 0.320115393225714
472.2 0.320345443516213
472 0.320617269810385
471.8 0.315295910207335
471.6 0.315599068504263
471.4 0.314396879317471
471.2 0.317303134275725
471 0.315661826599871
470.8 0.311595064368401
470.6 0.308040528632421
470.4 0.309410104104202
470.2 0.311825020568801
470 0.310758697484047
469.8 0.309765482405721
469.6 0.314145941025135
469.4 0.3127450335506
469.2 0.310309134994066
469 0.314710481615317
468.8 0.325928091322419
468.6 0.327789005287854
468.4 0.331385317027507
468.2 0.339226127194439
468 0.348509714929678
467.8 0.365487802728893
467.6 0.379935807783112
467.4 0.398293820964928
467.2 0.414027755393482
467 0.433703124042486
466.8 0.46239006595236
466.6 0.49000033486666
466.4 0.519837340048832
466.2 0.56293060509935
466 0.604413894476769
465.8 0.634303213753631
465.6 0.685028220772517
465.4 0.732209136056343
465.2 0.777037892971177
465 0.83499739356314
464.8 0.881843724457184
464.6 0.932809225767488
464.4 0.959844416000589
464.2 0.983440142688011
464 1
463.8 0.985175634552327
463.6 0.966943043471629
463.4 0.925501530097884
463.2 0.877181089632777
463 0.813607515141755
462.8 0.752689445496847
462.6 0.686293168054917
462.4 0.617471530147469
462.2 0.546517151980414
462 0.477768622079395
461.8 0.423572725421975
461.6 0.368289523587865
461.4 0.326471743910764
461.2 0.300837367062099
461 0.264989077221616
460.8 0.251419196237405
460.6 0.240755654892536
460.4 0.232172549121594
460.2 0.224509428105422
460 0.23752523131839
459.8 0.250603754990927
459.6 0.282468928697385
459.4 0.319948195120922
459.2 0.382361262338728
459 0.460173773685406
458.8 0.544614367921208
458.6 0.628793673953854
458.4 0.693109525230867
458.2 0.707881670673948
458 0.691269499267269
457.8 0.633414532774587
457.6 0.552110243787539
457.4 0.458354729813743
457.2 0.389480777811605
457 0.305782366271695
456.8 0.2408497449909
456.6 0.17095125531669
456.4 0.119828971675484
456.2 0.0764429829199467
456 0.0515509204933117
455.8 0.0378869494107367
455.6 0.023397074262746
455.4 0.0251534164928595
455.2 0.0205011880333315
455 0.0197066536067101
454.8 0.015106692196823
454.6 0.0157548694754399
454.4 0.015336686033263
454.2 0.00876083255774082
454 0.00613676321348888
453.8 0.0141239681644647
453.6 0.0124721694426429
453.4 0.0133085269179869
453.2 0.009555376393372
453 0.0108830911803903
452.8 0.00998400383646731
452.6 0.0129844335741736
452.4 0.00807084163941118
452.2 0.00369042065603589
452 0.00536313560672386
451.8 0.00331406026258158
451.6 0.00861447540973624
451.4 0.00354406350803131
451.2 0.00226861577065404
451 0.00815447832784656
450.8 0.00632494341021603
450.6 0.00359633055767231
450.4 0.00660721370530676
450.2 0.00695221386897646
450 0.00409815068828456
449.8 0.00840537898414291
449.6 0.00554086239352281
449.4 0.00355451691795951
449.2 0.0048195018363988
449 0.00228952259051044
448.8 0.00538404242658026
448.6 0.00471495832810703
448.4 0.0028122495409791
448.2 0.00238361268887402
448 4.07720623238908E-4
447.8 0.00280179613105089
447.6 0.00263452275418014
447.4 0.00619949308206785
447.2 0.00303178996749085
447 0
446.8 0.00195498524577871
446.6 0.00839492557421471
446.4 0.00311542665592623
446.2 0.00597995265555609
446 0.0063981266887232
445.8 5.64540590181459E-4
445.6 0.00839492557421471
445.4 0.00392042390148561
445.2 0.00718220770541642
445 0.0044117812131599
