500 0.392873254531251
499.8 0.398702717734607
499.6 0.396513256023923
499.4 0.398907984773267
499.2 0.405147982053944
499 0.405832184989853
498.8 0.395322726904933
498.6 0.397539566585674
498.4 0.409417442858186
498.2 0.40026272013372
498 0.408213243227832
497.8 0.402753240988824
497.6 0.407652185736189
497.4 0.399099568984787
497.2 0.394296416343183
497 0.401152190108289
496.8 0.398620620771763
496.6 0.394159563440225
496.4 0.396677462265386
496.2 0.405189030535366
496 0.395076411384851
495.8 0.394706938104728
495.6 0.396595352986767
495.4 0.395281678423512
495.2 0.393365885571416
495 0.402356402054419
494.8 0.397320616719873
494.6 0.39265430466545
494.4 0.395746931493619
494.2 0.393283776292796
494 0.40365640610631
493.8 0.401439566425569
493.6 0.399195348774771
493.4 0.402616400401642
493.2 0.397265885411311
493 0.405996403547091
492.8 0.411100603017341
492.6 0.406420608135777
492.4 0.412359546272033
492.2 0.40796692770775
492 0.414001657949766
491.8 0.418886907554214
491.6 0.415178491925839
491.4 0.42051532408903
491.2 0.430190055823718
491 0.429410060782049
490.8 0.430162690169437
490.6 0.441438460468884
490.4 0.454547926657583
490.2 0.452864766498429
490 0.471995267786228
489.8 0.475224747517355
489.6 0.481875266559577
489.4 0.500253138459989
489.2 0.503605763635381
489 0.52411837825369
488.8 0.533273100978156
488.6 0.54879097874334
488.4 0.563049937885384
488.2 0.576542486286691
488 0.602419286406696
487.8 0.61203938535903
487.6 0.634809777297517
487.4 0.644990859846839
487.2 0.662342433501275
487 0.682430818899347
486.8 0.690258233496521
486.6 0.695294031146844
486.4 0.700986629131466
486.2 0.692748729720074
486 0.687712932069751
485.8 0.678051944741084
485.6 0.668856124272092
485.4 0.648411936105261
485.2 0.618717245423981
485 0.596288862585128
484.8 0.557630971812021
484.6 0.526170999377191
484.4 0.504946816168693
484.2 0.47362369663682
484 0.448595293378411
483.8 0.423293221261414
483.6 0.402821667440303
483.4 0.388713256344133
483.2 0.372689064711644
483 0.358197497508211
482.8 0.350260669557015
482.6 0.34203646528854
482.4 0.327243851256462
482.2 0.330391221708969
482 0.325629117548786
481.8 0.318171225494839
481.6 0.316022812265577
481.4 0.310124922610743
481.2 0.308318604691547
481 0.316693332374345
480.8 0.301093357646317
480.6 0.309221769809033
480.4 0.305198612209097
480.2 0.3119859718385
480 0.313340707198953
479.8 0.305102820103337
479.6 0.314695442559406
479.4 0.311794399942756
479.2 0.310398603785106
479 0.313696497651936
478.8 0.318978598506564
478.6 0.320141749655497
478.4 0.31969017941253
478.2 0.316159652852759
478 0.322919646827881
477.8 0.324985963094299
477.6 0.32620385786757
477.4 0.322221748749056
477.2 0.322673331307799
477 0.319731227893952
476.8 0.316994391518766
476.6 0.318992281333705
476.4 0.313669131997655
476.2 0.313162818130349
476 0.313833338239118
475.8 0.305267038660576
475.6 0.303091247461257
475.4 0.305677560422121
475.2 0.29062494804282
475 0.296618617487638
474.8 0.293512307832329
474.6 0.290925994871465
474.4 0.285397578496754
474.2 0.280963899135272
474 0.279143910704712
473.8 0.284686009906564
473.6 0.283509163614715
473.4 0.289461784578111
473.2 0.292130206817595
473 0.294401777806898
472.8 0.289188103403748
472.6 0.295222833645764
472.4 0.293252309485106
472.2 0.298507044685453
472 0.295003883779963
471.8 0.294784946229938
471.6 0.297097565700662
471.4 0.300764932847616
471.2 0.295961780206011
471 0.2970428343921
470.8 0.301531245062144
470.6 0.300477568846112
470.4 0.302584933593952
470.2 0.295072310231442
470 0.30575966970074
469.8 0.313545974237613
469.6 0.322016494026171
469.4 0.32279648906784
469.2 0.317897544320475
469 0.335413311900599
468.8 0.335139630726236
468.6 0.352395399959136
468.4 0.356404874731932
468.2 0.36891222263179
468 0.384594318954213
467.8 0.402903764403146
467.6 0.419447965045857
467.4 0.433501632517688
467.2 0.457312128687051
467 0.482846845812765
466.8 0.509448921981653
466.6 0.544206775967537
466.4 0.577390920095615
466.2 0.620961426127451
466 0.641241445000146
465.8 0.694199281817838
465.6 0.731365461169775
465.4 0.774046521858594
465.2 0.820189670339929
465 0.86536110409454
464.8 0.898983172585772
464.6 0.945153662089837
464.4 0.970592636372896
464.2 1
464 0.99344517453733
463.8 0.987752576552709
463.6 0.952132642878089
463.4 0.912544319859423
463.2 0.866866461395523
463 0.813224360063042
462.8 0.746253879623389
462.6 0.678653939872165
462.4 0.619606690766998
462.2 0.542113094046837
462 0.476565800050667
461.8 0.423471110330017
461.6 0.370239592337962
461.4 0.327312277707941
461.2 0.293265992312246
461 0.258426029047743
460.8 0.24623341080367
460.6 0.223914490581941
460.4 0.214787133511756
460.2 0.19691557547865
460 0.206289248068917
459.8 0.201157670628611
459.6 0.2258850147426
459.4 0.243729207121425
459.2 0.281607065905535
459 0.332662792698272
458.8 0.386318527594789
458.6 0.452673194602685
458.4 0.485036307523449
458.2 0.493643667899189
458 0.464633180153817
457.8 0.41438481405703
457.6 0.351191200328782
457.4 0.298753360205536
457.2 0.244618677095994
457 0.195560840118197
456.8 0.155602982240528
456.6 0.112620923986168
456.4 0.0793820239179759
456.2 0.0571999319676534
456 0.0403820624663548
455.8 0.0334989107311913
455.6 0.0294620703041147
455.4 0.0308715492889055
455.2 0.0273410227291341
455 0.02063577237835
454.8 0.0180905078989077
454.6 0.0217715578730014
454.4 0.015586304216663
454.2 0.0163526164311911
454 0.0180494594174859
453.8 0.00930525845456466
453.6 0.0113852452323476
453.4 0.012521043042775
453.2 0.0115905122710082
453 0.00766314677683212
452.8 0.0108652485379019
452.6 0.0159831431510676
452.4 0.0104684096034973
452.2 0.0134652443259065
452 0.00796420592125265
451.8 0.0110157719522242
451.6 0.00519999157600923
451.4 0.00405052325421719
451.2 0.00533683216319096
451 0.00585684117341262
450.8 0.00685578608088235
450.6 0.00681472528368469
450.4 0.00450210581296003
450.2 0.00669156752364355
450 0.00662315338794064
449.8 0.00613052234777607
449.6 0.00707472363090756
449.4 0.00311999248245036
449.2 0.00864840885716128
449 0.00327052821254858
448.8 0.00485788395016696
448.6 0.00719788139094871
448.4 0.00819683861419436
448.2 0.00825156992275669
448 0.00584314603049612
447.8 0.00291473775956573
447.6 0.00628104576209837
447.4 6.29471627346304E-4
447.2 0.00217579119931886
447 0.00513157744030633
446.8 0
446.6 0.0087168353086401
446.4 0.00333894234825148
446.2 0.0049947368531246
446 0.00667788469650297
445.8 0.00595262096339668
445.6 0.00778630453687327
445.4 0.0130136740829396
445.2 0.00914103989732586
445 0.0102494597376962
