15 0.330948795180723
14.9 0.330028447121821
14.8 0.330572289156627
14.7 0.327727576974565
14.6 0.333040495314592
14.5 0.322581994645248
14.4 0.325803212851406
14.3 0.323460508701473
14.2 0.318063922356091
14.1 0.328773427041499
14 0.317478246318608
13.9 0.317143574297189
13.8 0.314298862115127
13.7 0.321243306559572
13.6 0.32605421686747
13.5 0.31856593038822
13.4 0.328647925033467
13.3 0.331367135207497
13.2 0.327183734939759
13.1 0.32923360107095
13 0.335090361445783
12.9 0.335801539491299
12.8 0.337098393574297
12.7 0.342578647925033
12.6 0.340528781793842
12.5 0.347347724230254
12.4 0.346887550200803
12.3 0.356091030789826
12.2 0.35475234270415
12.1 0.357764390896921
12 0.361738621151272
11.9 0.356593038821954
11.8 0.360107095046854
11.7 0.351572958500669
11.6 0.354710508701473
11.5 0.347515060240964
11.4 0.341449129852744
11.3 0.350025100401606
11.2 0.34630187416332
11.1 0.356425702811245
11 0.352535140562249
10.9 0.354794176706827
10.8 0.357638888888889
10.7 0.362156961178046
10.6 0.36910140562249
10.5 0.37658969210174
10.4 0.376422356091031
10.3 0.391859103078983
10.2 0.399682061579652
10.1 0.40449297188755
10 0.411897590361446
9.9 0.414825970548862
9.8 0.439131526104418
9.7 0.434236947791165
9.6 0.443984270414993
9.5 0.454861111111111
9.4 0.466532797858099
9.3 0.476447456492637
9.2 0.47879016064257
9.1 0.496151271753681
9 0.509914658634538
8.9 0.517737617135208
8.8 0.532379518072289
8.7 0.556099397590361
8.6 0.573293172690763
8.5 0.597180388219545
8.4 0.623201137884873
8.3 0.635918674698795
8.2 0.670264390896921
8.1 0.693482262382865
8 0.718498995983936
7.9 0.748703145917001
7.8 0.774765729585007
7.7 0.812625502008032
7.6 0.831618139223561
7.5 0.870649263721553
7.4 0.88504016064257
7.3 0.902443105756359
7.2 0.909136546184739
7.1 0.943900602409638
7 0.952392904953146
6.9 0.977576974564926
6.8 0.970256024096385
6.7 0.971343708165997
6.6 0.996193105756359
6.5 1
6.4 0.990545515394913
6.3 0.995607429718876
6.2 0.996527777777778
6.1 0.986487617135208
6 0.987617135207497
5.9 0.963353413654618
5.8 0.93335843373494
5.7 0.917168674698795
5.6 0.894703815261044
5.5 0.860525435073628
5.4 0.829861111111111
5.3 0.795180722891566
5.2 0.762843038821954
5.1 0.740169009370817
5 0.728455488621151
4.9 0.68478078982597
4.8 0.682981927710843
4.7 0.657881526104418
4.6 0.660266064257028
4.5 0.651857429718875
4.4 0.637926706827309
4.3 0.638428714859438
4.2 0.626464190093708
4.1 0.624456157965194
4 0.602451472556894
3.9 0.610567269076305
3.8 0.593247991967871
3.7 0.572163654618474
3.6 0.578564257028112
3.5 0.577100066934404
3.4 0.550995649263721
3.3 0.549615127175368
3.2 0.540829986613119
3.1 0.535266064257028
3 0.527945113788487
2.9 0.535224230254351
2.8 0.547146921017403
2.7 0.553129183400268
2.6 0.564508032128514
2.5 0.590988955823293
2.4 0.603831994645248
2.3 0.63265562248996
2.2 0.653279785809906
2.1 0.670264390896921
2 0.6875
1.9 0.715445113788487
1.8 0.73979250334672
1.7 0.740629183400268
1.6 0.764390896921017
1.5 0.763847054886211
1.4 0.783048862115127
1.3 0.794093038821954
1.2 0.797941767068273
1.1 0.779534805890228
1 0.776773761713521
0.9 0.752049866131191
0.8 0.739206827309237
0.7 0.70009203480589
0.6 0.671519410977242
0.5 0.607387884872825
0.4 0.536939424364123
0.3 0.453020414993306
0.2 0.361403949129853
0.1 0.278196117804552
0 0.201807228915663
-0.1 0.143114123159304
-0.2 0.0950050200803213
-0.3 0.0604919678714859
-0.4 0.0381944444444444
-0.5 0.0265227576974565
-0.6 0.0159387550200803
-0.7 0.0119645247657296
-0.8 0.00782295850066934
-0.9 0.00794846050870148
-1 0.00548025435073628
-1.1 0.0033467202141901
-1.2 0.00660977242302544
-1.3 0.00585676037483267
-1.4 0.00167336010709505
-1.5 0.00225903614457831
-1.6 0.00338855421686747
-1.7 0.00121318607764391
-1.8 0.00317938420348059
-1.9 0.00213353413654619
-2 0.00288654618473896
-2.1 7.94846050870147E-4
-2.2 7.94846050870147E-4
-2.3 2.92838018741634E-4
-2.4 0
-2.5 4.18340026773762E-4
-2.6 0.00209170013386881
-2.7 0.00204986613119143
-2.8 9.62182061579654E-4
-2.9 8.36680053547526E-4
-3 0.00142235609103079
