14 0.335712641031545
13.9 0.350021380875629
13.8 0.339561198644781
13.7 0.34837669813493
13.6 0.34169928620769
13.5 0.334660044077497
13.4 0.346172823262393
13.3 0.333475872504194
13.2 0.347422782145324
13.1 0.344034735699484
13 0.343968948389856
12.9 0.347324101180882
12.8 0.347324101180882
12.7 0.357652708792474
12.6 0.352981809808888
12.5 0.355218578336239
12.4 0.354462024275517
12.3 0.356172494325845
12.2 0.367389230617414
12.1 0.360251307522779
12 0.358343475543568
11.9 0.36199467122792
11.8 0.363705141278247
11.7 0.35761981513766
11.6 0.362784118943456
11.5 0.359264497878359
11.4 0.354692279859215
11.3 0.357225091279892
11.2 0.35225814940298
11.1 0.361369691786454
11 0.356435643564356
10.9 0.360711818690175
10.8 0.366402420972994
10.7 0.365612973257459
10.6 0.375152133153515
10.5 0.373310088483931
10.4 0.38633597579027
10.3 0.388835893556133
10.2 0.395875135686326
10.1 0.407091871977895
10 0.418111246340581
9.9 0.425643893292984
9.8 0.425578105983356
9.7 0.431202920956547
9.6 0.447123449886517
9.5 0.452583796585639
9.4 0.461432189730601
9.3 0.46761619683563
9.2 0.481990723989342
9.1 0.493470609519424
9 0.500345383375547
8.9 0.512844972204862
8.8 0.537153383112398
8.7 0.546429393769942
8.6 0.568007631327917
8.5 0.589914805434032
8.4 0.604223545278116
8.3 0.629387191210815
8.2 0.66234663333443
8.1 0.68083286733989
8 0.706588599059242
7.9 0.729153646261636
7.8 0.759448702345318
7.7 0.783921581526923
7.6 0.814611361468373
7.5 0.837307983290023
7.4 0.853820598006645
7.3 0.872010789118779
7.2 0.900990099009901
7.1 0.916713266010986
7 0.933949541133515
6.9 0.948554323870925
6.8 0.972139074372553
6.7 0.967402388079339
6.6 0.964441959146081
6.5 0.99092135127134
6.4 0.987303049241801
6.3 1
6.2 0.984704450511496
6.1 0.97582316371172
6 0.971678563205158
5.9 0.965362981480872
5.8 0.951350284530114
5.7 0.932962731489096
5.6 0.916976415249498
5.5 0.884247228709582
5.4 0.861221670339791
5.3 0.837110621361139
5.2 0.801486793197592
5.1 0.769514160718397
5 0.746718857932305
4.9 0.726686622150587
4.8 0.701917700075655
4.7 0.690141771652248
4.6 0.67043847241867
4.5 0.660340120390777
4.4 0.643991973948225
4.3 0.635933028518799
4.2 0.632380513798888
4.1 0.629749021413769
4 0.624025525476136
3.9 0.619979605934015
3.8 0.607315548830631
3.7 0.608039209236538
3.6 0.589618762540706
3.5 0.581888753659419
3.4 0.580309858228348
3.3 0.570079931581198
3.2 0.567316864576823
3.1 0.556790895036347
3 0.558402684122233
2.9 0.565211670668728
2.8 0.553698891483833
2.7 0.568829972698266
2.6 0.588237229038518
2.5 0.592447616854709
2.4 0.611821979540147
2.3 0.628005657708628
2.2 0.661787441202592
2.1 0.688135258708595
2 0.699450675964606
1.9 0.727212920627611
1.8 0.74494260057235
1.7 0.774119272392355
1.6 0.792769974671886
1.5 0.806289266800434
1.4 0.825959672379198
1.3 0.842702542679517
1.2 0.860761159172396
1.1 0.85914937008651
1 0.875300154600178
0.9 0.882865695207394
0.8 0.881549949014835
0.7 0.871550277951383
0.6 0.854906088615506
0.5 0.807210289135226
0.4 0.76714581757179
0.3 0.685569553633104
0.2 0.591559488174731
0.1 0.496759975000822
0 0.383836058024407
-0.1 0.288937863886056
-0.2 0.210124666951745
-0.3 0.137890200980231
-0.4 0.0904246570836486
-0.5 0.0575638959244762
-0.6 0.0381566395842242
-0.7 0.0227624091312786
-0.8 0.014538995427782
-0.9 0.0111180553271274
-1 0.00911154238347423
-1.1 0.00467089898358606
-1.2 0.004835367257656
-1.3 0.00523009111542383
-1.4 0.00473668629321404
-1.5 0.00246702411104898
-1.6 0.00200651294365317
-1.7 0.00335515279102661
-1.8 0.0021709812177231
-1.9 0.00203940659846715
-2 0.00174336370514128
-2.1 0.00187493832439722
-2.2 0.00276306700437486
-2.3 0.00233544949179303
-2.4 0.00203940659846715
-2.5 0.00151310812144337
-2.6 0
-2.7 0.00108549060886155
-2.8 4.60511167395809E-4
-2.9 8.88128679977631E-4
-3 0.00180915101476925
