500 0.394936890000455
499.8 0.399180021821633
499.6 0.397709248605738
499.4 0.401262544387644
499.2 0.40635170905476
499 0.401991423771495
498.8 0.4005206505556
498.6 0.40386569173807
498.4 0.4047247390322
498.2 0.401301599446397
498 0.399297163569544
497.8 0.39794353210156
497.6 0.402173649474545
497.4 0.398763524336936
497.2 0.404073946337506
497 0.394780704907965
496.8 0.406612021446967
496.6 0.39647274717149
496.4 0.40000001405701
496.2 0.395808951742778
496 0.396030220790406
495.8 0.399362247524684
495.6 0.395913079042496
495.4 0.398659397037218
495.2 0.396199420331089
495 0.397097510969798
494.8 0.397487979558109
494.6 0.398190830045574
494.4 0.397331794465619
494.2 0.400546679451986
494 0.391852161210192
493.8 0.393635316325242
493.6 0.399557487675927
493.4 0.396030220790406
493.2 0.39647274717149
493 0.403423165356987
492.8 0.40000001405701
492.6 0.400728905155036
492.4 0.402850471065625
492.2 0.408707558461171
492 0.407171701290136
491.8 0.408642474506031
491.6 0.415605907139722
491.4 0.417922701487379
491.2 0.422543299162851
491 0.428764826250322
490.8 0.433138114267605
490.6 0.436092698575938
490.4 0.439099328962868
490.2 0.460562250870252
490 0.46136924037161
489.8 0.471209147196127
489.6 0.474996808473078
489.4 0.487179550255813
489.2 0.501301573675213
489 0.521593101531837
488.8 0.527046752747577
488.6 0.539919342283759
488.4 0.569426060023291
488.2 0.588676314882735
488 0.598971785964877
487.8 0.622647421776899
487.6 0.634465735581883
487.4 0.664271750487327
487.2 0.67382536287995
487 0.69290646505541
486.8 0.713067848430105
486.6 0.718690652329829
486.4 0.731042546796547
486.2 0.735103499771375
486 0.731042546796547
485.8 0.736235909048429
485.6 0.717558243052774
485.4 0.714291276845286
485.2 0.685018959743325
485 0.65149029723102
484.8 0.639242541778194
484.6 0.601223484643221
484.4 0.559521022386936
484.2 0.531029572176548
484 0.488754403914727
483.8 0.454640138090441
483.6 0.428322288155065
483.4 0.411753243906854
483.2 0.389912809288478
483 0.362384498529414
482.8 0.356162971441943
482.6 0.341272955009064
482.4 0.325172477752498
482.2 0.320174425936907
482 0.316621130155001
481.8 0.314278295196783
481.6 0.304959013156682
481.4 0.29778733763773
481.2 0.30438631886532
481 0.299193038612661
480.8 0.286411573642179
480.6 0.288337899401525
480.4 0.294520383144418
480.2 0.292828340880893
480 0.289821698779788
479.8 0.288103615905703
479.6 0.288858535900115
479.4 0.295900055222963
479.2 0.298294947973953
479 0.285409355703752
478.8 0.290615662118779
478.6 0.299140969105715
478.4 0.296407665559185
478.2 0.296876232550829
478 0.301236506119918
477.8 0.305609805851376
477.6 0.298698442724632
477.4 0.29812574843327
477.2 0.292255646589532
477 0.302577134853885
476.8 0.296628934606814
476.6 0.292424846130214
476.4 0.296173382063363
476.2 0.291266443099298
476 0.28876742304859
475.8 0.288168699860843
475.6 0.286372518583425
475.4 0.289561386387581
475.2 0.28214240121044
475 0.278224665736608
474.8 0.277625942548861
474.6 0.276871022554449
474.4 0.271912025797612
474.2 0.265703513158333
474 0.262983224059997
473.8 0.266666676038007
473.6 0.268801256396789
473.4 0.264154641539106
473.2 0.262306402468917
473 0.264024485343002
472.8 0.265365102362794
472.6 0.262618784368071
472.4 0.261121970541615
472.2 0.266731759993146
472 0.261043872138283
471.8 0.262748940564175
471.6 0.261681650384784
471.4 0.263204493107626
471.2 0.276571666817662
471 0.269699347035497
470.8 0.277053248257499
470.6 0.278016411137172
470.4 0.286242362387322
470.2 0.287049340174505
470 0.288754408600397
469.8 0.292698172970615
469.6 0.297748294293152
469.4 0.310751028311263
469.2 0.316230649852515
469 0.329012114822997
468.8 0.336795539692064
468.6 0.347546551603482
468.4 0.357802955912696
468.2 0.369985697695431
468 0.389027744812138
467.8 0.401197472146679
467.6 0.43194066789211
467.4 0.456644562253119
467.2 0.470128865996892
467 0.495561628027578
466.8 0.524742925991413
466.6 0.561994001827083
466.4 0.587778189101502
466.2 0.609254254313001
466 0.662957185792271
465.8 0.69315375128525
465.6 0.736274917250484
465.4 0.764753364726853
465.2 0.819510689079069
465 0.850852549441373
464.8 0.891591872246334
464.6 0.931472077472117
464.4 0.95482241065019
464.2 0.983587152558454
464 1
463.8 0.999609566554213
463.6 0.984667550899437
463.4 0.961330220455381
463.2 0.935624166726819
463 0.897175667944004
462.8 0.84319932762511
462.6 0.788246845120874
462.4 0.718703655063847
462.2 0.642327235425933
462 0.567942225502504
461.8 0.504880956924379
461.6 0.445542125097969
461.4 0.390915027226905
461.2 0.340947558661717
461 0.307236775873935
460.8 0.273109472173107
460.6 0.238930110679506
460.4 0.218508403198429
460.2 0.195054024719861
460 0.185838869979478
459.8 0.177925300628482
459.6 0.17701419554158
459.4 0.172341540073337
459.2 0.184524281856072
459 0.195978144254955
458.8 0.214148129629339
458.6 0.240296768309858
458.4 0.256358202221846
458.2 0.264362896138542
458 0.260822603090654
457.8 0.240270739413473
457.6 0.201275551807332
457.4 0.174944687423763
457.2 0.151269039897566
457 0.125575953760497
456.8 0.108577385865222
456.6 0.084498243588346
456.4 0.0702980631947399
456.2 0.0475595496518301
456 0.037797729516471
455.8 0.030144472557683
455.6 0.0294546365184105
455.4 0.0289990839749597
455.2 0.0200832966855375
455 0.0247559521537811
454.8 0.0165430153518244
454.6 0.0189509342651819
454.4 0.0158792082089376
454.2 0.0177925312342657
454 0.019705842545419
453.8 0.0193544173016862
453.6 0.0137836711947341
453.4 0.0117922614802486
453.2 0.0116751197323377
453 0.0119875016314917
452.8 0.00865547489721455
452.6 0.0165430153518244
452.4 0.0101913320682493
452.2 0.00769230030336673
452 0.0102694187574068
451.8 0.00810880950223873
451.6 0.00730183171505526
451.4 0.00311075768664826
451.2 0.00573994564763467
451 0.00773135536212017
450.8 0.00511518184932667
450.6 0.0118703598835808
450.4 0.00865547489721455
450.2 0
450 0.00659898122758979
449.8 0.00467265546824355
449.6 0.00968371001785222
449.4 0.00821293680195673
449.2 0.00589613074012432
449 0.00183521290782114
448.8 0.00260314735042588
448.6 0.00437328801728246
448.4 0.00253806339528661
448.2 0.00649485392787179
448 0.00148378766408841
447.8 0.00245997670612914
447.6 0.00623454153566414
447.4 0.00696342091951543
447.2 0.00534946534514849
447 0.00296758704235153
446.8 0.0016790278153315
446.6 1.95228437068381E-4
446.4 0.00485486945711902
446.2 0.00134061701979167
446 0.00518026580446593
445.8 0.00654692343481814
445.6 0.00449042976519338
445.4 0.0103735460571248
445.2 0.00355329578190608
445 0.00429518961395029
