15 0.175830415444308
14.9 0.179899687707012
14.8 0.190687990915113
14.7 0.19466262893915
14.6 0.1892684773351
14.5 0.19428409198448
14.4 0.1892684773351
14.3 0.183685057253714
14.2 0.195230434371155
14.1 0.19929970663386
14 0.193337749597804
13.9 0.197312387621842
13.8 0.194757263177818
13.7 0.191350430585786
13.6 0.194567994700483
13.5 0.193337749597804
13.4 0.193337749597804
13.3 0.182265543673701
13.2 0.190309453960443
13.1 0.186429450175073
13 0.177912368694994
12.9 0.189363111573767
12.8 0.179521150752342
12.7 0.181129932809691
12.6 0.180467493139018
12.5 0.181887006719031
12.4 0.190120185483108
12.3 0.176398220876313
12.2 0.190593356676446
12.1 0.175167975773635
12 0.183495788776379
11.9 0.182644080628371
11.8 0.172612851329611
11.7 0.178953345320337
11.6 0.190687990915113
11.5 0.181603104003028
11.4 0.184442131163055
11.3 0.193243115359137
11.2 0.189552380051102
11.1 0.194757263177818
11 0.202422636509889
10.9 0.193810920791142
10.8 0.196082142519163
10.7 0.197123119144506
10.6 0.204504589760575
10.5 0.199772877827198
10.4 0.196839216428504
10.3 0.19504116589382
10.2 0.205829469101921
10.1 0.199772877827198
10 0.205167029431248
9.9 0.214251916343333
9.8 0.220592410334059
9.7 0.220970947288729
9.6 0.232421690167503
9.5 0.223431437494085
9.4 0.242452919466263
9.3 0.244061701523611
9.2 0.246900728683638
9.1 0.256174884073058
9 0.258162203085076
8.9 0.264029525882464
8.8 0.278697832875934
8.7 0.292230529005394
8.6 0.301504684394814
8.5 0.314091038137598
8.4 0.323649096243021
8.3 0.330935932620422
8.2 0.352228636320621
8.1 0.349862780353932
8 0.372858900350147
7.9 0.382227689978234
7.8 0.406170152361124
7.7 0.410050156146494
7.6 0.432289202233368
7.5 0.43181603104003
7.4 0.451405318444213
7.3 0.461909718936311
7.2 0.467209236301694
7.1 0.468060944449702
7 0.467966310211034
6.9 0.45925996025362
6.8 0.445632629885493
6.7 0.45888142329895
6.6 0.462950695561654
6.5 0.441563357622788
6.4 0.443550676634806
6.3 0.446200435317498
6.2 0.44960726790953
6.1 0.440049209804107
6 0.436547742973408
5.9 0.434276521245387
5.8 0.450648244534873
5.7 0.44960726790953
5.6 0.458029715150942
5.5 0.455190687990915
5.4 0.457461909718936
5.3 0.467871675972367
5.2 0.444402384782814
5.1 0.463234598277657
5 0.476483391691114
4.9 0.460679473833633
4.8 0.467587773256364
4.7 0.472319485189742
4.6 0.455096053752248
4.5 0.469480458029715
4.4 0.443456042396139
4.3 0.435412132109397
4.2 0.424718463139964
4.1 0.423204315321283
4 0.405413078451784
3.9 0.390176966026308
3.8 0.368789628087442
3.7 0.36538279549541
3.6 0.362070597142046
3.5 0.35147156241128
3.4 0.335383741837797
3.3 0.318349578877638
3.2 0.324973975584366
3.1 0.326961294596385
3 0.305100785464181
2.9 0.295353458881423
2.8 0.318728115832308
2.7 0.324595438629696
2.6 0.30245102678149
2.5 0.305763225134854
2.4 0.310684205545566
2.3 0.310873474022901
2.2 0.319579823980316
2.1 0.309832497397558
2 0.325352512539037
1.9 0.329043247847071
1.8 0.341251064635185
1.7 0.35071448850194
1.6 0.378820857386202
1.5 0.414781868079871
1.4 0.463991672186997
1.3 0.527396612094256
1.2 0.576984953156052
1.1 0.666035771742216
1 0.74467682407495
0.9 0.845840825210561
0.8 0.888142329894956
0.7 0.959023374656951
0.6 1
0.5 0.982587300085171
0.4 0.938677013343428
0.3 0.869120847922778
0.2 0.768335383741838
0.1 0.642566480552664
0 0.497586826913977
-0.1 0.355446200435317
-0.2 0.236301693952872
-0.3 0.138355256931958
-0.4 0.074855682786032
-0.5 0.0405034541497114
-0.6 0.0221444118482067
-0.7 0.0101258635374278
-0.8 0.00615122551339074
-0.9 0.00444780921737485
-1 0.00425854074003975
-1.1 0.0047317119333775
-1.2 0.00255512444402385
-1.3 0.0028390271600265
-1.4 0.0024604902053563
-1.5 0.0015141478186808
-1.6 0.0022712217280212
-1.7 9.46342386675499E-4
-1.8 0.0013248793413457
-1.9 0.0013248793413457
-2 0.00179805053468345
-2.1 0.0013248793413457
-2.2 0.001892684773351
-2.3 7.57073909340399E-4
-2.4 8.51708148007949E-4
-2.5 0.0013248793413457
-2.6 4.7317119333775E-4
-2.7 2.8390271600265E-4
-2.8 0
-2.9 8.51708148007949E-4
-3 0.00123024510267815
