14.8291 0.4902
14.5199 0.5078
14.2107 0.5236
13.9015 0.5459
13.5923 0.5705
13.2831 0.5939
12.9739 0.6109
12.6647 0.6331
12.3555 0.6612
12.0463 0.6834
11.7371 0.7097
11.4279 0.7402
11.1187 0.7606
10.8095 0.7765
10.5004 0.7923
10.1912 0.7947
9.8820 0.8094
9.5728 0.8182
9.2636 0.8293
8.9544 0.8399
8.6452 0.8516
8.3360 0.8651
8.0268 0.8815
7.7176 0.8915
7.4084 0.9126
7.0992 0.9232
6.7900 0.9396
6.4808 0.9478
6.1716 0.9561
5.8624 0.9666
5.5532 0.9644
5.2440 0.9691
4.9348 0.9482
4.6257 0.9308
4.3165 0.8935
4.0588 0.8679
3.8269 0.8203
3.5692 0.7833
3.2858 0.7374
2.9766 0.7053
2.7189 0.6686
2.5128 0.6319
2.3067 0.5882
2.1006 0.5454
1.8944 0.5052
1.6368 0.4670
1.3533 0.4351
1.1472 0.3948
0.9926 0.3481
0.8638 0.2892
0.7607 0.2368
0.6834 0.1860
0.5546 0.1353
0.4515 0.0881
0.3227 0.0461
0.1681 0.0146
-0.2184 -0.0022
-0.5276 -0.0027
-0.8368 -0.0027
-1.0172 -0.0026
