0.058574600213985306 0.0023221487933042795
0.253685735262021 -0.0021261368344851483
0.4452102685628496 -0.00498574902377813
0.6152151913804413 0.0062196942957482015
0.7443328542798753 0.054827805935603546
0.7185093216999885 0.028376393184641913
0.8107362237710127 0.09156020536711895
0.8605387508893685 0.12274359543131586
0.8992740497591996 0.1500052316359104
0.9767446474988617 0.18088904328027633
1.0599538080340523 0.22452460705763855
1.0413034789485778 0.19614030828983986
1.1353749190610216 0.26340928074273595
1.1704211418480135 0.29813314304129546
1.2091564407178446 0.3253947792458902
1.2435878174910293 0.3550076521394594
1.2704873305950777 0.40560690115556297
1.222068207007787 0.37724908027840587
1.2866270384575067 0.4413043933185725
1.3308959514515983 0.4712077664980381
1.3705535193421383 0.5068848328596953
1.393610244859893 0.5436512752934646
1.428656467646885 0.5900042271618163
1.4784589947652407 0.6305290170443705
1.4969043751794437 0.665933739388
1.5153497555936504 0.7084194062003554
1.5835976631262092 0.7501425097622326
1.5965094294161517 0.7890332355366194
1.6255609035685232 0.8412211579912193
1.6094211957060942 0.8119101330509646
1.6836638518732698 0.8819706316886468
1.7330052444812694 0.9186689881179088
1.7600584690887722 0.9510779262632312
1.8074016121518959 0.981580456282358
1.9322153529546853 0.9930189050395306
2.0244422550257077 0.9611546549302641
2.095764392627302 0.9336025184397729
2.160938070090829 0.8996049068559545
2.1904506787535567 0.8679585319611103
2.2162742113334417 0.8420313814448525
2.2808330427831613 0.8102420259405436
2.3453918742328774 0.7724202504369163
2.397038939392651 0.7409917507564945
2.45606415671811 0.7122322224527463
2.5261566022920867 0.685705915096827
2.5681198427344043 0.6543931616240669
2.6501095586755454 0.6338516140643112
2.6940095640613535 0.6098308716742488
2.7026174082546497 0.580917015093618
2.784391928090958 0.551685423825288
2.8412036997667123 0.5343371098769096
2.9799129604815313 0.5259489141216498
3.0878184359046337 0.5035486186388534
3.246346233131163 0.516840519740938
3.3525096448484746 0.5412001791312131
3.533274372907684 0.5531833159244417
3.6999535377415036 0.5701429206834528
3.817333231286444 0.6005711750612995
4.013592078893588 0.6113559981752051
4.178862687404862 0.635567381377887
4.3567581340663075 0.6416043404441727
4.535696955781486 0.6465725555609243
4.721156871582494 0.6564319592034704
4.892531224158109 0.6739555086462768
5.049115735347062 0.710298579924748
5.226867717938617 0.7302523183122602
5.418392251239446 0.7307516156786448
5.599156979298655 0.7237387572144258
5.75409817477798 0.7062951228597376
5.831568772517638 0.6841807885958706
5.947774669127131 0.6567761717818112
6.06111128433886 0.6250821366838122
6.1967873047188995 0.6103755597103045
6.333693017126556 0.5977569535416777
6.481461009111463 0.5869539741599036
6.632098282494141 0.6043839913136904
6.822546835270806 0.608877667611151
6.99362773861256 0.5994817989891877
7.148568934091884 0.5825964698714567
7.329333662151093 0.5864092861238477
7.5100983902103025 0.5934902305925737
7.661350509606784 0.6060180554218578
7.742510183429285 0.6381092588794809
7.842935032351072 0.6710477548376353
7.938031215819862 0.7048789339659924
7.983529820841568 0.7362892773785457
8.000745509228157 0.7661563380222742
