14.943463188001552 0.9357060594484812
14.794390977199477 0.9346488940357256
14.620669030752962 0.9477655760088053
14.488969014595538 0.9394100538205807
14.328002328180908 0.9745166464739685
14.179086623636893 0.9562933770050344
14.013816015125615 0.9671469419093262
13.858874819646292 0.9697311240293955
13.70393362416697 0.9628399717092104
13.56190419497759 0.9279535130882729
13.497345363527874 0.9193395726880415
13.34240416804855 0.9171860875879836
13.264933570308889 0.883017457333732
13.109992374829567 0.8677994959599897
12.967962945640187 0.8351383052757788
12.800109983870922 0.8112346206651364
12.658080554681542 0.7797937382042915
12.496096577589523 0.7700443238422113
12.328830514287981 0.7526598259435624
12.178500663912208 0.7447842232919223
12.025404006474307 0.7578281901837013
11.867880457736995 0.7476637405114283
11.728433381805605 0.752013780413545
11.560580420036338 0.7632836857705146
11.405639224557016 0.7675906559706304
11.250698029077693 0.7750560709841643
11.101625818275618 0.7808509036170472
10.9365117160224 0.7871155875444883
10.785874442639724 0.775630333677513
10.630933247160403 0.7641450798105378
10.475992051681079 0.7569667961436781
10.321050856201756 0.7661549992372584
10.166109660722434 0.7529469572902369
10.011168465243111 0.7454815422767028
9.856227269763789 0.7558182707569806
9.708459277778879 0.7377289959164945
9.636727242834748 0.7388775213031921
9.494697813645368 0.7414617034232616
9.339756618166046 0.7371547332231457
9.184815422686723 0.735144813796425
9.0298742272074 0.7339962884097276
8.874933031728077 0.7334220257163788
8.719991836248756 0.7357190764897739
8.565050640769432 0.75380835133026
8.410109445290109 0.7690263127040022
8.242256483520844 0.7850099576688762
8.095923132234816 0.8095118325850902
7.945285858852142 0.8332001686857267
7.803256429662762 0.8517201405462244
7.622491701603552 0.8758391736668725
7.489684962621275 0.8949128988388135
7.32552107693485 0.9137405114278909
7.170579881455527 0.9283842101082844
7.0091828028312335 0.9484116215388226
6.860697490496882 0.9665726792159774
6.716085708049514 0.9692142876053816
6.543641896043823 0.9762394345540149
6.406203317090869 0.9716261909174464
6.2409327085795905 0.9823649032830684
6.1273091652280876 0.9588775591251039
5.982697382780719 0.9671469419093262
5.8234522652047485 0.9549917149001106
5.700483062443382 0.9205086074566443
5.543697328922638 0.9036909142942876
5.405356975816101 0.8690710776381192
5.311285535703654 0.8370764418658309
5.186471794900868 0.8008978921848586
5.0272266773248955 0.7807986979176519
4.90241293652211 0.7384946795076263
4.78928126998165 0.6894088921475771
4.63987368862659 0.6596292696210625
4.486777031188687 0.6229584947743628
4.394550129117661 0.6010544748994885
4.269121542301068 0.5845649318476168
4.175050102188621 0.5437717712379492
4.020108906709298 0.5347271338177062
3.865167711229976 0.515776464937197
3.7102265157506533 0.5065882618436166
3.555285320271331 0.4870633302697588
3.4003441247920065 0.4778751271761784
3.245402929312684 0.4695483181226213
3.0904617338333615 0.4640928225358081
2.935520538354039 0.46638987330920323
2.7805793428747165 0.4695483181226213
2.6348608376024956 0.4573247265070548
2.4706969519160715 0.4574888015622972
2.3157557564367472 0.4543303567488791
2.1608145609574247 0.46437995388248243
2.0058733654781022 0.4709839748559933
1.8509321699987797 0.49740005875003657
1.7031641780138713 0.5208491187284444
1.5733291947649928 0.5633684856484759
1.411932116140699 0.6027772629795348
1.2477682304542732 0.6096684152997199
1.102049725182054 0.5914355747858967
0.980679122056582 0.5769354417788404
0.921284997122843 0.5284820270275383
0.8470423409556673 0.475290945056109
0.7921673342234072 0.4353796878683699
0.6980958941109634 0.39407379271106957
0.6458339829373809 0.34522044501261373
0.6070986840675516 0.29870516685136383
0.561600079045844 0.2572351966388209
0.4878185573890228 0.21096603106043466
0.4370937612499599 0.16691187872782232
0.3513227423239069 0.12211938864661853
0.25171768808719897 0.07461966015391375
0.17240255230611723 0.037702772724350186
0.017461356826794727 0.01237778794766986
-0.13747983865252955 -0.0007728277300171893
-0.29242103413185205 -0.0027827471567376527
-0.42153869703128777 -0.006659020336841959
