750 0.4096385542169
749.9 0.4061631139944
749.8 0.4151992585728
749.7 0.4117238183503
749.6 0.3934198331789
749.5 0.40546802595
749.4 0.4098702502317
749.3 0.4124189063948
749.2 0.4003707136237
749.1 0.4045412418906
749 0.4165894346617
748.9 0.3901760889713
748.8 0.402687673772
748.7 0.4242354031511
748.6 0.4066265060241
748.5 0.4170528266914
748.4 0.4052363299351
748.3 0.4205282669138
748.2 0.4314179796108
748.1 0.3955050973123
748 0.4110287303058
747.9 0.4015291936979
747.8 0.401297497683
747.7 0.409406858202
747.6 0.3955050973123
747.5 0.41890639481
747.4 0.41890639481
747.3 0.4205282669138
747.2 0.4142724745134
747.1 0.4073215940686
747 0.4038461538462
746.9 0.4314179796108
746.8 0.409406858202
746.7 0.4131139944393
746.6 0.428405931418
746.5 0.4119555143652
746.4 0.4383688600556
746.3 0.4205282669138
746.2 0.4300278035218
746.1 0.4265523632994
746 0.4420759962929
745.9 0.4240037071362
745.8 0.4274791473587
745.7 0.4348934198332
745.6 0.4383688600556
745.5 0.4460148285449
745.4 0.4272474513438
745.3 0.4360518999073
745.2 0.4420759962929
745.1 0.4390639481001
745 0.4263206672845
744.9 0.4341983317887
744.8 0.4293327154773
744.7 0.4515755329008
744.6 0.4226135310473
744.5 0.443234476367
744.4 0.4786839666358
744.3 0.4494902687674
744.2 0.4344300278035
744.1 0.4694161260426
744 0.4745134383689
743.9 0.4858665430955
743.8 0.4819277108434
743.7 0.4668674698795
743.6 0.4585264133457
743.5 0.4844763670065
743.4 0.4592215013902
743.3 0.4622335495829
743.2 0.468952734013
743.1 0.4416126042632
743 0.4745134383689
742.9 0.4754402224282
742.8 0.4624652455978
742.7 0.490500463392
742.6 0.501390176089
742.5 0.4786839666358
742.4 0.460843373494
742.3 0.4610750695088
742.2 0.4907321594069
742.1 0.4754402224282
742 0.483781278962
741.9 0.4552826691381
741.8 0.4840129749768
741.7 0.4800741427247
741.6 0.4638554216867
741.5 0.4721964782206
741.4 0.4705746061168
741.3 0.4749768303985
741.2 0.4726598702502
741.1 0.4951343836886
741 0.4654772937905
740.9 0.4585264133457
740.8 0.4622335495829
740.7 0.460843373494
740.6 0.4531974050046
740.5 0.4578313253012
740.4 0.4654772937905
740.3 0.475671918443
740.2 0.4529657089898
740.1 0.4529657089898
740 0.4249304911956
739.9 0.4545875810936
739.8 0.4399907321594
739.7 0.4640871177016
739.6 0.4307228915663
739.5 0.4497219647822
739.4 0.4376737720111
739.3 0.4654772937905
739.2 0.435125115848
739.1 0.4383688600556
739 0.4578313253012
738.9 0.4515755329008
738.8 0.449953660797
738.7 0.4631603336423
738.6 0.4490268767377
738.5 0.4330398517146
738.4 0.4550509731233
738.3 0.4529657089898
738.2 0.4383688600556
738.1 0.4406858202039
738 0.4481000926784
737.9 0.4434661723818
737.8 0.4559777571826
737.7 0.4423076923077
737.6 0.4413809082484
737.5 0.4096385542169
737.4 0.4550509731233
737.3 0.4321130676552
737.2 0.4601482854495
737.1 0.4274791473587
737 0.4288693234476
736.9 0.4504170528267
736.8 0.4481000926784
736.7 0.443234476367
736.6 0.4416126042632
736.5 0.4240037071362
736.4 0.4796107506951
736.3 0.4592215013902
736.2 0.4759036144578
736.1 0.4541241890639
736 0.4462465245598
735.9 0.4703429101019
735.8 0.4687210379981
735.7 0.4779888785913
735.6 0.4694161260426
735.5 0.4930491195551
735.4 0.4680259499537
735.3 0.4677942539388
735.2 0.4749768303985
735.1 0.4835495829472
735 0.4747451343837
734.9 0.4724281742354
734.8 0.4784522706209
734.7 0.4925857275255
734.6 0.459453197405
734.5 0.4833178869323
734.4 0.466172381835
734.3 0.4972196478221
734.2 0.4847080630213
734.1 0.516218721038
734 0.477062094532
733.9 0.5006950880445
733.8 0.49328081557
733.7 0.5027803521779
733.6 0.5025486561631
733.5 0.4902687673772
733.4 0.4789156626506
733.3 0.4981464318814
733.2 0.5106580166821
733.1 0.4993049119555
733 0.4909638554217
732.9 0.5104263206673
732.8 0.524328081557
732.7 0.5141334569045
732.6 0.4881835032437
732.5 0.525718257646
732.4 0.5122798887859
732.3 0.5273401297498
732.2 0.5164504170528
732.1 0.5041705282669
732 0.5053290083411
731.9 0.5050973123262
731.8 0.5215477293791
731.7 0.5354494902688
731.6 0.5062557924004
731.5 0.5076459684893
731.4 0.4958294717331
731.3 0.5139017608897
731.2 0.5113531047266
731.1 0.5113531047266
731 0.5370713623726
730.9 0.508109360519
730.8 0.5069508804449
730.7 0.5461075069509
730.6 0.5456441149212
730.5 0.5305838739574
730.4 0.5157553290083
730.3 0.5284986098239
730.2 0.5600092678406
730.1 0.5477293790547
730 0.5361445783133
729.9 0.5530583873957
729.8 0.5426320667285
729.7 0.5426320667285
729.6 0.5507414272475
729.5 0.5377664504171
729.4 0.5437905468026
729.3 0.5377664504171
729.2 0.589202965709
729.1 0.579703429101
729 0.5706672845227
728.9 0.5676552363299
728.8 0.5741427247451
728.7 0.5963855421687
728.6 0.5898980537535
728.5 0.5836422613531
728.4 0.5933734939759
728.3 0.5697405004634
728.2 0.5685820203892
728.1 0.5764596848934
728 0.6174698795181
727.9 0.5887395736793
727.8 0.6049582947173
727.7 0.6183966635774
727.6 0.6021779425394
727.5 0.6167747914736
727.4 0.6195551436515
727.3 0.598702502317
727.2 0.6278962001854
727.1 0.6448100092678
727 0.6292863762743
726.9 0.6492122335496
726.8 0.6531510658017
726.7 0.6800278035218
726.6 0.6464318813716
726.5 0.6651992585728
726.4 0.6712233549583
726.3 0.6920759962929
726.2 0.693234476367
726.1 0.716172381835
726 0.7277571825765
725.9 0.7203429101019
725.8 0.7263670064875
725.7 0.7289156626506
725.6 0.7439759036145
725.5 0.735171455051
725.4 0.766218721038
725.3 0.7564874884152
725.2 0.7557924003707
725.1 0.7604263206673
725 0.7731696014829
724.9 0.7884615384615
724.8 0.7928637627433
724.7 0.8058387395737
724.6 0.7912418906395
724.5 0.8350324374421
724.4 0.8095458758109
724.3 0.8190454124189
724.2 0.7977293790547
724.1 0.808155699722
724 0.8113994439296
723.9 0.8042168674699
723.8 0.7937905468026
723.7 0.8014365152919
723.6 0.7736329935125
723.5 0.772937905468
723.4 0.7636700648749
723.3 0.7254402224282
723.2 0.7416589434662
723.1 0.7360982391103
723 0.718952734013
722.9 0.7129286376274
722.8 0.6994902687674
722.7 0.6765523632994
722.6 0.6663577386469
722.5 0.644578313253
722.4 0.6272011121409
722.3 0.6390176088971
722.2 0.6112140871177
722.1 0.605421686747
722 0.5903614457831
721.9 0.5757645968489
721.8 0.5806302131603
721.7 0.579703429101
721.6 0.5521316033364
721.5 0.5528266913809
721.4 0.5428637627433
721.3 0.5514365152919
721.2 0.5083410565338
721.1 0.525718257646
721 0.5291936978684
720.9 0.5129749768304
720.8 0.5064874884152
720.7 0.4942075996293
720.6 0.5011584800741
720.5 0.5122798887859
720.4 0.5115848007414
720.3 0.4791473586654
720.2 0.4979147358665
720.1 0.4923540315107
720 0.4914272474513
719.9 0.4867933271548
719.8 0.4891102873031
719.7 0.5025486561631
719.6 0.5104263206673
719.5 0.5048656163114
719.4 0.4791473586654
719.3 0.4754402224282
719.2 0.5053290083411
719.1 0.4629286376274
719 0.4638554216867
718.9 0.4895736793327
718.8 0.4691844300278
718.7 0.4786839666358
718.6 0.4606116774791
718.5 0.4582947173309
718.4 0.4786839666358
718.3 0.4754402224282
718.2 0.4682576459685
718.1 0.4455514365153
718 0.4708063021316
717.9 0.4550509731233
717.8 0.474281742354
717.7 0.4550509731233
717.6 0.4657089898054
717.5 0.4439295644115
717.4 0.4490268767377
717.3 0.4768303985171
717.2 0.4481000926784
717.1 0.4659406858202
717 0.4696478220575
716.9 0.4501853568119
716.8 0.4494902687674
716.7 0.441844300278
716.6 0.4543558850788
716.5 0.4603799814643
716.4 0.4601482854495
716.3 0.4796107506951
716.2 0.4515755329008
716.1 0.4633920296571
716 0.4796107506951
715.9 0.460843373494
715.8 0.4740500463392
715.7 0.4745134383689
715.6 0.4814643188137
715.5 0.4745134383689
715.4 0.4995366079703
715.3 0.4972196478221
715.2 0.4854031510658
715.1 0.5083410565338
715 0.5282669138091
714.9 0.5192307692308
714.8 0.5039388322521
714.7 0.5449490268767
714.6 0.5389249304912
714.5 0.5210843373494
714.4 0.5514365152919
714.3 0.5410101946247
714.2 0.5444856348471
714.1 0.5776181649676
714 0.5984708063021
713.9 0.5915199258573
713.8 0.5854958294717
713.7 0.604031510658
713.6 0.6207136237257
713.5 0.6241890639481
713.4 0.6438832252085
713.3 0.6267377201112
713.2 0.6563948100093
713.1 0.6760889712697
713 0.6997219647822
712.9 0.7052826691381
712.8 0.7029657089898
712.7 0.7298424467099
712.6 0.7444392956441
712.5 0.758109360519
712.4 0.7685356811863
712.3 0.8109360518999
712.2 0.8118628359592
712.1 0.8308619091752
712 0.878359592215
711.9 0.8591288229842
711.8 0.8971269694161
711.7 0.9059314179796
711.6 0.9170528266914
711.5 0.9362835959222
711.4 0.9525023169601
711.3 0.9543558850788
711.2 0.9865616311399
711.1 0.9884151992586
711 0.9793790546803
710.9 0.9942075996293
710.8 0.9842446709917
710.7 1
710.6 0.9715013901761
710.5 0.9469416126043
710.4 0.9559777571826
710.3 0.9267840593142
710.2 0.9170528266914
710.1 0.8806765523633
710 0.8361909175162
709.9 0.7898517145505
709.8 0.7701575532901
709.7 0.7467562557924
709.6 0.7103799814643
709.5 0.6587117701576
709.4 0.6075069508804
709.3 0.58109360519
709.2 0.5530583873957
709.1 0.5183039851715
709 0.4946709916589
708.9 0.4522706209453
708.8 0.4244670991659
708.7 0.421686746988
708.6 0.3980537534754
708.5 0.3491658943466
708.4 0.3153382761816
708.3 0.3218257645968
708.2 0.2752548656163
708.1 0.2717794253939
708 0.2474513438369
707.9 0.2159406858202
707.8 0.2103799814643
707.7 0.1740037071362
707.6 0.1649675625579
707.5 0.1385542168675
707.4 0.1200185356812
707.3 0.1142261353105
707.2 0.0820203892493
707.1 0.1146895273401
707 0.09916589434662
706.9 0.07043558850788
706.8 0.07367933271548
706.7 0.06302131603336
706.6 0.05931417979611
706.5 0.05537534754402
706.4 0.06325301204819
706.3 0.04355885078777
706.2 0.03915662650602
706.1 0.03266913809082
706 0.02455977757183
705.9 0.03660797034291
705.8 0.03174235403151
705.7 0.01734145041705
705.6 0.01918447636701
705.5 0.02287059777572
705.4 0
705.3 0.02988878591288
705.2 0.01616855885079
705.1 0.02287059777572
705 0.0291936978684
704.9 0.003853614457831
704.8 0.02340129749768
704.7 0.02027360982391
704.6 0.02077627432808
704.5 0.0308155699722
704.4 0.01348783595922
704.3 0.01491193234476
704.2 0.02035734476367
704.1 0.03498609823911
704 0.01625240963855
703.9 0.010471918443
703.8 0.01063941149212
703.7 0.0308155699722
703.6 0.009969277108434
703.5 0.02641334569045
703.4 0.03475440222428
703.3 0.007204703429101
703.2 0.009550370713624
703.1 0.002513253012048
703 0.004775185356812
702.9 0.008963971269694
702.8 0.02127891566265
702.7 0.01474446246525
702.6 0.02069242354032
702.5 0.007456024096386
702.4 0.009969277108434
702.3 0.007539759036145
702.2 0.01600108897127
702.1 0.02161397126969
702 0.01147722428174
701.9 0.0209437442076
701.8 0.01139337349398
701.7 0.03452270620945
701.6 0.0198547034291
701.5 0.01616855885079
701.4 0.04008341056534
701.3 0.02060868860056
701.2 0.01440929101019
701.1 0.02253554216867
701 0.02303818350324
700.9 0.0205249304912
700.8 0.01097458294717
700.7 0.01130963855422
700.6 0.03012048192771
700.5 0.01859807692308
700.4 0.01725771547729
700.3 0.009382784986098
700.2 0.01968711770158
700.1 0.0159172381835
700 0.02409638554217
 
 
 
 
 
 
 
 
 
 
 
 
 
 
 
 
 
 
 
 
 
 
 
 
 
 
 
 
 
 
 
 
 
 
 
 
 
 
 
 
 
 
 
 
 
 
 
 
 
 
 
 
 
 
 
 
 
 
 
 
 
 
 
 
 
 
 
 
 
 
 
 
 
 
 
 
 
 
 
 
 
 
 
 
 
 
 
 
 
 
 
 
 
 
 
 
 
 
 
 
 
 
 
 
 
 
 
 
 
 
 
 
 
 
 
 
 
 
 
 
 
 
 
 
 
 
 
 
 
 
 
 
 
 
 
 
 
 
 
 
 
 
 
 
 
 
 
 
 
 
 
 
 
 
 
 
 
 
 
 
 
 
 
 
 
 
 
 
 
 
 
 
 
 
 
 
 
 
 
 
 
 
 
 
 
 
 
 
 
 
 
 
 
 
 
 
 
 
 
 
 
 
 
 
 
 
 
 
 
 
 
 
 
 
 
 
 
 
 
 
 
 
 
 
 
 
 
 
 
 
 
 
 
 
 
 
 
 
 
 
 
 
 
 
 
 
 
 
 
 
 
 
 
 
 
 
 
 
 
 
 
 
 
 
 
 
 
 
 
 
 
 
 
 
 
 
 
 
 
 
 
 
 
 
 
 
 
 
 
 
 
 
 
 
 
 
 
 
 
 
 
 
 
 
 
 
 
 
 
 
 
 
 
 
 
 
 
 
 
 
 
 
 
 
 
 
 
 
 
 
 
 
 
 
 
 
 
 
 
 
 
 
 
 
 
 
 
 
 
 
 
 
 
 
 
 
 
 
 
 
 
 
 
 
 
 
 
 
 
 
 
 
 
 
 
 
 
 
 
 
 
 
 
 
 
 
 
 
 
 
 
 
 
 
 
 
 
 
 
 
 
 
 
 
 
 
 
 
 
 
 
 
 
 
 
 
 
 
 
 
 
 
 
 
 
 
 
 
 
 
 
 
 
 
 
 
 
 
 
 
 
 
 
 
 
 
 
 
 
 
 
 
 
 
 
 
 
 
 
 
 
 
 
 
 
 
 
 
 
 
 
 
 
 
 
 
 
 
 
 
 
 
 
 
 
 
 
 
 
 
 
 
 
 
 
 
 
 
 
 
 
 
 
 
 
 
 
 
 
 
 
 
 
 
 
 
 
 
 
 
 
 
 
 
 
 
 
 
 
 
 
 
 
 
 
 
 
 
 
 
 
 
 
 
 
 
 
 
 
 
 
 
 
 
 
 
 
 
 
 
 
 
 
 
 
 
 
 
 
 
 
 
 
 
 
 
 
 
 
 
 
 
 
 
 
 
 
 
 
 
 
 
 
 
 
 
 
 
 
 
 
 
 
 
 
 
 
 
 
 
 
 
 
 
 
 
 
 
 
 
 
 
 
 
 
 
 
 
 
 
 
 
 
 
 
 
 
 
 
 
 
 
 
 
 
 
 
 
 
 
 
 
 
 
 
 
 
 
 
 
 
 
 
 
 
 
 
 
 
 
 
 
 
 
 
 
 
 
 
 
 
 
 
 
 
 
 
 
 
 
 
 
 
 
 
 
 
 
 
 
 
 
