525 9.66981831413653E-4
525.1 9.66981831413653E-4
525.2 9.67254831796173E-4
525.3 9.94008869280706E-4
525.4 9.94008869280706E-4
525.5 9.94008869280706E-4
525.6 0.0010087508899355
525.7 0.00102103590714776
525.8 0.00103605087247937
525.9 0.00104806284474458
526 0.00105035142173382
526.1 0.00108304537872211
526.2 0.0011157393357104
526.3 0.00115054766213292
526.4 0.00119417299993806
526.5 0.0013039276720281
526.6 0.00140644121445115
526.7 0.00156543720435898
526.8 0.00178606598258981
526.9 0.00231463368466685
527 0.00272188877137199
527.1 0.00327932441943338
527.200000000001 0.0043297128124652
527.300000000001 0.00521585086680156
527.400000000001 0.00591478975999119
527.500000000001 0.00647397261986772
527.600000000001 0.00684090031584171
527.700000000001 0.00697809238348943
527.800000000001 0.00694837092124126
527.900000000001 0.00685330063647206
528.000000000001 0.00663056281373754
528.100000000001 0.0062749465331242
528.200000000001 0.00600471336939158
528.300000000001 0.00586428085227382
528.400000000001 0.00582404766410091
528.500000000001 0.00575400746549663
528.600000000001 0.00567113334524634
528.700000000001 0.00561671824016229
528.800000000001 0.00559435501177309
528.900000000001 0.00557264590331616
529.000000000001 0.00556157425800331
529.100000000001 0.00556157425800331
529.200000000001 0.00556130402973787
529.300000000001 0.00553482438932973
529.400000000001 0.00556212017369082
529.500000000001 0.00559190661595405
529.600000000001 0.00565725050549057
529.700000000001 0.00571104696549335
529.800000000001 0.00578764205322238
529.900000000001 0.00586398838569987
530.000000000001 0.00593702982697871
530.100000000001 0.00603119061233447
530.200000000001 0.00613680336684928
530.300000000001 0.00621339845457835
530.400000000001 0.00628999354230742
530.500000000001 0.00638712548219026
530.600000000001 0.00646138014395758
530.700000000001 0.0065159818409856
530.800000000001 0.00653454641797443
530.900000000001 0.00651634676689935
531.000000000001 0.00648918310857887
531.100000000001 0.00648049073791668
531.200000000001 0.00648049073791668
531.300000000001 0.00647001249906217
531.400000000001 0.00647238388996184
531.500000000001 0.00650342345067004
531.600000000002 0.00658860209803219
531.700000000002 0.00664756828463357
531.800000000002 0.00672946576602271
531.900000000002 0.00683184263127095
532.000000000002 0.00693666594090095
532.100000000002 0.00702797282376115
532.200000000002 0.00706935104979096
532.300000000002 0.0070537351315571
532.400000000002 0.00699073954973851
532.500000000002 0.00689557715700769
532.600000000002 0.00674767108746368
532.700000000002 0.00661890457127699
532.800000000002 0.0064184895269978
532.900000000002 0.00621157771732382
533.000000000002 0.00609779156364002
533.100000000002 0.00598968020352448
533.200000000002 0.0059029247977063
533.300000000002 0.00580049033683372
533.400000000002 0.00579221665006106
533.500000000002 0.00584444741196648
533.600000000002 0.00597227840297383
533.700000000002 0.00612914385807551
533.800000000002 0.00637624407889066
533.900000000002 0.00663589455119745
534.000000000002 0.00683677375849914
534.100000000002 0.00725793349717842
534.200000000002 0.00750218508855032
534.300000000002 0.00774120339253959
534.400000000002 0.0080419881571413
534.500000000002 0.00828589630592759
534.600000000002 0.00852859118495314
534.700000000002 0.00864596669562513
534.800000000002 0.00869886605940928
534.900000000002 0.00880757324568453
535.000000000002 0.00888920344314831
535.100000000002 0.00894381081409468
535.200000000002 0.00899400465793112
535.300000000002 0.00898914054915673
535.400000000002 0.00896698183141366
535.500000000002 0.00896698183141366
535.600000000002 0.00896146492252656
535.700000000002 0.00890697892357571
535.800000000002 0.00888589329781561
535.900000000002 0.00885887047129814
536.000000000003 0.00888589329781561
536.100000000003 0.00891292615135589
536.200000000003 0.0089206469589337
536.300000000003 0.00898352948857707
536.400000000003 0.00902986129156017
536.500000000003 0.00908427433471147
536.600000000003 0.0091291388445641
536.700000000003 0.00918319452462185
536.800000000003 0.00922103049255688
536.900000000003 0.00923725020467961
537.000000000003 0.00922589640619122
537.100000000003 0.00919832730747015
537.200000000003 0.0091172488008949
537.300000000003 0.00906319312083714
537.400000000003 0.00900860239884134
537.500000000003 0.0089275184776738
537.600000000003 0.00887320911393847
537.700000000003 0.00881887187507979
537.800000000003 0.008764816195022
537.900000000003 0.00872373628466517
538.000000000003 0.00869670343112488
538.100000000003 0.00869670343112488
538.200000000003 0.00869670343112488
538.300000000003 0.00868211110480381
538.400000000003 0.00868481338745884
538.500000000003 0.00869670343112488
538.600000000003 0.00871238248617992
538.700000000003 0.00872373628466517
538.800000000003 0.00875075911118263
538.900000000003 0.00876786152873026
539.000000000003 0.00877779196472292
539.100000000003 0.00882265647457873
539.200000000003 0.00883184764478068
539.300000000003 0.00885887047129814
539.400000000003 0.00890520247891762
539.500000000003 0.0089327796565542
539.600000000003 0.00895995328949495
539.700000000003 0.00901454962662354
539.800000000003 0.00909616879026957
539.900000000003 0.00917238338861399
540.000000000003 0.00925454300879036
540.100000000003 0.00934103630823055
540.200000000003 0.0094705665432381
540.300000000003 0.00958032376752914
540.400000000004 0.00966752298983749
540.500000000004 0.00974752078389435
540.600000000004 0.00985670363166919
540.700000000004 0.00996697681790605
540.800000000004 0.0100761692916228
540.900000000004 0.0101583289117992
541.000000000004 0.0102675875761446
541.100000000004 0.0103745861413575
541.200000000004 0.0104589827739578
541.300000000004 0.0105378553355092
541.400000000004 0.0106469814303347
541.500000000004 0.0107286003934403
541.600000000004 0.0107831965300284
541.700000000004 0.0108318376177579
541.800000000004 0.0108649368201103
541.900000000004 0.0109129261513559
542.000000000004 0.0109399489778734
542.100000000004 0.0109399489778734
542.200000000004 0.0109669818314137
542.300000000004 0.0109399489778734
542.400000000004 0.010904650788025
542.500000000004 0.0108772459933279
542.600000000004 0.0108145430087823
542.700000000004 0.0107415713501645
542.800000000004 0.0106513016733834
542.900000000004 0.0105794109278263
543.000000000004 0.0105150863731492
543.100000000004 0.0103896804040647
543.200000000004 0.0103258965064584
543.300000000004 0.0102275169736197
543.400000000004 0.0101367066397676
543.500000000004 0.0100545470195912
543.600000000004 0.00991941283295826
543.700000000004 0.00983832810962889
543.800000000004 0.00971995429218849
543.900000000004 0.00962211160615194
544.000000000004 0.00951400405630505
544.100000000004 0.0094058989129437
544.200000000004 0.00932373929276727
544.300000000004 0.00924265075916922
544.400000000004 0.00914535855668587
544.500000000004 0.00908049374601873
544.600000000004 0.00899833412584231
544.700000000004 0.0089285993907336
544.800000000005 0.00882049384629131
544.900000000005 0.00875462524469319
545.000000000005 0.00867292334378457
545.100000000005 0.00859184042531931
545.200000000005 0.00852265637430425
545.300000000005 0.00845562512508515
545.400000000005 0.00838697711871041
545.500000000005 0.00830589861213519
545.600000000005 0.00825130227500661
545.700000000005 0.00817022376843139
545.800000000005 0.00810319713164266
545.900000000005 0.00804806033798371
546.000000000005 0.00795346540464092
546.100000000005 0.00789940972458317
546.200000000005 0.007844818400966
546.300000000005 0.0077637350814198
546.400000000005 0.00770967940136204
546.500000000005 0.00766968561811882
546.600000000005 0.00762806043825646
546.700000000005 0.00761562993806107
546.800000000005 0.00758859708452078
546.900000000005 0.00757292384513796
547.000000000005 0.00754558115659225
547.100000000005 0.00753455143148585
547.200000000005 0.00753455143148585
547.300000000005 0.00753455143148585
547.400000000005 0.00750751857794556
547.500000000005 0.00750751857794556
547.600000000005 0.00750751857794556
547.700000000005 0.00750751857794556
547.800000000005 0.00750751857794556
547.900000000005 0.00750751857794556
548.000000000005 0.00750751857794556
548.100000000005 0.00750751857794556
548.200000000005 0.00750751857794556
548.300000000005 0.00750751857794556
548.400000000005 0.00753455143148585
548.500000000005 0.00756157425800331
548.600000000005 0.00758319251922018
548.700000000005 0.00758859708452078
548.800000000005 0.00761121641095544
548.900000000005 0.00761562993806107
549.000000000005 0.00764265276457853
549.100000000005 0.00766644167569695
549.200000000006 0.00769395101336201
549.300000000006 0.00772152532613498
549.400000000006 0.00774910905203136
549.500000000006 0.00775076412469404
549.600000000006 0.00775076412469404
549.700000000006 0.00777778695121151
549.800000000006 0.00777778695121151
549.900000000006 0.00783184263126926
550.000000000006 0.00783238328834313
550.100000000006 0.00785887548480955
550.200000000006 0.00788479533881293
550.300000000006 0.00788589831132702
550.400000000006 0.00788589831132702
550.500000000006 0.00788589831132702
550.600000000006 0.00791567959229057
550.700000000006 0.00793995399138478
550.800000000006 0.00793995399138478
550.900000000006 0.00796697681790224
551.000000000006 0.00799400967144253
551.100000000006 0.00799400967144253
551.200000000006 0.00799941423674922
551.300000000006 0.00802103249795999
551.400000000006 0.00802103249795999
551.500000000006 0.00802103249795999
551.600000000006 0.00802765033302886
551.700000000006 0.00804805532447746
551.800000000006 0.00807508817801775
551.900000000006 0.00807508817801775
552.000000000006 0.00808336047185301
552.100000000006 0.00810211100453522
552.200000000006 0.00810211100453522
552.300000000006 0.00810211100453522
552.400000000006 0.00809238278698555
552.500000000006 0.00807508817801775
552.600000000006 0.00810211100453522
552.700000000006 0.00809130187392481
552.800000000006 0.00810211100453522
552.900000000006 0.00810211100453522
553.000000000006 0.00810211100453522
553.100000000006 0.00810211100453522
553.200000000006 0.00810211100453522
553.300000000006 0.00810211100453522
553.400000000006 0.0081291438580755
553.500000000006 0.00811508677423107
553.600000000007 0.0081291438580755
553.700000000007 0.0081291438580755
553.800000000007 0.0081291438580755
553.900000000007 0.0081291438580755
554.000000000007 0.0081291438580755
554.100000000007 0.0081291438580755
554.200000000007 0.00814568844574291
554.300000000007 0.00815616668459297
554.400000000007 0.00815616668459297
554.500000000007 0.00815616668459297
554.600000000007 0.00815616668459297
554.700000000007 0.00815616668459297
554.800000000007 0.00815616668459297
554.900000000007 0.0081291438580755
555 0.0081291438580755
545.826 0.00807508817801775
545.875 0.00807508817801775
545.925 0.00802103249795999
545.975 0.00796697681790224
546.025 0.00793995399138478
546.075 0.00791292113784449
546.125 0.00788589831132702
546.174 0.00785887548480955
546.224 0.00783184263126926
546.274 0.00777778695121151
546.324 0.00775076412469404
546.374 0.00772373127115375
546.424 0.00769670844463629
546.473 0.00766968561811882
546.523 0.00766968561811882
546.573 0.00764265276457853
546.623 0.00761562993806107
546.672 0.00761562993806107
546.722 0.00761562993806107
546.772 0.00758859708452078
546.822 0.00758859708452078
546.871 0.00758859708452078
546.921 0.00756157425800331
546.971 0.00756157425800331
547.02 0.00753455143148585
547.07 0.00753455143148585
547.12 0.00753455143148585
547.169 0.00753455143148585
547.219 0.00753455143148585
547.269 0.00753455143148585
547.318 0.00753455143148585
547.368 0.00750751857794556
547.418 0.00750751857794556
547.468 0.00750751857794556
547.517 0.00750751857794556
547.567 0.00750751857794556
547.617 0.00750751857794556
547.666 0.00750751857794556
547.716 0.00750751857794556
547.766 0.00750751857794556
547.815 0.00750751857794556
547.865 0.00750751857794556
547.915 0.00750751857794556
547.964 0.00750751857794556
548.014 0.00750751857794556
548.064 0.00750751857794556
548.113 0.00750751857794556
548.163 0.00750751857794556
548.213 0.00750751857794556
548.262 0.00750751857794556
548.312 0.00750751857794556
548.362 0.00753455143148585
548.411 0.00753455143148585
548.461 0.00756157425800331
548.51 0.00756157425800331
548.56 0.00756157425800331
548.61 0.00758859708452078
548.659 0.00758859708452078
548.709 0.00758859708452078
548.759 0.00758859708452078
548.808 0.00761562993806107
548.858 0.00761562993806107
548.907 0.00761562993806107
548.957 0.00764265276457853
549.007 0.00764265276457853
549.056 0.00764265276457853
549.106 0.00766968561811882
549.156 0.00766968561811882
549.205 0.00769670844463629
549.255 0.00769670844463629
549.304 0.00772373127115375
549.354 0.00772373127115375
549.403 0.00775076412469404
549.453 0.00775076412469404
549.503 0.00775076412469404
549.552 0.00775076412469404
549.602 0.00775076412469404
549.652 0.00777778695121151
549.701 0.00777778695121151
549.751 0.00777778695121151
549.801 0.00777778695121151
549.85 0.0078048198047518
549.9 0.00783184263126926
549.949 0.00783184263126926
549.999 0.00783184263126926
550.049 0.00785887548480955
550.098 0.00785887548480955
550.148 0.00785887548480955
550.198 0.00788589831132702
550.247 0.00785887548480955
550.297 0.00788589831132702
550.347 0.00788589831132702
550.396 0.00788589831132702
550.446 0.00788589831132702
550.496 0.00788589831132702
550.545 0.00788589831132702
550.595 0.00791292113784449
550.644 0.00793995399138478
550.694 0.00793995399138478
550.744 0.00793995399138478
550.793 0.00793995399138478
550.843 0.00793995399138478
550.892 0.00796697681790224
550.942 0.00796697681790224
550.992 0.00799400967144253
551.041 0.00799400967144253
551.091 0.00799400967144253
551.141 0.00799400967144253
551.19 0.00799400967144253
551.24 0.00802103249795999
551.29 0.00802103249795999
551.339 0.00802103249795999
551.389 0.00802103249795999
551.439 0.00802103249795999
551.488 0.00802103249795999
551.538 0.00802103249795999
551.588 0.00802103249795999
551.637 0.00804805532447746
551.687 0.00804805532447746
551.736 0.00804805532447746
551.786 0.00807508817801775
551.836 0.00807508817801775
551.885 0.00807508817801775
551.935 0.00807508817801775
551.985 0.00807508817801775
552.034 0.00810211100453522
552.084 0.00810211100453522
552.134 0.00810211100453522
552.183 0.00810211100453522
552.233 0.00810211100453522
552.283 0.00810211100453522
552.332 0.00810211100453522
552.382 0.00810211100453522
552.432 0.00807508817801775
552.481 0.00807508817801775
552.531 0.00807508817801775
552.581 0.00810211100453522
552.63 0.00810211100453522
552.68 0.00810211100453522
552.73 0.00807508817801775
552.779 0.00810211100453522
552.829 0.00810211100453522
552.879 0.00810211100453522
552.928 0.00810211100453522
552.978 0.00810211100453522
553.028 0.00810211100453522
553.077 0.00810211100453522
553.127 0.00810211100453522
553.177 0.00810211100453522
553.226 0.00810211100453522
553.276 0.00810211100453522
553.326 0.00810211100453522
553.375 0.0081291438580755
553.425 0.0081291438580755
553.474 0.0081291438580755
553.524 0.00810211100453522
553.574 0.0081291438580755
553.623 0.0081291438580755
553.673 0.0081291438580755
553.723 0.0081291438580755
553.772 0.0081291438580755
553.822 0.0081291438580755
553.872 0.0081291438580755
553.921 0.0081291438580755
553.971 0.0081291438580755
554.021 0.0081291438580755
554.07 0.0081291438580755
554.12 0.0081291438580755
554.17 0.0081291438580755
554.219 0.00815616668459297
554.269 0.00815616668459297
554.319 0.00815616668459297
554.368 0.00815616668459297
554.418 0.00815616668459297
554.468 0.00815616668459297
554.517 0.00815616668459297
554.567 0.00815616668459297
554.617 0.00815616668459297
554.666 0.00815616668459297
554.716 0.00815616668459297
554.766 0.00815616668459297
554.815 0.00815616668459297
554.865 0.0081291438580755
554.915 0.0081291438580755
554.965 0.0081291438580755
555.014 0.0081291438580755
555.064 0.0081291438580755
555.114 0.0081291438580755
