500 0.390473274253687
499.900000000012 0.391523649840187
499.800000000012 0.392574025426818
499.700000000012 0.392287014736105
499.600000000012 0.392000004045226
499.500000000012 0.394485488047741
499.400000000012 0.3969709720506
499.300000000012 0.395438141496152
499.200000000012 0.393905310941207
499.100000000012 0.394961842252792
499.000000000012 0.396018373564697
498.900000000012 0.401154227068313
498.800000000012 0.40629008057243
498.700000000012 0.404690086658627
498.600000000012 0.403090092744
498.500000000012 0.402650398081463
498.400000000012 0.402210703419067
498.300000000012 0.403029030147466
498.200000000012 0.403847356876018
498.100000000012 0.403083991980457
498.000000000012 0.402320627084705
497.900000000012 0.398833573603069
497.800000000012 0.395346520121104
497.700000000012 0.395041207139521
497.600000000012 0.39473589415832
497.500000000012 0.400225976674136
497.400000000012 0.405716059190644
497.300000000012 0.401239692719479
497.200000000012 0.396763326247123
497.100000000012 0.397691576640632
497.000000000012 0.398619827034783
496.900000000012 0.396311430057586
496.800000000012 0.394003033080007
496.700000000012 0.396207607154897
496.600000000012 0.398412181230318
496.500000000012 0.395267155234492
496.400000000012 0.39212212923804
496.300000000012 0.395248852943436
496.200000000012 0.398375576649567
496.100000000012 0.395835130814569
496.000000000012 0.39329468497891
495.900000000012 0.393807643764074
495.800000000012 0.394320602549592
495.700000000012 0.390644260515949
495.600000000012 0.386967918481823
495.500000000011 0.387401512380306
495.400000000011 0.387835106279262
495.300000000011 0.390345048297478
495.200000000011 0.392854990315933
495.100000000011 0.391529805565742
495.000000000011 0.390204620815113
494.900000000011 0.392922153675592
494.800000000011 0.395639686536531
494.700000000011 0.394729793394946
494.600000000011 0.39381990025295
494.500000000011 0.38987484981861
494.400000000011 0.385929799383928
494.300000000011 0.387566452840404
494.200000000011 0.389203106297507
494.100000000011 0.388683991786957
494.000000000011 0.388164877276166
493.900000000011 0.388641231480929
493.800000000011 0.389117585685802
493.700000000011 0.389025964310588
493.600000000011 0.388934342935311
493.500000000011 0.389270214695502
493.400000000011 0.389606086455739
493.300000000011 0.391480889534194
493.200000000011 0.393355692612817
493.100000000011 0.3950412071393
493.000000000011 0.396726721665763
492.900000000011 0.396164901811132
492.800000000011 0.395603081956255
492.700000000011 0.396818343041092
492.600000000011 0.398033604126122
492.500000000011 0.400067191939614
492.400000000011 0.402100779753195
492.300000000011 0.402644297317911
492.200000000011 0.403187814882465
492.100000000011 0.405294666819
492.000000000011 0.407401518755704
491.900000000011 0.404610666810334
491.800000000011 0.401819814864441
491.700000000011 0.403285482059253
491.600000000011 0.404751149254517
491.500000000011 0.408341970676581
491.400000000011 0.41193279209887
491.300000000011 0.418247302107084
491.200000000011 0.424561812115586
491.10000000001 0.421813720476564
491.00000000001 0.419065628836589
490.90000000001 0.426393909850024
490.80000000001 0.433722190864513
490.70000000001 0.434943552713619
490.60000000001 0.436164914562089
490.50000000001 0.439261079488989
490.40000000001 0.442357244416082
490.30000000001 0.448433604802756
490.20000000001 0.454509965189738
490.10000000001 0.455462618638179
490.00000000001 0.456415272086092
489.90000000001 0.46478777296118
489.80000000001 0.473160273837027
489.70000000001 0.478516029634481
489.60000000001 0.483871785431629
489.50000000001 0.487407645021302
489.40000000001 0.490943504610792
489.30000000001 0.499047352047452
489.20000000001 0.507151199484575
489.10000000001 0.512360317112105
489.00000000001 0.517569434739343
488.90000000001 0.529899242537874
488.80000000001 0.542229050337118
488.70000000001 0.548622925232773
488.60000000001 0.555016800127838
488.50000000001 0.56804275450066
488.40000000001 0.581068708874138
488.30000000001 0.586998486053746
488.20000000001 0.592928263232651
488.10000000001 0.603273289325405
488.00000000001 0.613618315418593
487.90000000001 0.624494657549402
487.80000000001 0.635370999680263
487.70000000001 0.645245827293949
487.60000000001 0.655120654907537
487.50000000001 0.66697405353988
487.40000000001 0.678827452172414
487.30000000001 0.6912671836372
487.20000000001 0.703706915102043
487.10000000001 0.709801577779956
487.00000000001 0.715896240457261
486.90000000001 0.720928271059321
486.80000000001 0.725960301661279
486.700000000009 0.735340472779259
486.600000000009 0.744720643897652
486.500000000009 0.747859569131252
486.400000000009 0.750998494364264
486.300000000009 0.757429028801495
486.200000000009 0.763859563239037
486.100000000009 0.764146573930492
486.000000000009 0.764433584621371
485.900000000009 0.762687007498858
485.800000000009 0.760940430376155
485.700000000009 0.755395386027198
485.600000000009 0.749850341677889
485.500000000009 0.742131282032398
485.400000000009 0.734412222386707
485.300000000009 0.722992362691633
485.200000000009 0.711572502996218
485.100000000009 0.697355745553557
485.000000000009 0.683138988110641
484.900000000009 0.661679415303898
484.800000000009 0.640219842496496
484.700000000009 0.628103836225998
484.600000000009 0.615987829956344
484.500000000009 0.594729802190645
484.400000000009 0.573471774424125
484.300000000009 0.552146583297924
484.200000000009 0.530821392171717
484.100000000009 0.514033575151868
484.000000000009 0.497245758132424
483.900000000009 0.479022887658712
483.800000000009 0.460800017184873
483.700000000009 0.444305366581429
483.600000000009 0.427810715978137
483.500000000009 0.411957250116233
483.400000000009 0.396103784254385
483.300000000009 0.386369439084897
483.200000000009 0.376635093915944
483.100000000009 0.369673298402321
483.000000000009 0.362711502888939
482.900000000009 0.350406136617203
482.800000000009 0.338100770345005
482.700000000009 0.338033590495724
482.600000000009 0.337966410647493
482.500000000009 0.326467175074127
482.400000000009 0.314967939499786
482.300000000008 0.312134354728153
482.200000000008 0.309300769957258
482.100000000008 0.306699239540606
482.000000000008 0.304097709123974
481.900000000008 0.299945040366022
481.800000000008 0.295792371607939
481.700000000008 0.292867181950215
481.600000000008 0.289941992292593
481.500000000008 0.291071760246367
481.400000000008 0.292201528200476
481.300000000008 0.287169470118113
481.200000000008 0.282137412035238
481.100000000008 0.284519089623878
481.000000000008 0.286900767213128
480.900000000008 0.282552676162894
480.800000000008 0.27820458511211
480.700000000008 0.277306871511982
480.600000000008 0.276409157912134
480.500000000008 0.275010687053692
480.400000000008 0.273612216195208
480.300000000008 0.275120610719056
480.200000000008 0.276629005243139
480.100000000008 0.274070229636568
480.000000000008 0.27151145402967
479.900000000008 0.272372524575318
479.800000000008 0.273233595121238
479.700000000008 0.278888552143401
479.600000000008 0.284543509165943
479.500000000008 0.27888855214429
479.400000000008 0.27323359512175
479.300000000008 0.271444279677559
479.200000000008 0.269654964233672
479.100000000008 0.271193895551799
479.000000000008 0.272732826870185
478.900000000008 0.273477867490943
478.800000000008 0.27422290811164
478.700000000008 0.275749621414535
478.600000000008 0.277276334717489
478.500000000008 0.276042749357615
478.400000000008 0.27480916399753
478.300000000008 0.275743515154956
478.200000000008 0.276677866312548
478.100000000008 0.278192367096211
478.000000000008 0.279706867879918
477.900000000007 0.278583206185629
477.800000000007 0.277459544491143
477.700000000007 0.276323664781227
477.600000000007 0.275187785071309
477.500000000007 0.276629010739337
477.400000000007 0.278070236407555
477.300000000007 0.279712979635718
477.200000000007 0.281355722863895
477.100000000007 0.280488551554719
477.000000000007 0.279621380245358
476.900000000007 0.280103818725024
476.800000000007 0.280586257204788
476.700000000007 0.276146566763815
476.600000000007 0.271706876322487
476.500000000007 0.271584734641147
476.400000000007 0.271462592960117
476.300000000007 0.27291603114747
476.200000000007 0.274369469334937
476.100000000007 0.275725196376059
476.000000000007 0.277080923417175
475.900000000007 0.274980155755606
475.800000000007 0.272879388093794
475.700000000007 0.270931298907304
475.600000000007 0.268983209720826
475.500000000007 0.268653438723916
475.400000000007 0.268323667727119
475.300000000007 0.269911454618548
475.200000000007 0.27149924151011
475.100000000007 0.267743512605056
475.000000000007 0.263987783699634
474.900000000007 0.263291604148087
474.800000000007 0.262595424596749
474.700000000007 0.260867177245355
474.600000000007 0.259138929893891
474.500000000007 0.255450380836833
474.400000000007 0.251761831779643
474.300000000007 0.25126106902461
474.200000000007 0.25076030626979
474.100000000007 0.247633588060017
474.000000000007 0.244506869850069
473.900000000007 0.244512976109487
473.800000000007 0.244519082369111
473.700000000007 0.245398471693846
473.600000000007 0.246277861018638
473.500000000006 0.244885496419926
473.400000000006 0.243493131821067
473.300000000006 0.24322442891662
473.200000000006 0.242955726012247
473.100000000006 0.242387788905399
473.000000000006 0.241819851798532
472.900000000006 0.241850383096614
472.800000000006 0.241880914394734
472.700000000006 0.240842745831235
472.600000000006 0.239804577267668
472.500000000006 0.241038168123794
472.400000000006 0.242271758980063
472.300000000006 0.241111454231799
472.200000000006 0.239951149483385
472.100000000006 0.240714508882835
472.000000000006 0.241477868282404
471.900000000006 0.240720615142552
471.800000000006 0.239963362002607
471.700000000006 0.244586262217062
471.600000000006 0.249209162431845
471.500000000006 0.248225955701416
471.400000000006 0.247242748970649
471.300000000006 0.250925191767934
471.200000000006 0.254607634565501
471.100000000006 0.254674808917764
471.000000000006 0.254741983269812
470.900000000006 0.257868701479579
470.800000000006 0.260995419689526
470.700000000006 0.260476338156048
470.600000000006 0.259957256622357
470.500000000006 0.267816798712197
470.400000000006 0.275676340802524
470.300000000006 0.27665954753369
470.200000000006 0.277642754264457
470.100000000006 0.280085499946047
470.000000000006 0.282528245627722
469.900000000006 0.287334355615823
469.800000000006 0.292140465604059
469.700000000006 0.296238172529383
469.600000000006 0.300335879454666
469.500000000006 0.306430536635674
469.400000000006 0.312525193816793
469.300000000006 0.312787790461867
469.200000000006 0.313050387106617
469.100000000005 0.323664127095974
469.000000000005 0.334277867085902
468.900000000005 0.340567941063777
468.800000000005 0.346858015041417
468.700000000005 0.354406126898486
468.600000000005 0.361954238755623
468.500000000005 0.367792394559341
468.400000000005 0.373630550362969
468.300000000005 0.383951173402154
468.200000000005 0.394271796441579
468.100000000005 0.40081225454492
468.000000000005 0.407352712648061
467.900000000005 0.420732841071745
467.800000000005 0.434112969495788
467.700000000005 0.439767937511095
467.600000000005 0.445422905526003
467.500000000005 0.457954203403934
467.400000000005 0.470485501282218
467.300000000005 0.487523669449833
467.200000000005 0.504561837617679
467.100000000005 0.515798454562834
467.000000000005 0.527035071507695
466.900000000005 0.540354192297226
466.800000000005 0.553673313086861
466.700000000005 0.566845795706594
466.600000000005 0.580018278326319
466.500000000005 0.59639690450041
466.400000000005 0.612775530674657
466.300000000005 0.632238175210804
466.200000000005 0.651700819747101
466.100000000005 0.665453479474134
466.000000000005 0.679206139200891
465.900000000005 0.702967953260121
465.800000000005 0.726729767319828
465.700000000005 0.742925205705717
465.600000000005 0.759120644091248
465.500000000005 0.781758818440895
465.400000000005 0.804396992790843
465.300000000005 0.821648907526698
465.200000000005 0.838900822262301
465.100000000005 0.860189353845845
465.000000000005 0.881477885429574
464.900000000005 0.896109934481426
464.800000000005 0.910741983532976
464.700000000004 0.924720591354401
464.600000000004 0.938699199175797
464.500000000004 0.949722124514862
464.400000000004 0.960745049853796
464.300000000004 0.96770079956575
464.200000000004 0.974656549277524
464.100000000004 0.982888567708679
464.000000000004 0.99112058613989
463.900000000004 0.995560293069932
463.800000000004 0.99999999999981
463.700000000004 0.992268683865922
463.600000000004 0.984537367731514
463.500000000004 0.974296164540593
463.400000000004 0.964054961349566
463.300000000004 0.950442729105753
463.200000000004 0.936830496861799
463.100000000004 0.919273269145158
463.000000000004 0.901716041428354
462.900000000004 0.876458001394661
462.800000000004 0.851199961360652
462.700000000004 0.820018299873251
462.600000000004 0.788836638385611
462.500000000004 0.755187795185541
462.400000000004 0.721538951985374
462.300000000004 0.686546566782466
462.200000000004 0.651554181579505
462.100000000004 0.615767927663619
462.000000000004 0.579981673747702
461.900000000004 0.547731279421139
461.800000000004 0.515480885094712
461.700000000004 0.484519070938221
461.600000000004 0.453557256781778
461.500000000004 0.42213128994737
461.400000000004 0.390705323112945
461.300000000004 0.367199993941883
461.200000000004 0.343694664771117
461.100000000004 0.318070232671196
461.000000000004 0.292445800571196
460.900000000004 0.277807634267257
460.800000000004 0.263169467963717
460.700000000004 0.24603358864961
460.600000000004 0.228897709335413
460.500000000004 0.216567940009286
460.400000000004 0.204238170683329
460.300000000003 0.191157254477074
460.200000000003 0.178076338270792
460.100000000003 0.169661071592682
460.000000000003 0.161245804914734
459.900000000003 0.152580154111294
459.800000000003 0.143914503307844
459.700000000003 0.137661066887868
459.600000000003 0.131407630467973
459.500000000003 0.124751142439624
459.400000000003 0.118094654411262
459.300000000003 0.115022898033996
459.200000000003 0.111951141656848
459.100000000003 0.104873283241273
459.000000000003 0.0977954248255684
458.900000000003 0.0935938949980352
458.800000000003 0.0893923651705937
458.700000000003 0.0858137397789825
458.600000000003 0.0822351143873908
458.500000000003 0.0758228987288098
458.400000000003 0.0694106830701419
458.300000000003 0.0697893096399059
458.200000000003 0.0701679362098784
458.100000000003 0.0666809157051301
458.000000000003 0.0631938952002653
457.900000000003 0.0622106884694243
457.800000000003 0.0612274817386573
457.700000000003 0.0547725167665947
457.600000000003 0.0483175517943735
457.500000000003 0.0498687011279629
457.400000000003 0.0514198504617798
457.300000000003 0.0479511487359298
457.200000000003 0.0444824470099371
457.100000000003 0.0429435156914973
457.000000000003 0.0414045843731112
456.900000000003 0.0430778643955047
456.800000000003 0.0447511444179859
456.700000000003 0.0403297727556924
456.600000000003 0.0359084010932361
456.500000000003 0.0344732816845641
456.400000000003 0.0330381622759701
456.300000000003 0.0336549604521423
456.200000000003 0.0342717586283681
456.100000000003 0.0305160297230585
456.000000000003 0.0267603008176369
455.900000000002 0.0235725145152516
455.800000000002 0.0203847282128804
455.700000000002 0.0242015252105542
455.600000000002 0.0280183222083993
455.500000000002 0.0250992388105633
455.400000000002 0.0221801554125664
455.300000000002 0.0225282451881575
455.200000000002 0.0228763349638266
455.100000000002 0.0212824418126863
455.000000000002 0.0196885486615007
454.900000000002 0.0207694665385579
454.800000000002 0.0218503844156758
454.700000000002 0.0214839703649835
454.600000000002 0.0211175563142591
454.500000000002 0.0193221346107789
454.400000000002 0.0175267129072679
454.300000000002 0.0194809138494729
454.200000000002 0.0214351147917589
454.100000000002 0.0160427489179381
454.000000000002 0.0106503830439628
453.900000000002 0.0147419837094281
453.800000000002 0.0188335843750874
453.700000000002 0.0190900747602891
453.600000000002 0.0193465651454145
453.500000000002 0.015847326625192
453.400000000002 0.0123480881048969
453.300000000002 0.0114442737415586
453.200000000002 0.0105404593782704
453.100000000002 0.0123847311587226
453.000000000002 0.0142290029392264
452.900000000002 0.0133557198741078
452.800000000002 0.0124824368089398
452.700000000002 0.0121465595525093
452.600000000002 0.0118106822960882
452.500000000002 0.0119999983291571
452.400000000002 0.0121893143622349
452.300000000002 0.0106564893035022
452.200000000002 0.00912366424474014
452.100000000002 0.00720610635638792
452.000000000002 0.00528854846802935
451.900000000002 0.00701068406362809
451.800000000002 0.00873281965928477
451.700000000002 0.00927022546804992
451.600000000002 0.00980763127679689
451.500000000001 0.00759694544560996
451.400000000001 0.00538625961438242
451.300000000001 0.0075175585742508
451.200000000001 0.00964885753418335
451.100000000001 0.0126473278034643
451.000000000001 0.0156457980727576
450.900000000001 0.00996641051565513
450.800000000001 0.00428702295843425
450.700000000001 0.00629618023723598
450.600000000001 0.00830533751613823
450.500000000001 0.00910533996964955
450.400000000001 0.00990534242314575
450.300000000001 0.0118229003114903
450.200000000001 0.0137404581998489
450.100000000001 0.011908398938638
450.000000000001 0.0100763396773823
449.900000000001 0.00776183094400141
449.800000000001 0.00544732221061502
449.700000000001 0.00693129169616057
449.600000000001 0.00841526118174715
449.500000000001 0.00714503276776309
449.400000000001 0.00587480435375086
449.300000000001 0.0038351102805531
449.200000000001 0.00179541620734747
449.100000000001 0.00364579974362088
449.000000000001 0.00549618327993189
448.900000000001 0.00411603120034967
448.800000000001 0.00273587912073807
448.700000000001 0.00473893013998745
448.600000000001 0.00674198115926566
448.500000000001 0.00544732770678356
448.400000000001 0.00415267425427522
448.300000000001 0.00551450205881035
448.200000000001 0.00687632986336663
448.100000000001 0.00539236037780108
448.000000000001 0.0039083908922145
447.900000000001 0.00577098694775074
447.800000000001 0.00763358300330981
447.700000000001 0.00642442268173995
447.600000000001 0.00521526236015089
447.500000000001 0.00260763118008683
447.400000000001 1.48226671403303E-14
447.300000000001 0.00385343455556732
447.200000000001 0.00770686911115655
447.1 0.00670534360154228
447 0.00570381809190317
446.9 0.00605801412719014
446.8 0.00641221016248327
446.7 0.00616793779279153
446.6 0.0059236654230974
446.5 0.00666870054760749
446.4 0.00741373567212096
446.3 0.00753587735315339
446.2 0.0076580190341837
446.1 0.00704732711758398
446 0.00643663520098218
445.9 0.00579541748244354
445.8 0.00515419976390484
445.7 0.00461068769553367
445.6 0.00406717562716267
445.5 0.00575267366507216
445.4 0.00743817170298418
445.3 0.00770686911117604
445.2 0.00797556651936628
445.1 0.00713282024850228
445 0.00629007397763765
