525 0
525.1 0
525.2 2.73000382520039E-5
525.3 0.00270270378670529
525.4 0.00270270378670529
525.5 0.00270270378670529
525.6 0.00417690585218466
525.7 0.00540540757341069
525.8 0.00690690410657166
525.9 0.00810810133309269
526 0.00833695903201661
526.1 0.0116063547308456
526.2 0.0148757504296747
526.3 0.0183565830719266
526.4 0.0227191168524406
526.5 0.0336945840614445
526.6 0.0439459383037495
526.7 0.0598455372945324
526.8 0.0819084151176153
526.9 0.134765185325319
527 0.175490693995833
527.1 0.231234258801972
527.200000000001 0.336273098105153
527.300000000001 0.424886903538789
527.400000000001 0.494780792857751
527.500000000001 0.550699078845404
527.600000000001 0.587391848442803
527.700000000001 0.601111055207575
527.800000000001 0.598138908982758
527.900000000001 0.588631880505838
528.000000000001 0.566358098232386
528.100000000001 0.530796470171052
528.200000000001 0.50377315379779
528.300000000001 0.489729902086014
528.400000000001 0.485706583268723
528.500000000001 0.478702563408296
528.600000000001 0.470415151383267
528.700000000001 0.464973640874862
528.800000000001 0.462737318035942
528.900000000001 0.460566407190248
529.000000000001 0.459459242658963
529.100000000001 0.459459242658963
529.200000000001 0.45943221983242
529.300000000001 0.456784255791605
529.400000000001 0.459513834227715
529.500000000001 0.462492478454038
529.600000000001 0.469026867407689
529.700000000001 0.474406513407968
529.800000000001 0.48206602218087
529.900000000001 0.48970065542862
530.000000000001 0.497004799556503
530.100000000001 0.506420878092079
530.200000000001 0.51698215354356
530.300000000001 0.524641662316467
530.400000000001 0.532301171089374
530.500000000001 0.542014365077658
530.600000000001 0.54943983125439
530.700000000001 0.554900000957192
530.800000000001 0.556756458656075
530.900000000001 0.554936493548567
531.000000000001 0.552220127716519
531.100000000001 0.5513508906503
531.200000000001 0.5513508906503
531.300000000001 0.550303066764849
531.400000000001 0.550540205854816
531.500000000001 0.553644161925636
531.600000000002 0.562162026661851
531.700000000002 0.568058645321989
531.800000000002 0.576248393460903
531.900000000002 0.586486079985727
532.000000000002 0.596968410948727
532.100000000002 0.606099099234747
532.200000000002 0.610236921837728
532.300000000002 0.608675330014342
532.400000000002 0.602375771832483
532.500000000002 0.592859532559401
532.600000000002 0.578068925605
532.700000000002 0.565192273986331
532.800000000002 0.545150769558412
532.900000000002 0.524459588591014
533.000000000002 0.513080973222634
533.100000000002 0.50226983721108
533.200000000002 0.493594296629262
533.300000000002 0.483350850542005
533.400000000002 0.482523481864738
533.500000000002 0.48774655805528
533.600000000002 0.500529657156015
533.700000000002 0.516216202666184
533.800000000002 0.540926224747698
533.900000000002 0.566891271978377
534.000000000002 0.586979192708546
534.100000000002 0.629095166576474
534.200000000002 0.653520325713664
534.300000000002 0.67742215611259
534.400000000002 0.707500632572761
534.500000000002 0.73189144745139
534.600000000002 0.756160935353945
534.700000000002 0.767898486421144
534.800000000002 0.773188422799559
534.900000000002 0.784059141427084
535.000000000002 0.792222161173462
535.100000000002 0.797682898268099
535.200000000002 0.802702282651743
535.300000000002 0.802215871774304
535.400000000002 0.799999999999997
535.500000000002 0.799999999999997
535.600000000002 0.799448309111287
535.700000000002 0.793999709216202
535.800000000002 0.791891146640192
535.900000000002 0.789188863988445
536.000000000003 0.791891146640192
536.100000000003 0.79459443199422
536.200000000003 0.795366512752001
536.300000000003 0.801654765716338
536.400000000003 0.806287946014648
536.500000000003 0.811729250329778
536.600000000003 0.816215701315041
536.700000000003 0.821621269320815
536.800000000003 0.825404866114319
536.900000000003 0.827026837326592
537.000000000003 0.825891457477753
537.100000000003 0.823134547605646
537.200000000003 0.815026696948121
537.300000000003 0.809621128942345
537.400000000003 0.804162056742765
537.500000000003 0.796053664626011
537.600000000003 0.790622728252478
537.700000000003 0.78518900436661
537.800000000003 0.779783436360831
537.900000000003 0.775675445325148
538.000000000003 0.772972159971119
538.100000000003 0.772972159971119
538.200000000003 0.772972159971119
538.300000000003 0.771512927339012
538.400000000003 0.771783155604515
538.500000000003 0.772972159971119
538.600000000003 0.774540065476623
538.700000000003 0.775675445325148
538.800000000003 0.778377727976894
538.900000000003 0.780087969731657
539.000000000003 0.781081013330923
539.100000000003 0.785567464316504
539.200000000003 0.786486581336699
539.300000000003 0.789188863988445
539.400000000003 0.793822064750393
539.500000000003 0.796579782514051
539.600000000003 0.799297145808126
539.700000000003 0.804756779520985
539.800000000003 0.812918695885588
539.900000000003 0.82054015572003
540.000000000003 0.828756117737667
540.100000000003 0.837405447681686
540.200000000003 0.850358471182441
540.300000000003 0.861334193611545
540.400000000004 0.87005411584238
540.500000000004 0.878053895248065
540.600000000004 0.88897218002555
540.700000000004 0.899999498649235
540.800000000004 0.91091874602091
540.900000000004 0.91913470803855
541.000000000004 0.93006057447309
541.100000000004 0.94076043099438
541.200000000004 0.94920009425441
541.300000000004 0.95708735040955
541.400000000004 0.9679999598921
541.500000000004 0.97616185620266
541.600000000004 0.98162146986147
541.700000000004 0.98648557863442
541.800000000004 0.98979549886966
541.900000000004 0.99459443199422
542.000000000004 0.99729671464597
542.100000000004 0.99729671464597
542.200000000004 1
542.300000000004 0.99729671464597
542.400000000004 0.99376689566113
542.500000000004 0.99102641619142
542.600000000004 0.98475611773686
542.700000000004 0.97745895187508
542.800000000004 0.96843198419697
542.900000000004 0.96124290964126
543.000000000004 0.95481045417355
543.100000000004 0.9422698572651
543.200000000004 0.93589146750447
543.300000000004 0.9260535142206
543.400000000004 0.916972480835391
543.500000000004 0.90875651881775
543.600000000004 0.895243100154457
543.700000000004 0.887134627821519
543.800000000004 0.87529724607748
543.900000000004 0.865512977473824
544.000000000004 0.854702222489136
544.100000000004 0.843891708153001
544.200000000004 0.835675746135358
544.300000000004 0.827566892775553
544.400000000004 0.817837672527218
544.500000000004 0.811351191460504
544.600000000004 0.803135229442862
544.700000000004 0.796161755931991
544.800000000005 0.785351201487762
544.900000000005 0.77876434132795
545.000000000005 0.770594151237088
545.100000000005 0.762485859390562
545.200000000005 0.755567454289056
545.300000000005 0.748864329367146
545.400000000005 0.741999528729673
545.500000000005 0.73389167807215
545.600000000005 0.728432044359292
545.700000000005 0.72032419370177
545.800000000005 0.713621530022897
545.900000000005 0.708107850657003
546.000000000005 0.698648357322723
546.100000000005 0.693242789316949
546.200000000005 0.687783656955232
546.300000000005 0.679675325000612
546.400000000005 0.674269756994835
546.500000000005 0.670270378670514
546.600000000005 0.666107860684278
546.700000000005 0.664864810664738
546.800000000005 0.662161525310709
546.900000000005 0.660594201372428
547.000000000005 0.657859932517857
547.100000000005 0.656756960007217
547.200000000005 0.656756960007217
547.300000000005 0.656756960007217
547.400000000005 0.654053674653188
547.500000000005 0.654053674653188
547.600000000005 0.654053674653188
547.700000000005 0.654053674653188
547.800000000005 0.654053674653188
547.900000000005 0.654053674653188
548.000000000005 0.654053674653188
548.100000000005 0.654053674653188
548.200000000005 0.654053674653188
548.300000000005 0.654053674653188
548.400000000005 0.656756960007217
548.500000000005 0.659459242658963
548.600000000005 0.66162106878065
548.700000000005 0.662161525310709
548.800000000005 0.664423457954176
548.900000000005 0.664864810664738
549.000000000005 0.667567093316485
549.100000000005 0.669945984428327
549.200000000006 0.672696918194833
549.300000000006 0.67545434947213
549.400000000006 0.678212722061768
549.500000000006 0.678378229328035
549.600000000006 0.678378229328035
549.700000000006 0.681080511979783
549.800000000006 0.681080511979783
549.900000000006 0.686486079985558
550.000000000006 0.686540145692944
550.100000000006 0.689189365339587
550.200000000006 0.691781350739925
550.300000000006 0.691891647991334
550.400000000006 0.691891647991334
550.500000000006 0.691891647991334
550.600000000006 0.694869776087688
550.700000000006 0.69729721599711
550.800000000006 0.69729721599711
550.900000000006 0.699999498648856
551.000000000006 0.702702784002884
551.100000000006 0.702702784002884
551.200000000006 0.703243240533553
551.300000000006 0.70540506665463
551.400000000006 0.70540506665463
551.500000000006 0.70540506665463
551.600000000006 0.706066850161517
551.700000000006 0.708107349306377
551.800000000006 0.710810634660407
551.900000000006 0.710810634660407
552.000000000006 0.711637864043932
552.100000000006 0.713512917312153
552.200000000006 0.713512917312153
552.300000000006 0.713512917312153
552.400000000006 0.712540095557187
552.500000000006 0.710810634660407
552.600000000006 0.713512917312153
552.700000000006 0.712432004251112
552.800000000006 0.713512917312153
552.900000000006 0.713512917312153
553.000000000006 0.713512917312153
553.100000000006 0.713512917312153
553.200000000006 0.713512917312153
553.300000000006 0.713512917312153
553.400000000006 0.716216202666181
553.500000000006 0.714810494281738
553.600000000007 0.716216202666181
553.700000000007 0.716216202666181
553.800000000007 0.716216202666181
553.900000000007 0.716216202666181
554.000000000007 0.716216202666181
554.100000000007 0.716216202666181
554.200000000007 0.717870661432922
554.300000000007 0.718918485317928
554.400000000007 0.718918485317928
554.500000000007 0.718918485317928
554.600000000007 0.718918485317928
554.700000000007 0.718918485317928
554.800000000007 0.718918485317928
554.900000000007 0.716216202666181
555 0.716216202666181
