500 0.356926806036192
499.8 0.367788649874784
499.6 0.362316450387168
499.4 0.372903235095526
499.2 0.366688693835628
499 0.353352065776343
498.8 0.364818815316025
498.6 0.367898598731736
498.4 0.361436485555843
498.2 0.357229258886738
498 0.36523131051745
497.8 0.365148755380809
497.6 0.36751359074455
497.4 0.353984458691672
497.2 0.359731623815596
497 0.369630947686222
496.8 0.36633117306268
496.6 0.361628989549436
496.4 0.377275478543985
496.2 0.365891190647017
496 0.360996503140181
495.8 0.360639075861159
495.6 0.362673971160116
495.4 0.352802041009802
495.2 0.354946978659637
495 0.360831579854752
494.8 0.365863703432779
494.6 0.36784362430326
494.4 0.372490833388027
494.2 0.357036848387071
494 0.370235946881239
493.8 0.361986510322384
493.6 0.377082974550392
493.4 0.376808008914085
493.2 0.37911786984935
493 0.381537679641567
492.8 0.373920729491967
492.6 0.381455217998852
492.4 0.380245313102744
492.2 0.37260078224498
492 0.383352583732693
491.8 0.387119827986135
491.6 0.380547765953289
491.4 0.386844862349828
491.2 0.377467982537579
491 0.403316341747226
490.8 0.392344549051682
490.6 0.40364628181201
490.4 0.405653689896728
490.2 0.419155241241442
490 0.423747475897733
489.8 0.426799772099206
489.6 0.447395923029069
489.4 0.450585748795658
489.2 0.465269811316168
489 0.474646691128418
488.8 0.480998761953432
488.6 0.49263052827247
488.4 0.505334669922499
488.2 0.524473437534184
488 0.542099753905288
487.8 0.564978278556177
487.6 0.575950071251721
487.4 0.595638770136021
487.2 0.595913829266254
487 0.619232242838879
486.8 0.628334157014821
486.6 0.628471686579938
486.4 0.637683549612832
486.2 0.660754578257314
486 0.665099334491536
485.8 0.653962525016637
485.6 0.635153697469737
485.4 0.635126210255498
485.2 0.623494537430387
485 0.600065988012957
484.8 0.579909819498757
484.6 0.542209796256167
484.4 0.532365446814017
484.2 0.508524495689089
484 0.465379760173121
483.8 0.446928453399168
483.6 0.416322936247801
483.4 0.404031289799196
483.2 0.374085652777396
483 0.368888512420014
482.8 0.365808729004303
482.6 0.353682005841127
482.4 0.337293081580369
482.2 0.337925567989624
482 0.31559697461135
481.8 0.313754583305986
481.6 0.310757355026916
481.4 0.306165120370625
481.2 0.296788240558376
481 0.307072572416188
480.8 0.301022954441719
480.6 0.299620545552017
480.4 0.300500510383342
480.2 0.301847851350641
480 0.307567529260327
479.8 0.294505866837349
479.6 0.307457486909448
479.4 0.296733266129899
479.2 0.313452130455441
479 0.309712373416236
478.8 0.302370388902944
478.6 0.314167078507411
478.4 0.31798929718933
478.2 0.318374305176515
478 0.312324687202047
477.8 0.318566809170109
477.6 0.312132183208454
477.4 0.322554044631382
477.2 0.320959131748088
477 0.319309244436317
476.8 0.326101297676994
476.6 0.316834460215623
476.4 0.316944409072576
476.2 0.322554044631382
476 0.312407242338687
475.8 0.303882746649598
475.6 0.306137633156387
475.4 0.308777434156435
475.2 0.300417955246701
475 0.301930406487282
474.8 0.305835086811915
474.6 0.300582972026056
474.4 0.300857937662364
474.2 0.296815727772614
474 0.293955935564734
473.8 0.302370388902944
473.6 0.2927459371747
473.4 0.302920320175559
473.2 0.284606505569153
473 0.301132903298671
472.8 0.296458206999666
472.6 0.313507104883917
472.4 0.298080607097199
472.2 0.300775476019649
472 0.303112824169152
471.8 0.305477659532893
471.6 0.305422685104417
471.4 0.305945129162794
471.2 0.310427321468206
471 0.307595016474565
470.8 0.301820364136403
470.6 0.307072572416188
470.4 0.310454808682444
470.2 0.302315320980542
470 0.300665433668771
469.8 0.307155034058902
469.6 0.316119418669727
469.4 0.316614469007792
469.2 0.322856497481928
469 0.319364218864793
468.8 0.32981356750196
468.6 0.330253549917623
468.4 0.343892630827453
468.2 0.348512352697982
468 0.351289683263148
467.8 0.372738311810097
467.6 0.39465431649302
467.4 0.398394073532225
467.2 0.413325614474804
467 0.433894278190429
466.8 0.47038439653691
466.6 0.491613033876028
466.4 0.509266930955297
466.2 0.548836832717489
466 0.588214323980014
465.8 0.627564234534375
465.6 0.671203926894482
465.4 0.718033351527251
465.2 0.747978895055125
465 0.800693014376935
464.8 0.85172966567881
464.6 0.888247271239529
464.4 0.928944616255116
464.2 0.957405289250573
464 0.980366275544177
463.8 0.993592954746509
463.6 1
463.4 0.984656057349922
463.2 0.950805740003489
463 0.923472510261426
462.8 0.864846302530264
462.6 0.816724417864745
462.4 0.758015748490868
462.2 0.685392939076927
462 0.616922381903615
461.8 0.548644328723896
461.6 0.489110762441096
461.4 0.441511321833954
461.2 0.399191576720835
461 0.349144839107238
460.8 0.324396435936747
460.6 0.299675519980493
460.4 0.270444933853982
460.2 0.262085473643034
460 0.262965419775573
459.8 0.257410777344028
459.6 0.26929000338635
459.4 0.288016285146003
459.2 0.315349496189281
459 0.356706814828361
458.8 0.401143916883152
458.6 0.439256435327166
458.4 0.497030165441242
458.2 0.554968912334672
458 0.561898495140466
457.8 0.56470331291987
457.6 0.530605517151367
457.4 0.4735742223035
457.2 0.413105623266973
457 0.345405082068033
456.8 0.288428761648642
456.6 0.235494697865964
456.4 0.186877856356306
456.2 0.138590992309003
456 0.10188088275469
455.8 0.0693229973928284
455.6 0.0609910337455106
455.4 0.0460595115017163
455.2 0.0327778672203003
455 0.0300830450448126
454.8 0.0259308115029691
454.6 0.0298355572733506
454.4 0.026178299274431
454.2 0.021558596102687
454 0.0194137425973847
453.8 0.0171038910115127
453.6 0.0168564032400507
453.4 0.0135291227034853
453.2 0.0150140212840792
453 0.016471432650435
452.8 0.0113017701578982
452.6 0.015453994350349
452.4 0.0147665428620099
452.2 0.0103668308980971
452 0.00827696117066362
451.8 0.0129241609060384
451.6 0.00948688476555745
451.4 0.00800197683557089
451.2 0.0103943274617278
451 0.0101193431266351
450.8 0.0108343005279976
450.6 0.00536214778734467
450.4 0
450.2 0.0187262817596529
450 0.00511466936527536
449.8 0.0117967363514295
449.6 0.00662707385889265
449.4 0.0159764664569037
449.2 0.0104493205889893
449 0.00673706011341559
448.8 0.0132266418047619
448.6 0.0136116123943775
448.4 0.0188087807999378
448.2 0.00684705571733122
448 0.00775449841350159
447.8 0.00984435879154238
447.6 9.89932387062581E-4
447.4 0.00420722666910499
447.2 0.00621459735625357
447 0.00948688476555745
446.8 0.00313479524175752
446.6 0.0181488165258367
446.4 0.012869167778777
446.2 0.00951438132918818
446 0.00673706011341559
445.8 0.0194962322882769
445.6 0.00833195429792509
445.4 0.00786448466802453
445.2 0.0118242329150602
445 0.0185612930284758
