14.2 0.295467695274832
14.1 0.280038572806172
14 0.282063645130184
13.9 0.278977820636452
13.8 0.275699132111862
13.7 0.282256509161042
13.6 0.278495660559306
13.5 0.278881388621023
13.4 0.272227579556413
13.3 0.282931533269046
13.2 0.278399228543877
13.1 0.283992285438766
13 0.28351012536162
12.9 0.294889103182257
12.8 0.292189006750241
12.7 0.300289296046288
12.6 0.29672131147541
12.5 0.301542912246866
12.4 0.307425265188043
12.3 0.310318225650916
12.2 0.309546769527483
12.1 0.31427193828351
12 0.313307618129219
11.9 0.303567984570878
11.8 0.300771456123433
11.7 0.298167791706847
11.6 0.300385728061717
11.5 0.300964320154292
11.4 0.30559305689489
11.3 0.302700096432016
11.2 0.301735776277725
11.1 0.299324975891996
11 0.298457087753134
10.9 0.301060752169721
10.8 0.305689488910319
10.7 0.311571841851495
10.6 0.315718418514947
10.5 0.321504339440695
10.4 0.325843780135005
10.3 0.333365477338477
10.2 0.339826422372228
10.1 0.347540983606558
10 0.356316297010608
9.9 0.366923818707811
9.8 0.370781099324976
9.7 0.372709739633559
9.6 0.381002892960463
9.5 0.393346190935391
9.4 0.397492767598843
9.3 0.406268081002893
9.2 0.421890067502411
9.1 0.42864030858245
9 0.430279652844745
8.9 0.44281581485053
8.8 0.460077145612343
8.7 0.471359691417551
8.6 0.488621022179364
8.5 0.509064609450338
8.4 0.531533269045323
8.3 0.551591128254581
8.2 0.580617164898747
8.1 0.60771456123433
8 0.635583413693346
7.9 0.66046287367406
7.8 0.68678881388621
7.7 0.721504339440694
7.6 0.752266152362584
7.5 0.787849566055931
7.4 0.826229508196721
7.3 0.859209257473481
7.2 0.881099324975892
7.1 0.912343297974928
7 0.92864030858245
6.9 0.938379942140791
6.8 0.952555448408872
6.7 0.968081002892961
6.6 0.974638379942141
6.5 0.988331726133076
6.4 0.992381870781099
6.3 1
6.2 0.993924783027965
6.1 0.991321118611379
6 0.98351012536162
5.9 0.981774349083896
5.8 0.964223722275795
5.7 0.955255544840887
5.6 0.929797492767599
5.5 0.901735776277724
5.4 0.871070395371263
5.3 0.84069431051109
5.2 0.800867888138862
5.1 0.776663452266152
5 0.743876567020251
4.9 0.709643201542912
4.8 0.681774349083896
4.7 0.667502410800386
4.6 0.650819672131148
4.5 0.636451301832208
4.4 0.623432979749277
4.3 0.611861137897782
4.2 0.594214079074253
4.1 0.573191899710704
4 0.564320154291225
3.9 0.557280617164899
3.8 0.546769527483124
3.7 0.53519768563163
3.6 0.526133076181292
3.5 0.515043394406943
3.4 0.499517839922854
3.3 0.486306653809064
3.2 0.471070395371263
3.1 0.455834136933462
3 0.440115718418515
2.9 0.42854387656702
2.8 0.416682738669238
2.7 0.41205400192864
2.6 0.40221793635487
2.5 0.39884281581485
2.4 0.398071359691417
2.3 0.404243008678881
2.2 0.409161041465767
2.1 0.418611378977821
2 0.42304725168756
1.9 0.430472516875603
1.8 0.432304725168756
1.7 0.443008678881389
1.6 0.452555448408872
1.5 0.459016393442623
1.4 0.460752169720347
1.3 0.469913211186114
1.2 0.465284474445516
1.1 0.470009643201543
1 0.473095467695275
0.9 0.473191899710704
0.8 0.459691417550627
0.7 0.446480231436837
0.6 0.418418514946962
0.5 0.394985535197685
0.4 0.367502410800386
0.3 0.336933461909354
0.2 0.307135969141755
0.1 0.272709739633558
5.55111512312578E-17 0.229797492767599
-0.1 0.185245901639344
-0.2 0.144551591128255
-0.3 0.100771456123433
-0.4 0.0665380906460945
-0.5 0.0396335583413693
-0.6 0.0249758919961427
-0.7 0.0154291224686596
-0.8 0.0105110896817743
-0.9 0.00954676952748312
-1 0.00916104146576662
-1.1 0.00617164898746384
-1.2 0.00607521697203471
-1.3 0.00414657666345226
-1.4 0.00270009643201543
-1.5 0.00231436837029894
-1.6 0.00221793635486982
-1.7 0
-1.8 8.67888138862103E-4
-1.9 0.00202507232401157
-2 0.00241080038572806
-2.1 7.7145612343298E-4
-2.2 0.00250723240115719
-2.3 0.00260366441658631
-2.4 0.00115718418514947
-2.5 0.00183220829315333
-2.6 0.00231436837029894
-2.7 0.00144648023143683
-2.8 0.00115718418514947
-2.9 0.00106075216972035
-3 9.6432015429122E-4
-3.1 0.00192864030858245
-3.2 0.00135004821600771
-3.3 4.82160077145613E-4
-3.4 7.71456123432975E-4
-3.5 1.9286403085824E-4
-3.6 0.00135004821600771
-3.7 0.00392156862745067
-3.8 0.00568948891031637
