15 0.372401025348903
14.9 0.369552833950441
14.8 0.362289945884363
14.7 0.3520364568499
14.6 0.348618627171746
14.5 0.338365138137283
14.4 0.337653090287667
14.3 0.331529478780974
14.2 0.320848761036742
14.1 0.319282255767588
14 0.31387069211051
13.9 0.326545143833666
13.8 0.310880091142125
13.7 0.311307319851894
13.6 0.314867559099971
13.5 0.312731415551125
13.4 0.311164910281971
13.3 0.311164910281971
13.2 0.316291654799202
13.1 0.314582739960125
13 0.318427798348049
12.9 0.310452862432355
12.8 0.315294787809741
12.7 0.322984904585588
12.6 0.320706351466819
12.5 0.330247792651666
12.4 0.32583309598405
12.3 0.335089718029052
12.2 0.335232127598975
12.1 0.333380803189974
12 0.347194531472515
11.9 0.3483338080319
11.8 0.339077185986898
11.7 0.354457419538593
11.6 0.363429222443748
11.5 0.36257476502421
11.4 0.356451153517516
11.3 0.362717174594133
11.2 0.378524636855597
11.1 0.369552833950441
11 0.38051837083452
10.9 0.382654514383367
10.8 0.383081743093136
10.7 0.390914269438906
10.6 0.400028481913985
10.5 0.401167758473369
10.4 0.395898604386215
10.3 0.403731130731985
10.2 0.410994018798063
10.1 0.404300769011678
10 0.419965821703218
9.9 0.413272571916833
9.8 0.422671603531757
9.7 0.433494730845913
9.6 0.409285103958986
9.5 0.430646539447451
9.4 0.428795215038451
9.3 0.435346055254913
9.2 0.435630874394759
9.1 0.469097123326687
9 0.466391341498149
8.9 0.47977784107092
8.8 0.479208202791228
8.7 0.494446026772999
8.6 0.510538308174309
8.5 0.526630589575619
8.4 0.537880945599544
8.3 0.587154656792936
8.2 0.588863571632014
8.1 0.617060666476787
8 0.640415835944175
7.9 0.662774138422102
7.8 0.681287382512105
7.7 0.699943036172031
7.6 0.735972657362575
7.5 0.762033608658502
7.4 0.799060096838508
7.3 0.831102250071205
7.2 0.845058387923669
7.1 0.860581031045286
7 0.904727997721447
6.9 0.891768726858445
6.8 0.908003417829678
6.7 0.959982910851609
6.6 0.950868698376531
6.5 1
6.4 0.964682426659072
6.3 0.992452292794076
6.2 0.982056394189689
6.1 0.988749643976075
6 0.987895186556537
5.9 0.966248931928225
5.8 0.956565081173455
5.7 0.956422671603532
5.6 0.933209911706067
5.5 0.920108231273142
5.4 0.904443178581601
5.3 0.90487040729137
5.2 0.888066078040444
5.1 0.849188265451438
5 0.813728282540587
4.9 0.802905155226431
4.8 0.786243235545429
4.7 0.742096268869268
4.6 0.71461122187411
4.5 0.681287382512105
4.4 0.687126174878952
4.3 0.685844488749644
4.2 0.669894616918257
4.1 0.650099686698946
4 0.648390771859869
3.9 0.636855596696098
3.8 0.622614639703788
3.7 0.599401879806323
3.6 0.601680432925093
3.5 0.585872970663629
3.4 0.572771290230704
3.3 0.577470806038166
3.2 0.560239248077471
3.1 0.535032754201082
3 0.534605525491313
2.9 0.545286243235545
2.8 0.54044431785816
2.7 0.540017089148391
2.6 0.53859299344916
2.5 0.552121902591854
2.4 0.568783822272857
2.3 0.547849615494161
2.2 0.57305610937055
2.1 0.608373682711478
2 0.593990316149245
1.9 0.615636570777556
1.8 0.642836798632868
1.7 0.674594132725719
1.6 0.662062090572486
1.5 0.705354599829109
1.4 0.700512674451723
1.3 0.735830247792652
1.2 0.71048134434634
1.1 0.728709769296497
1 0.730133864995728
0.9 0.723440615209342
0.8 0.71874109940188
0.7 0.713044716604956
0.6 0.686556536599259
0.5 0.654229564226716
0.4 0.647393904870407
0.3 0.592423810880091
0.2 0.565935630874395
0.1 0.50227855311877
0 0.432213044716605
-0.1 0.368840786100826
-0.2 0.30561093705497
-0.3 0.248504699515807
-0.4 0.185274850469952
-0.5 0.137282825405867
-0.6 0.102534890344631
-0.7 0.0669324978638565
-0.8 0.0549700939903162
-0.9 0.0481344346340074
-1 0.0410139561378525
-1.1 0.0333238393620051
-1.2 0.0323269723725434
-1.3 0.0276274565650812
-1.4 0.0213614354884648
-1.5 0.018798063229849
-1.6 0.0168043292509257
-1.7 0.017231557960695
-1.8 0.015807462261464
-1.9 0.0159498718313871
-2 0.014383366562233
-2.1 0.0136713187126175
-2.2 0.0121048134434634
-2.3 0.0128168612930789
-2.4 0.0126744517231558
-2.5 0.00783252634577043
-2.6 0.0128168612930789
-2.7 0.00740529763600114
-2.8 0.00939903161492452
-2.9 0.00455710623753916
-3 0.00412987752776986
-3.1 0.00384505838792367
-3.2 0.00412987752776986
-3.3 0.00712047849615494
-3.4 0.0102534890344631
-3.5 0.00840216462546283
-3.6 0.00655084021646254
-3.7 0.0103958986043862
-3.8 0.00569638279692395
-3.9 0.00954144118484762
-4 0
-4.1 0.00797493591569353
-4.2 0.00598120193677015
-4.3 0.00441469666761606
-4.4 0.00683565935630874
-4.5 0.00626602107661635
-4.6 0.00469951580746226
-4.7 0.00512674451723155
-4.8 0.00412987752776986
-4.9 0.00726288806607804
-5 0.00370264881800057
