-2.83816 1.60576300898587E-4
-2.67632 1.60576300898587E-4
-2.4965 1.60576300898587E-4
-2.31668 1.60576300898587E-4
-2.13686 1.60576300898587E-4
-1.95704 1.60576300898587E-4
-1.7952 0.00582707600891885
-1.61538 1.07973109024565E-4
-1.43556 1.07973109024565E-4
-1.25574 1.07973109024565E-4
-1.07592 0.00577170455213265
-0.896104 0.00571633432705498
-0.734266 0
-0.554446 0.00566373144310808
-0.374625 0.00560835967839475
-0.212787 0.0168914791605344
-0.0509491 0.0337414999395927
0.110889 0.0504420172124919
0.254745 0.0670511716206109
0.416583 0.0834526828511619
0.56044 0.105465247867408
0.722278 0.115851257272316
0.884116 0.131804376722786
1.04595 0.147608023428571
1.22577 0.14611299273985
1.38761 0.144767448491921
1.54945 0.143421904243992
1.72927 0.141926873555271
1.90909 0.146095620525714
2.08891 0.15020899558754
2.25075 0.160096872565712
2.41259 0.175551624823319
2.55644 0.202391002739279
2.68232 0.234911788207042
2.80819 0.267200148378143
2.93407 0.304927870164254
3.04196 0.342723785528901
3.16783 0.385581139643156
3.25774 0.428981046786923
3.36563 0.471687703103572
3.45554 0.514644640626289
3.54545 0.563057711150855
3.65335 0.604933472292262
3.76124 0.646544956356946
3.86913 0.68789066018714
3.97702 0.723295731434029
4.08492 0.76981635629574
4.17483 0.811195205718641
4.28272 0.851477795388222
4.39061 0.885818594813878
4.53447 0.918017367144184
4.66034 0.950900408245492
4.78621 0.97784005155529
4.93007 0.992143749479995
5.09191 0.999525248856273
5.27173 1
5.45155 0.989036452008163
5.61339 0.984835682823036
5.77522 0.980585692618935
5.93706 0.970618706819913
6.11688 0.953880637351678
6.27872 0.938296940939606
6.45854 0.916005837629441
6.62038 0.894905101271548
6.76424 0.869303271331751
6.92607 0.842786905183383
7.06993 0.81178154452422
7.23177 0.779945730110049
7.37562 0.74929530763018
7.53746 0.717858175884928
7.68132 0.687561595363565
7.84316 0.662189692233898
8.005 0.648301542964531
8.16683 0.628796018871238
8.34665 0.608498281679741
8.50849 0.600524688892662
8.68831 0.586001473177563
8.86813 0.577197407030245
9.04795 0.562729563223764
9.20979 0.543522549210585
9.37163 0.524415205864635
9.51548 0.494916462010736
9.65934 0.459925130907806
9.8032 0.419487135894623
9.92907 0.380067155244839
10.0729 0.345830099536655
10.2168 0.311811786291974
10.3606 0.283688062419394
10.5225 0.255089362710131
10.6663 0.232990361105014
10.8282 0.210407164600186
10.99 0.193643391847597
11.1518 0.171312713022608
11.3317 0.15988775196097
11.4935 0.149089469412213
11.6733 0.132114646159105
11.8531 0.126578115882967
12.015 0.115926238508414
12.1948 0.10478129324384
12.3566 0.0998986778824872
12.5365 0.0944698614207608
12.7163 0.0833802819062113
12.8961 0.0780098488801468
13.0579 0.0675105044299652
13.2378 0.0678562463961948
13.3996 0.0573569019460132
13.5794 0.0520418346699731
13.7592 0.0410629866554725
13.9391 0.0414641251646911
14.1009 0.0310146037309387
14.2627 0.0262814574188735
14.4426 0.0210188305861138
14.6224 0.0100953483216377
14.7842 0.0110785771312598
14.964 1.55094866783766E-4
