510 0.242972028791822
509.8 0.235844411619892
509.6 0.239337881878502
509.4 0.231014513141544
509.2 0.240955663407658
509 0.247379897306042
508.8 0.241002555625894
508.6 0.245129070830696
508.4 0.237274624276101
508.2 0.244613256430095
508 0.246020022977187
507.8 0.250967152001125
507.6 0.246395160723078
507.4 0.253335209022063
507.2 0.251107828655835
507 0.253452439567654
506.8 0.251717427492908
506.6 0.253311762912945
506.4 0.253616562331481
506.2 0.244496025884504
506 0.24714543621486
505.8 0.246418606832196
505.6 0.255515697170055
505.4 0.257743077536283
505.2 0.24766125061546
505 0.260462826193993
504.8 0.259313966847202
504.6 0.265761646854704
504.4 0.267168413401796
504.2 0.280415465053574
504 0.266183676818832
503.8 0.273616093409299
503.6 0.271670066352489
503.4 0.271412159152189
503.2 0.260720733394293
503 0.272912710135753
502.8 0.270708775878643
502.6 0.278703899087946
502.4 0.288035450516987
502.2 0.292443319031207
502 0.286769360624604
501.8 0.29525685212539
501.6 0.299570936203137
501.4 0.289559447609669
501.2 0.285104686877213
501 0.28941877095496
500.8 0.299570936203137
500.6 0.281447093854775
500.4 0.29460036107008
500.2 0.291693043539425
500 0.29914890623901
499.8 0.289840800919087
499.6 0.289489109282315
499.4 0.294834822161262
499.2 0.287097606152259
499 0.28721483669785
498.8 0.27424913835549
498.6 0.278164638578228
498.4 0.285550162950458
498.2 0.282384938219503
498 0.28423718083984
497.8 0.276312395957891
497.6 0.289348432627605
497.4 0.279571405125319
497.2 0.263909404234367
497 0.266558814564723
496.8 0.267613889475042
496.6 0.267168413401796
496.4 0.25764929309981
496.2 0.260650395066939
496 0.256125296007128
495.8 0.251459520292607
495.6 0.252866286839699
495.4 0.251834658038499
495.2 0.257438278117746
495 0.249654169890507
494.8 0.262783990996694
494.6 0.246066915195423
494.4 0.256172188225364
494.2 0.248857002180488
494 0.248106726688706
493.8 0.246864082905442
493.6 0.252373918548217
493.4 0.257766523645401
493.2 0.253382101240299
493 0.260017350120747
492.8 0.264331434198495
492.6 0.270943236969825
492.4 0.257930646409228
492.2 0.259126397974256
492 0.271716958570725
491.8 0.277719162504982
491.6 0.278117746359992
491.4 0.277601931959391
491.2 0.291130336920588
491 0.293709408923589
490.8 0.321516494337765
490.6 0.332137581768306
490.4 0.326018147288458
490.2 0.361609340929873
490 0.372394551124241
489.8 0.388736489179621
489.6 0.409673864622166
489.4 0.449485357904856
489.2 0.47302525145952
489 0.500597875782514
488.8 0.545755081944151
488.6 0.581721413331458
488.4 0.62383062530773
488.2 0.644088063585848
488 0.6605237860777
487.8 0.679655811118145
487.6 0.695481934772924
487.4 0.692363602260205
487.2 0.654896719889334
487 0.633654545028253
486.8 0.58882558439427
486.6 0.540690722374622
486.4 0.498769079271295
486.2 0.469344212327964
486 0.435863168507186
485.8 0.382171578626527
485.6 0.364962134533774
485.4 0.337412956319899
485.2 0.308410119340695
485 0.279547959016201
484.8 0.277250240322618
484.6 0.258047876954819
484.4 0.256172188225364
484.2 0.240510187334412
484 0.230756605941244
483.8 0.214883590068228
483.6 0.222714590513704
483.4 0.211671473119036
483.2 0.199479496377576
483 0.203910811000914
482.8 0.201495861761741
482.6 0.207216712386579
482.4 0.194251014044219
482.2 0.186537244144334
482 0.208975170570444
481.8 0.182645190030714
481.6 0.191437480950036
481.4 0.192047079787109
481.2 0.191601603713864
481 0.188248810109962
480.8 0.202949520527069
480.6 0.20163653841645
480.4 0.184802232069588
480.2 0.196923870483693
480 0.204051487655624
479.8 0.203676349909732
479.6 0.207685634568943
479.4 0.212281071956109
479.2 0.198658882558439
479 0.196923870483693
478.8 0.188530163419381
478.6 0.211249443154908
478.4 0.199362265831985
478.2 0.190523082694427
478 0.204778317038288
477.8 0.18970246887529
477.6 0.184309863778106
477.4 0.196173594991911
477.2 0.190687205458254
477 0.175728587840848
476.8 0.178964150899158
476.6 0.18620899861668
476.4 0.171602072636046
476.2 0.16571709924738
476 0.159902464186068
475.8 0.161473353496987
475.6 0.15106328104851
475.4 0.141051792455042
475.2 0.141098684673278
475 0.13122787273452
474.8 0.136995615577595
474.6 0.121052261377224
474.4 0.122060444069307
474.2 0.123936132798762
474 0.118590419919814
473.8 0.120325431994561
473.6 0.119645494830133
473.4 0.118848327120114
473.2 0.118144943846569
473 0.125319453236735
472.8 0.118426297155987
472.6 0.120325431994561
472.4 0.136104663431104
472.2 0.130336920588028
472 0.131016857752456
471.8 0.142880588966261
471.6 0.137112846123186
471.4 0.137300414996131
471.2 0.145365876532789
471 0.172375794236946
470.8 0.16869475510539
470.6 0.168858877869218
470.4 0.178307659843849
470.2 0.173665330238447
470 0.189561792220581
469.8 0.196853532156339
469.6 0.206278868021852
469.4 0.209115847225153
469.2 0.220065180183349
469 0.245785561886005
468.8 0.265081709690277
468.6 0.286816252842841
468.4 0.311551897962533
468.2 0.343391714145038
468 0.368947973083867
467.8 0.399967175447235
467.6 0.445733980445945
467.4 0.500175845818386
467.2 0.55874422639563
467 0.594874680546763
466.8 0.669362969215259
466.6 0.731026236196103
466.4 0.800497057513306
466.2 0.863543644932124
466 0.927457738388314
465.8 0.970340671965487
465.6 1
465.4 0.987643900494713
465.2 0.960774659445265
465 0.927152938969778
464.8 0.872875196361164
464.6 0.798246231037959
464.4 0.757918923354669
464.2 0.668120325431995
464 0.610630465874188
463.8 0.543058779395559
463.6 0.456988112822677
463.4 0.400389205411362
463.2 0.358772361726572
463 0.316288012004408
462.8 0.27762537806851
462.6 0.235281705001055
462.4 0.19411033738951
462.2 0.181472884574805
462 0.155682164544794
461.8 0.136432908958758
461.6 0.118098051628332
461.4 0.111603479402593
461.2 0.0898220440317929
461 0.0887669691214743
460.8 0.0761295163067689
460.6 0.0616632669808445
460.4 0.0617101591990809
460.2 0.0515111017326675
460 0.0375137745891069
459.8 0.0391784483364986
459.6 0.0474783709643385
459.4 0.0358725469508335
459.2 0.0310895406907224
459 0.0289324986518487
458.8 0.0265878877400295
458.6 0.0162247075097888
458.4 0.0194602705680992
458.2 0.016623291364798
458 0.0153103092541793
457.8 0.019671285550163
457.6 0.0153103092541793
457.4 0.0164591686009707
457.2 0.0110196712855502
457 0.00199291927504631
456.8 0.0135284049611967
456.6 0.0114417012496776
456.4 0.0232585402452463
456.2 0.0138800965979696
456 0.0108321024126046
455.8 0.00822958430048533
455.6 0.00874539870108556
455.4 0
455.2 0.00255562589388291
455 0.00715106328104851
454.8 0.022977186935828
454.6 0.00595531171602073
454.4 0.00274319476682844
454.2 0.00135987432885513
454 0.0086047220463764
453.8 0.0212656209702
453.6 0.0152399709268247
453.4 0.00529882066071136
453.2 0.0103631802302408
453 0.017350120747462
452.8 0.00876884481020375
452.6 0.0271037021406298
452.4 0.0245246301376287
452.2 0.00607254226161169
452 0.0150524020538792
451.8 0.00722140160840309
451.6 0.0195775011136902
451.4 0.0115120395770322
451.2 0.0134111744156057
451 0.00520503622423859
450.8 0.0122154228505779
450.6 0.0162247075097888
450.4 0.0118637312138051
450.2 0.00440786851422007
450 0.00844059928254906
