15 0.248147615912425
14.9 0.259479880737928
14.8 0.236088916675925
14.7 0.23332849459349
14.6 0.237977629756315
14.5 0.235362489093345
14.4 0.230858642178404
14.3 0.218218803607208
14.2 0.223884936019959
14.1 0.22432079393519
14 0.231875639428332
13.9 0.22620950701558
13.8 0.221560365024338
13.7 0.224466075354655
13.6 0.229696356680594
13.5 0.238413487671546
13.4 0.235362489093345
13.3 0.235653058760693
13.2 0.266163010400607
13.1 0.265581871065911
13 0.27226500072859
12.9 0.277059424139297
12.8 0.289553974462611
12.7 0.287229410295408
12.6 0.302774959196922
12.5 0.310039228194297
12.4 0.291878545458232
12.3 0.309167519192253
12.2 0.298706963368794
12.1 0.27720471238718
12 0.283887842049859
11.9 0.276478284804601
11.8 0.271683861393894
11.7 0.263547876566056
11.6 0.25134389591009
11.5 0.262676160735594
11.4 0.254830745575104
11.3 0.260351596568391
11.2 0.264710155235449
11.1 0.261223305570435
11 0.27415371380898
10.9 0.282580275132584
10.8 0.288101119297452
10.7 0.286502982712828
10.6 0.283887842049859
10.5 0.289408693043146
10.4 0.291297399295118
10.3 0.305099523364125
10.2 0.29100682962777
10.1 0.27415371380898
10 0.279965134469615
9.9 0.289844544129959
9.8 0.278076421389225
9.7 0.270521575896083
9.6 0.257445886238073
9.5 0.255993031072915
9.4 0.250617468327511
9.3 0.259625168985811
9.2 0.25730059799019
9.1 0.264129015900753
9 0.270085717980852
8.9 0.26703472623107
8.8 0.284033130297742
8.7 0.305535381279356
8.6 0.302193813033808
8.5 0.323550782595956
8.4 0.347087028077425
8.3 0.364666571478794
8.2 0.392416101036274
8.1 0.432514899497602
8 0.472323121463164
7.9 0.507627496513785
7.8 0.576347526706219
7.7 0.589423223192647
7.6 0.635914581649306
7.5 0.701438352329329
7.4 0.727589690674841
7.3 0.767833791040889
7.2 0.818974271003536
7.1 0.873601614288033
7 0.911956974260018
6.9 0.924015687153355
6.8 0.936219708779828
6.7 1
6.6 0.975882642497507
6.5 0.965422052531958
6.4 0.970361798332638
6.3 0.959174801269764
6.2 0.929536531318223
6.1 0.928374266305666
6 0.887403758842294
5.9 0.882028223410562
5.8 0.868226078856301
5.7 0.851082379713327
5.6 0.845416226815322
5.5 0.833357582206165
5.4 0.831904699727334
5.3 0.806479768479147
5.2 0.802121189326836
5.1 0.790934192263962
5 0.780473670582593
4.9 0.751561807728377
4.8 0.71625745316301
4.7 0.710881917731278
4.6 0.678337944277838
4.5 0.665698105706641
4.4 0.654801691967951
4.3 0.612959468674116
4.2 0.60453291417893
4.1 0.60337062868112
4 0.587243940444909
3.9 0.573296534956437
3.8 0.584483518362475
3.7 0.562400121217747
3.6 0.534505310240802
3.5 0.520122046837099
3.4 0.52273718067165
3.3 0.48568938761694
3.2 0.467528698052457
3.1 0.460845568389778
3 0.461426707724474
2.9 0.455179429148608
2.8 0.45793985805946
2.7 0.46389656013956
2.6 0.472758979378395
2.5 0.488304521451491
2.4 0.49876507727495
2.3 0.493970660692661
2.2 0.494115942112126
2.1 0.484091244203898
2 0.464477706302674
1.9 0.42002034234587
1.8 0.375127127302253
1.7 0.337352899836546
1.6 0.29100682962777
1.5 0.235507777341228
1.4 0.1864012782216
1.3 0.158070609329424
1.2 0.1173906715334
1.1 0.0908034274737306
1 0.069737034407348
0.9 0.0486706386095983
0.8 0.0427139331152896
0.7 0.0319628069416409
0.6 0.0209211104178023
0.5 0.0204852538682547
0.4 0.0138021214742084
0.3 0.0123492663090498
0.2 0.00900770011202665
0.1 0.00581141949980358
0 0.00406799364303409
-0.1 0.00319628074879143
-0.2 0.00174342585676949
-0.3 0.00217928226974873
-0.4 2.90570964747552E-4
-0.5 0.00174342585676949
-0.6 7.2642744601097E-4
-0.7 8.71712894242657E-4
-0.8 2.90570964747552E-4
-0.9 0.00203399682151704
-1 0.00101699841075852
-1.1 0
-1.2 0.00159814034025363
-1.3 0.00101699841075852
-1.4 0.00101699841075852
-1.5 4.35856481263418E-4
-1.6 8.71712894242657E-4
-1.7 0.00174342585676949
-1.8 1.45285448231687E-4
-1.9 8.71712894242657E-4
-2 7.2642744601097E-4
-2.1 0.00101699841075852
-2.2 0.00116228385899021
-2.3 7.2642744601097E-4
-2.4 8.71712894242657E-4
-2.5 0.00101699841075852
-2.6 7.2642744601097E-4
-2.7 1.45285448231687E-4
-2.8 8.71712894242657E-4
-2.9 0.00130756937550607
-3 5.81141929495104E-4
