15 0.435145167946454
14.9 0.427914509665199
14.8 0.473060294447945
14.7 0.449622187601934
14.6 0.4350420195097
14.5 0.463950772587749
14.4 0.473198855107977
14.3 0.518134299661232
14.2 0.492609923778097
14.1 0.51283070808897
14 0.427379042047271
13.9 0.448879295081342
13.8 0.48223865953598
13.7 0.477988512808934
13.6 0.471143082304107
13.5 0.464205271020994
13.4 0.506427470774951
13.3 0.530638966374809
13.2 0.411119366440962
13.1 0.441837226776798
13 0.419676607435267
12.9 0.44984216589042
12.8 0.477307289897528
12.7 0.462911883361866
12.6 0.435635349331469
12.5 0.413161241323695
12.4 0.448331715269631
12.3 0.4429180375926
12.2 0.488354646125183
12.1 0.526780770156361
12 0.480028366013675
11.9 0.475641660860108
11.8 0.52014567831071
11.7 0.507096583062887
11.6 0.576276913761287
11.5 0.476491745173437
11.4 0.534602077312883
11.3 0.528717710874987
11.2 0.488137581593209
11.1 0.53964914877391
11 0.472424357769451
10.9 0.479727668254204
10.8 0.48412716274423
10.7 0.44933112790146
10.6 0.459013572295647
10.5 0.492476065742558
10.4 0.471895633898488
10.3 0.413366644548368
10.2 0.423092353497475
10.1 0.513559702688425
10 0.453640243846711
9.9 0.424166440010794
9.8 0.472879341867032
9.7 0.497969354305895
9.6 0.489596895882955
9.5 0.5295038679505
9.4 0.519325196581803
9.3 0.49322791917947
9.2 0.518626502724239
9.1 0.492475172093724
9 0.531403373197542
8.9 0.568707209155664
8.8 0.565015194962952
8.7 0.534637274600318
8.6 0.59736033577131
8.5 0.601377478922773
8.4 0.616179646981485
8.3 0.659569228690674
8.2 0.623026885798774
8.1 0.634036766095571
8 0.618599595466474
7.9 0.62135295354323
7.8 0.526269764502544
7.7 0.623172632968121
7.6 0.573949607786549
7.5 0.440125834621688
7.4 0.497559039257897
7.3 0.46165433942361
7.2 0.383096130969906
7.1 0.303551428450222
7 0.250221709036239
6.9 0.193974561538183
6.8 0.270109059076172
6.7 0.100114620781279
6.6 0.130785310364134
6.5 0.162361267611724
6.4 0.0749667555604558
6.3 0.0795481771987755
6.2 0.102242575653281
6.1 0.0840902321049152
6 0.0719856026119051
5.9 0.0515229699522572
5.8 0.0631041068632015
5.7 0.0801764297409435
5.6 0.0314783988029088
5.5 0.0255752762635413
5.4 0.0140631817361797
5.3 0.00955754570465486
5.2 0.092614431507075
5.1 0.0582960829969391
5 0
4.9 0.035380948716475
4.8 0.113109716095265
4.7 0.128864105018031
4.6 0.179059041273235
4.5 0.0804678998686258
4.4 0.103000996539086
4.3 0.152846060478013
4.2 0.131234787231067
4.1 0.19982448849868
4 0.194327390959684
3.9 0.236279389187426
3.8 0.169100778064713
3.7 0.189061233288691
3.6 0.29308578094512
3.5 0.288883856792605
3.4 0.258633748876015
3.3 0.297509027921436
3.2 0.376497593782077
3.1 0.372725075054225
3 0.394320643637886
2.9 0.373657664565891
2.8 0.442702330486605
2.7 0.53707381982711
2.6 0.538217623772621
2.5 0.601707134459134
2.4 0.637646973247415
2.3 0.689304932404996
2.2 0.818556985034916
2.1 0.895392440864102
2 0.914132377138608
1.9 0.96918863085672
1.8 1
1.7 0.985947683144689
1.6 0.984679197015803
1.5 0.918708532012262
1.4 0.852866613562873
1.3 0.758268206695553
1.2 0.730133970400509
1.1 0.666787976823326
1 0.623490796907217
0.9 0.618646200107037
0.8 0.552890607124198
0.7 0.551759575015115
0.6 0.536700890734063
0.5 0.500383674182414
0.4 0.496611154826436
0.3 0.473473760450252
0.2 0.481647774271256
0.1 0.470181775191805
0 0.466650979515973
-0.1 0.459296542522643
-0.2 0.462539419515628
-0.3 0.457274173220723
-0.4 0.457286954349398
-0.5 0.454491200506286
-0.6 0.460069926659243
-0.7 0.458761967915727
-0.8 0.456839830989377
-0.9 0.452322406184832
-1 0.452535652858128
-1.1 0.455431639271255
-1.2 0.454010666424457
-1.3 0.45074715983834
-1.4 0.452982776218149
-1.5 0.455084748691396
-1.6 0.4520551187763
-1.7 0.451808460976603
-1.8 0.455017927037634
-1.9 0.452949365286194
-2 0.455151570539603
-2.1 0.452088529708255
-2.2 0.454357557004316
-2.3 0.454257324029709
-2.4 0.453396488646215
-2.5 0.456112639107852
-2.6 0.452915954369942
-2.7 0.457253543417443
-2.8 0.451607995416279
-2.9 0.451708228196441
-3 0.456906652837584
