15 0.886351757200636
14.9 0.926829167407521
14.8 0.843279615570236
14.7 0.83341973859989
14.6 0.850025858734797
14.5 0.840684908536961
14.4 0.824597739564806
14.3 0.779449842063883
14.2 0.799688547167325
14.1 0.801245376265338
14 0.828230324533342
13.9 0.807991619429899
13.8 0.791385474904751
13.7 0.801764303037848
13.6 0.820446203433519
13.5 0.85158268783281
13.4 0.840684908536961
13.3 0.841722786472223
13.2 0.950700457479499
13.1 0.948624701608976
13 0.972495991680954
12.9 0.989621062978612
12.8 1.03425000931678
12.7 1.02594696144445
12.6 1.08147368707847
12.5 1.10742073302097
12.4 1.04255308157936
12.3 1.10430709921519
12.2 1.06694332281409
12.1 0.990140014141363
12 1.01401130421334
11.9 0.987545307108089
11.8 0.970420235810431
11.7 0.941359531671904
11.6 0.897768463268994
11.5 0.938245873475879
11.4 0.910223047272614
11.3 0.929942825603546
11.2 0.94551104341295
11.1 0.933056459409331
11 0.979242234845515
10.9 1.00934084130954
10.8 1.02906059525024
10.7 1.02335225441118
10.6 1.01401130421334
10.5 1.03373108254427
10.4 1.04047730131859
10.3 1.0897767349508
10.2 1.03943942338333
10.1 0.979242234845515
10 0.999999891111709
9.9 1.03528788725204
9.8 0.993253647947148
9.7 0.966268699679144
9.6 0.919563997470449
9.5 0.914374583403901
9.4 0.89517375623572
9.3 0.927348118570272
9.2 0.919045046307698
9.1 0.943435287542428
9 0.964711870581131
8.9 0.953814115675524
8.8 1.01453025537609
8.7 1.09133356404882
8.6 1.07939790681771
8.5 1.15568228871792
8.4 1.23975076732772
8.3 1.30254266289881
8.2 1.40166045693574
8.1 1.54488827053833
8 1.68707818181542
7.9 1.81318092412035
7.8 2.05864014117542
7.7 2.10534486777435
7.6 2.27140609351366
7.5 2.50544867767109
7.4 2.59885793574703
7.3 2.74260474929286
7.2 2.92527204638659
7.1 3.12039397626443
7 3.25739444908473
6.9 3.30046663949561
6.8 3.34405785423997
6.7 3.57187295127366
6.6 3.4857288143543
6.5 3.448364916002
6.4 3.46600906041361
6.3 3.42605052819876
6.2 3.3201863934363
6.1 3.31603493047574
6 3.16969348306736
5.9 3.15049275346014
5.8 3.10119324665721
5.7 3.03995813140365
5.6 3.01971935312948
5.5 2.97664740662101
5.4 2.9714578949935
5.3 2.88064327078011
5.2 2.86507497979998
5.1 2.82511644758512
5 2.78775279313523
4.9 2.68448329223532
4.8 2.55838062310111
4.7 2.5391798934939
4.6 2.42293695498859
4.5 2.37778905748766
4.4 2.33886845198855
4.3 2.18941334638415
4.2 2.15931476431036
4.1 2.15516322817907
4 2.09756074667453
3.9 2.04774238626981
3.8 2.08770086970418
3.7 2.0088217807707
3.6 1.90918505996126
3.5 1.85780987045852
3.4 1.86715079626612
3.3 1.73482078634961
3.2 1.66995311051776
3.1 1.64608182044578
3 1.6481575763163
2.9 1.6258430909521
2.8 1.63570299231268
2.7 1.65697957535139
2.6 1.68863501091343
2.5 1.74416171215721
2.4 1.78152548855831
2.3 1.76440044165089
2.2 1.7649193684234
2.1 1.72911242112032
2 1.65905535561215
1.9 1.50025929980992
1.8 1.33990643929991
1.7 1.20498169795989
1.6 1.03943942338333
1.5 0.841203859699713
1.4 0.665801683762569
1.3 0.564608133855116
1.2 0.419304564382001
1.1 0.324338306476358
1 0.249091826901647
0.9 0.173845337570839
0.8 0.152568742337015
0.7 0.114167085561629
0.6 0.0747275484119574
0.5 0.0731707241919929
0.4 0.0492994243639184
0.3 0.04411001029737
0.2 0.0321743603833327
0.1 0.0207576521198527
0 0.0145303564595066
-0.1 0.0114167087512848
-0.2 0.00622729566034605
-0.3 0.00778411939250575
-0.4 0.00103788256940727
-0.5 0.00622729566034605
-0.6 0.00259470654546939
-0.7 0.00311364770822182
-0.8 0.00103788256940727
-0.9 0.00726517822975332
-1 0.00363258911487666
-1.1 0
-1.2 0.00570835425369121
-1.3 0.00363258911487666
-1.4 0.00363258911487666
-1.5 0.00155682397606212
-1.6 0.00311364770822182
-1.7 0.00622729566034605
-1.8 5.1894116275243E-4
-1.9 0.00311364770822182
-2 0.00259470654546939
-2.1 0.00363258911487666
-2.2 0.00415153027762909
-2.3 0.00259470654546939
-2.4 0.00311364770822182
-2.5 0.00363258911487666
-2.6 0.00259470654546939
-2.7 5.1894116275243E-4
-2.8 0.00311364770822182
-2.9 0.00467047168428394
-3 0.00207576513881455
