679.7970 19498.0297029703
679.6968 19584.80198019802
679.5966 19421.19801980198
679.4964 19782.35643564357
679.3962 19541.55445544554
679.2960 19543.22772277228
679.1958 19896.40594059406
679.0956 19615.34653465346
678.9954 19832.25742574257
678.8952 19782.15841584158
678.7950 19563.08910891089
678.6948 19793.89108910891
678.5946 19793.78217821782
678.4944 19855.11881188119
678.3942 19888
678.2940 19741.22772277228
678.1938 19650.12871287129
678.0936 19779.54455445545
677.9934 19811.09900990099
677.8932 19697.06930693069
677.7930 19834.9405940594
677.6928 19729.82178217822
677.5926 19864.85148514851
677.4924 19754.39603960396
677.3922 19750.49504950495
677.2920 19721.96039603961
677.1918 19847.33663366337
677.0916 19527.74257425743
676.9914 19784.54455445545
676.8912 19796.50495049505
676.7910 19859.91089108911
676.6908 19830.91089108911
676.5906 19854.0198019802
676.4904 19681.90099009901
676.3902 19672.86138613861
676.2900 19681.78217821782
676.1898 19935.35643564356
676.0896 19772.56435643564
675.9894 19697.73267326733
675.8892 19771.73267326732
675.7890 19803.70297029703
675.6888 19884.08910891089
675.5886 20016.10891089109
675.4884 19792.64356435644
675.3882 20187.50495049504
675.2880 19904.71287128713
675.1878 19798.53465346535
675.0876 19986.07920792079
674.9874 20045.21782178218
674.8872 19668.21782178218
674.7870 19780
674.6868 19832.57425742574
674.5866 19910.84158415842
674.4864 20043.21782178218
674.3862 20094.47524752475
674.2860 20072.27722772277
674.1858 20164.30693069307
674.0856 19958.26732673268
673.9854 19982.18811881188
673.8852 19984.80198019802
673.7850 19917.38613861386
673.6848 19919.9504950495
673.5846 19908.10891089109
673.4844 20084.88118811881
673.3842 20087.13861386139
673.2840 20137
673.1838 19940.74257425742
673.0836 20002.48514851485
672.9834 20131.11881188119
672.8832 19972.53465346534
672.7830 19921.50495049505
672.6828 19943.79207920792
672.5826 20004.94059405941
672.4824 20156.16831683168
672.3822 20221.71287128713
672.2820 20217.55445544554
672.1818 20124.39603960396
672.0816 20053.84158415841
671.9814 19962.03960396039
671.8812 19927.51485148515
671.7810 20080.37623762376
671.6808 20189.74257425742
671.5806 20338.07920792079
671.4804 20004.0297029703
671.3802 20106.60396039604
671.2800 20136.64356435643
671.1798 20146.63366336633
671.0796 20162.40594059406
670.9794 20204.51485148515
670.8792 20245.37623762376
670.7790 20160.77227722772
670.6788 20325.67326732673
670.5786 20333.06930693069
670.4784 20145.31683168317
670.3782 20275.68316831683
670.2780 20095.78217821782
670.1778 20081.09900990099
670.0776 20001.70297029703
669.9774 20428.06930693069
669.8772 20175.35643564356
669.7770 20224.79207920792
669.6768 20137.92079207921
669.5766 20064.92079207921
669.4764 20020.68316831683
669.3762 20210.10891089109
669.2760 20372.76237623762
669.1758 20298.12871287129
669.0756 20331.63366336634
668.9754 20348.11881188119
668.8752 20323.60396039604
668.7750 20166.83168316832
668.6748 20258.77227722773
668.5746 20562.62376237624
668.4744 20423.9900990099
668.3742 20358.17821782178
668.2740 20229.74257425743
668.1738 20186.60396039604
668.0736 20356.9801980198
667.9734 20248.9108910891
667.8732 20491.43564356436
667.7730 20218.83168316832
667.6728 20345.38613861386
667.5726 20325.24752475247
667.4724 20113.44554455445
667.3722 20433.28712871287
667.2720 20192.73267326732
667.1718 20356.34653465346
667.0716 20308.16831683168
666.9714 20361.24752475248
666.8712 20445.09900990099
666.7710 20527.90099009901
666.6708 20344.17821782178
666.5706 20449.57425742575
666.4704 20383.71287128713
666.3702 20525.18811881189
666.2700 20261.58415841584
666.1698 20312.42574257426
666.0696 20512.66336633664
665.9694 20428.26732673268
665.8692 20450.62376237624
665.7690 20576.20792079208
665.6688 20524.61386138614
665.5686 20409.73267326733
665.4684 20320.42574257426
665.3682 20385.15841584159
665.2680 20674.18811881188
665.1678 20340.28712871287
665.0676 20567.88118811881
664.9674 20580.20792079208
664.8672 20291.80198019802
664.7670 20311.03960396039
664.6668 20460.78217821782
664.5666 20603.37623762376
664.4664 20454.16831683168
664.3662 20422.24752475247
664.2660 20394.86138613861
664.1658 20233.54455445545
664.0656 20405.47524752476
663.9654 20535.22772277228
663.8652 20252.32673267326
663.7650 20694
663.6648 20413.78217821782
663.5646 20475.77227722772
663.4644 20460.70297029703
663.3642 20365.11881188119
663.2640 20402.72277227723
663.1638 20330.59405940594
663.0636 20620.09900990099
662.9634 20207.22772277228
662.8632 20443.35643564357
662.7630 20625.72277227723
662.6628 20299.89108910891
662.5626 20684.20792079208
662.4624 20309.72277227723
662.3622 20418.0099009901
662.2620 20286.70297029703
662.1618 20632.98019801981
662.0616 20598.73267326732
661.9614 20292.51485148515
661.8612 20072.46534653465
661.7610 20411.27722772277
661.6608 20377.52475247524
661.5606 20416.08910891089
661.4604 20403.68316831683
661.3602 20504.78217821782
661.2600 20373.0495049505
661.1598 20380.72277227723
661.0596 20127.74257425743
660.9594 20271.08910891089
660.8592 20585.36633663366
660.7590 20481.33663366337
660.6588 20325.32673267327
660.5586 20415.65346534654
660.4584 20201.92079207921
660.3582 20213.53465346535
660.2580 20305.17821782179
660.1578 20268.18811881188
660.0576 20276.88118811881
659.9574 20174.19801980198
659.8572 20173.84158415842
659.7570 20254.53465346534
659.6568 20263.62376237624
659.5566 20448.11881188119
659.4564 20453.69306930693
659.3562 20461.44554455446
659.2560 20613.81188118812
659.1558 20496.43564356436
659.0556 20477.89108910891
658.9554 20542.9504950495
658.8552 20431.88118811882
658.7550 20569.12871287129
658.6548 20584.37623762376
658.5546 20602.59405940594
658.4544 20456.0396039604
658.3542 20452.64356435644
658.2540 20689.24752475247
658.1538 20544.86138613861
658.0536 20604.08910891089
657.9534 20762.47524752475
657.8532 20505.76237623762
657.7530 20421.60396039604
657.6528 20850.0297029703
657.5526 20915.43564356436
657.4524 20717.69306930693
657.3522 20814.10891089109
657.2520 20806.92079207921
657.1518 20825.74257425742
657.0516 20833.69306930693
656.9514 20690.36633663367
656.8512 20656.44554455445
656.7510 20884.19801980198
656.6508 20801.69306930693
656.5506 20851.58415841584
656.4504 21251.78217821782
656.3502 21011.34653465346
656.2500 20951.79207920792
656.1498 21036.95049504951
656.0496 21281.59405940594
655.9494 21366.41584158416
655.8492 21162.9108910891
655.7490 21028.20792079208
655.6488 21231.0099009901
655.5486 21301.46534653466
655.4484 21366.62376237624
655.3482 21577.19801980198
655.2480 21486.13861386139
655.1478 21593.17821782178
655.0476 21701.09900990099
654.9474 21748.62376237624
654.8472 21947.06930693069
654.7470 21922.14851485149
654.6468 21956.36633663366
654.5466 22290.14851485149
654.4464 22234.86138613861
654.3462 22321.27722772277
654.2460 22281.86138613861
654.1458 22579.77227722772
654.0456 22422.35643564356
653.9454 22513.95049504951
653.8452 22546.28712871287
653.7450 22541.34653465346
653.6448 22956.84158415842
653.5446 23031.93069306931
653.4444 22891.52475247524
653.3442 22911.17821782178
653.2440 22922.47524752475
653.1438 22973.9504950495
653.0436 23003.10891089109
652.9434 22850.32673267326
652.8432 22562.50495049505
652.7430 22443.88118811881
652.6428 22428.29702970297
652.5426 22479.09900990099
652.4424 22283.64356435643
652.3422 22217.0495049505
652.2420 22261.73267326733
652.1418 21925.47524752475
652.0416 21926.91089108911
651.9414 21919.30693069307
651.8412 21591.07920792079
651.7410 21710.0297029703
651.6408 21533.70297029703
651.5406 21385.24752475247
651.4404 21457.79207920792
651.3402 21329.41584158416
651.2400 21160.63366336633
651.1398 21123.54455445545
651.0396 20837
650.9394 20903.46534653465
650.8392 20794.29702970297
650.7390 20911.26732673268
650.6388 21003.25742574257
650.5386 20742.32673267327
650.4384 20936
650.3382 20658.71287128713
650.2380 21057.40594059406
650.1378 20885.21782178218
650.0376 20641.64356435644
649.9374 20716.12871287129
649.8372 20760.37623762376
649.7370 20682.83168316832
649.6368 20734.40594059406
649.5366 20389.23762376238
649.4364 20412
649.3362 20381.87128712871
649.2360 20591.75247524752
649.1358 20319.76237623762
649.0356 20723.59405940594
648.9354 20735.40594059406
648.8352 20584.03960396039
648.7350 20454.69306930693
648.6348 20438.95049504951
648.5346 20359.83168316832
648.4344 20563.10891089109
648.3342 20593.65346534654
648.2340 20448.42574257426
648.1338 20517.46534653466
648.0336 20760.16831683168
647.9334 20736.28712871287
647.8332 20513.50495049505
647.7330 20417.10891089109
647.6328 20726.32673267327
647.5326 20476.14851485149
647.4324 20696.70297029703
647.3322 20548.49504950495
647.2320 20796.83168316832
647.1318 20693.53465346535
647.0316 20545.37623762376
646.9314 20681.35643564356
646.8312 20623.46534653465
646.7310 20571.32673267327
646.6308 20863.48514851485
646.5306 20910.78217821782
646.4304 20767.33663366337
646.3302 20928.27722772277
646.2300 21013.17821782178
646.1298 20790.9702970297
646.0296 20936.78217821783
645.9294 20806.20792079208
645.8292 21039.90099009901
645.7290 20953.08910891089
645.6288 20859.38613861386
645.5286 21105.56435643565
645.4284 21107.64356435643
645.3282 20992.0099009901
645.2280 21080.33663366336
645.1278 21310.32673267327
645.0276 21353.11881188119
644.9274 21246.10891089109
644.8272 21384.37623762376
644.7270 21341.45544554455
644.6268 21524.72277227723
644.5266 21689
644.4264 21488.46534653465
644.3262 21697.96039603961
644.2260 21838.0792079208
644.1258 21751.87128712871
644.0256 22155.0297029703
643.9254 21919.0099009901
643.8252 21991.56435643565
643.7250 22191.72277227723
643.6248 22060.60396039604
643.5246 22307.89108910891
643.4244 22519.22772277228
643.3242 22639.23762376238
643.2240 22627.86138613861
643.1238 22684.30693069307
643.0236 22799.47524752475
642.9234 23434.08910891089
642.8232 23657.0495049505
642.7230 23446.49504950495
642.6228 23899.74257425743
642.5226 23864.10891089109
642.4224 24022.59405940594
642.3222 24127.46534653465
642.2220 24629.53465346535
642.1218 24382.12871287129
642.0216 24535.16831683168
641.9214 24831.16831683168
641.8212 24602.87128712871
641.7210 24530.24752475247
641.6208 24637.11881188119
641.5206 24452.08910891089
641.4204 24537.83168316832
641.3202 24466.85148514851
641.2200 24727.47524752475
641.1198 24500.25742574257
641.0196 24408.51485148515
640.9194 24376.50495049505
640.8192 24088.52475247524
640.7190 24032.23762376238
640.6188 23710.38613861386
640.5186 23447.74257425742
640.4184 23063.34653465346
640.3182 22569.18811881188
640.2180 22096.73267326732
640.1178 21867.75247524752
640.0176 21605.51485148515
639.9174 21428.62376237624
639.8172 21301.64356435643
639.7170 21104.78217821782
639.6168 20850.12871287129
639.5166 20767.50495049505
639.4164 20577.59405940594
639.3162 20489.67326732673
639.2160 20329.70297029703
639.1158 20121.55445544555
639.0156 20110.52475247525
638.9154 20247.12871287129
638.8152 20075.14851485149
638.7150 20160.68316831683
638.6148 20093.41584158416
638.5146 19936.95049504951
638.4144 20123.80198019802
638.3142 20160.20792079208
638.2140 20091.80198019802
638.1138 20134.75247524753
638.0136 20017.35643564356
637.9134 20141.66336633663
637.8132 19961.9801980198
637.7130 20035.65346534654
637.6128 19989.16831683168
637.5126 20055.63366336634
637.4124 19977.83168316832
637.3122 19812.49504950495
637.2120 20216.25742574258
637.1118 19946.61386138614
637.0116 20205.49504950495
636.9114 19994.91089108911
636.8112 20447.9207920792
636.7110 20077.12871287129
636.6108 20147.28712871287
636.5106 20080.05940594059
636.4104 20242.15841584158
636.3102 20202.38613861386
636.2100 20196.85148514852
636.1098 20367.43564356435
636.0096 20051.43564356436
635.9094 20169.09900990099
635.8092 20130.81188118812
635.7090 20309.14851485148
635.6088 20234.76237623762
635.5086 20209.16831683168
635.4084 20184.29702970297
635.3082 20241.0198019802
635.2080 20206.79207920792
635.1078 19983.59405940594
635.0076 20315.10891089109
634.9074 20160.77227722772
634.8072 20362.61386138614
634.7070 20249.27722772277
634.6068 20134.32673267327
634.5066 20141.18811881188
634.4064 20398.89108910891
634.3062 20323.73267326732
634.2060 20157.61386138614
634.1058 20298.60396039604
634.0056 20361.33663366337
633.9054 20169.50495049505
633.8052 20272.03960396039
633.7050 20188
633.6048 20479.95049504951
633.5046 20287.80198019802
633.4044 20329.93069306931
633.3042 20149.03960396039
633.2040 20207.24752475247
633.1038 20223.29702970297
633.0036 20369.9900990099
632.9034 20251.40594059406
632.8032 20246.03960396039
632.7030 20322.38613861386
632.6028 20301.91089108911
632.5026 20373.49504950495
632.4024 20448.67326732674
632.3022 20271.9702970297
632.2020 20378.11881188119
632.1018 20470.77227722772
632.0016 20440.32673267326
631.9014 20210.56435643564
631.8012 20433.9900990099
631.7010 20427.81188118812
631.6008 20311.83168316832
631.5006 20451.65346534654
631.4004 20385.33663366337
631.3002 20494.32673267327
631.2000 20416.49504950495
631.0998 20187.15841584158
630.9996 20509.37623762376
630.8994 20426.86138613861
630.7992 20524.64356435643
630.6990 20485.87128712872
630.5988 20566.37623762376
630.4986 20578.56435643564
630.3984 20397.35643564356
630.2982 20505.10891089109
630.1980 20728.9108910891
630.0978 20527.27722772277
629.9976 20586.82178217822
629.8974 20472.91089108911
629.7972 20490.70297029703
629.6970 20605.70297029703