-0.8377527 -0.0011651
-0.7137524 0.0049570
-0.5897522 0.0071252
-0.4657519 0.0084006
-0.3417516 0.0032989
-0.2177513 0.0058498
-0.0937511 0.0084006
0.0302492 0.0115892
0.1542495 0.0275321
0.2782498 0.0351847
0.4022500 0.0568670
0.5262503 0.0753608
0.6543839 0.1170249
0.7459079 0.1568062
0.8139309 0.1990776
0.8833711 0.2386160
0.9354512 0.2822995
0.9850513 0.3229539
1.0346514 0.3604197
1.0842515 0.4002769
1.1338516 0.4401342
1.1859318 0.4809480
1.2702519 0.5278201
1.3694522 0.5772430
1.4934524 0.5957368
1.6174527 0.5753299
1.7290530 0.5357915
1.8282532 0.5031086
1.9398534 0.4656428
2.0638537 0.4420473
2.1878540 0.4426850
2.3118543 0.4611788
2.4358545 0.4815857
2.5598548 0.5058189
2.6838551 0.5294144
2.8078554 0.5523721
2.9318556 0.5715036
3.0558559 0.5702282
3.1798562 0.5619379
3.3038565 0.5491835
3.4278567 0.5326029
3.5518570 0.5217618
3.6758573 0.5230372
3.7998575 0.5326029
3.9238578 0.5574739
4.0478581 0.5836202
4.1718584 0.6218831
4.2852301 0.6560465
4.4239923 0.7047862
4.5190591 0.7438463
4.6058593 0.7887521
4.7139167 0.8373399
4.7918597 0.8801580
4.8563399 0.9196964
4.9613268 0.9630610
