749.5350 32942.83168316832
749.4348 32947.65346534654
749.3346 33109.79207920792
749.2344 32997.67326732674
749.1342 33089.70297029703
749.0340 33218.75247524752
748.9338 32667.90099009901
748.8336 33030.43564356436
748.7334 32788.93069306931
748.6332 33039.87128712871
748.5330 32952.83168316832
748.4328 33239.86138613861
748.3326 33196.33663366337
748.2324 33090.76237623762
748.1322 33126.51485148515
748.0320 33247.37623762376
747.9318 33403.02970297029
747.8316 33183.13861386138
747.7314 32905.48514851485
747.6312 33091.17821782178
747.5310 33018.26732673268
747.4308 33262.16831683168
747.3306 33208.0495049505
747.2304 33088.47524752475
747.1302 32941.20792079208
747.0300 33304.28712871287
746.9298 33280.66336633664
746.8296 33091.72277227723
746.7294 33110.31683168317
746.6292 33198.18811881189
746.5290 33280.62376237624
746.4288 33260.55445544555
746.3286 33361.29702970297
746.2284 33230.18811881189
746.1282 32938.71287128713
746.0280 33081.14851485148
745.9278 33230.94059405941
745.8276 33097.54455445545
745.7274 33246.82178217822
745.6272 33201.17821782178
745.5270 33110.0594059406
745.4268 32998.76237623762
745.3266 33220.41584158416
745.2264 32959.16831683168
745.1262 33094.0495049505
745.0260 33243.83168316832
744.9258 33090.90099009901
744.8256 33069.9801980198
744.7254 32934.39603960395
744.6252 33259.13861386138
744.5250 33198.69306930693
744.4248 32992.25742574257
744.3246 33201.18811881189
744.2244 33273.62376237624
744.1242 32921.18811881188
744.0240 33539.19801980197
743.9238 33231.40594059406
743.8236 33252.52475247525
743.7234 33379.19801980198
743.6232 33121.72277227723
743.5230 33206.67326732673
743.4228 33314.90099009901
743.3226 33236.60396039604
743.2224 33265.79207920792
743.1222 33403.28712871287
743.0220 33225.13861386139
742.9218 33586.35643564356
742.8216 33312.21782178218
742.7214 33125.62376237624
742.6212 33407.90099009901
742.5210 33585.93069306931
742.4208 33521.69306930693
742.3206 33353.71287128713
742.2204 33069.0495049505
742.1202 33322.71287128713
742.0200 33397.12871287129
741.9198 33194.13861386139
741.8196 33267.48514851485
741.7194 33056.84158415842
741.6192 33227.65346534653
741.5190 32840.78217821782
741.4188 33411.84158415841
741.3186 33515.42574257426
741.2184 33456.69306930693
741.1182 32964.21782178217
741.0180 33100.9702970297
740.9178 33155.70297029703
740.8176 33080.16831683168
740.7174 33266.87128712871
740.6172 33383.07920792079
740.5170 33335.85148514851
740.4168 33466.92079207921
740.3166 33461.57425742574
740.2164 33452.14851485148
740.1162 33518.13861386138
740.0160 33083.78217821782
739.9158 33280.86138613861
739.8156 33673.10891089109
739.7154 32902.68316831683
739.6152 33584.51485148515
739.5150 33328.84158415842
739.4148 33254.29702970297
739.3146 33170.28712871287
739.2144 33434.81188118812
739.1142 32960.37623762376
739.0140 33255.42574257426
738.9138 33239.37623762376
738.8136 33370.50495049505
738.7134 33212.61386138614
738.6132 33004.85148514852
738.5130 33455.66336633664
738.4128 33353.20792079208
738.3126 33167
738.2124 33428.23762376238
738.1122 33089.73267326732
738.0120 33156.78217821782
737.9118 33030.9801980198
737.8116 33292.57425742575
737.7114 33222.39603960396
737.6112 33148.86138613862
737.5110 33334.72277227723
737.4108 33340.09900990099
737.3106 33429.18811881189
737.2104 33562.65346534654
737.1102 33331.50495049504
737.0100 33434.77227722772
736.9098 33525.59405940594
736.8096 33681.34653465346
736.7094 33378.27722772277
736.6092 33642.53465346534
736.5090 33523.81188118812
736.4088 33530.55445544555
736.3086 33575.34653465346
736.2084 33564.9801980198
736.1082 33229.89108910891
736.0080 33593.93069306931
735.9078 33813.08910891089
735.8076 33327.65346534654
735.7074 33561.41584158415
735.6072 33509.60396039604
735.5070 33697.69306930693
735.4068 33393.47524752476
735.3066 33868.40594059406
735.2064 33644.11881188118
735.1062 33617.54455445545
735.0060 33636.19801980198
734.9058 33675.67326732673
734.8056 33542.37623762376
734.7054 33380.66336633663
734.6052 33619.12871287129
734.5050 33555.87128712871
734.4048 33829.41584158417
734.3046 33575.35643564356
734.2044 33671.81188118812
734.1042 33650.79207920792
734.0040 33405.94059405941
733.9038 33603.66336633664
733.8036 34056.62376237624
733.7034 33455.81188118812
733.6032 33769.54455445545
733.5030 33737.53465346535
733.4028 33655.97029702971
733.3026 33756.93069306931
733.2024 33886.19801980198
733.1022 33737.36633663366
733.0020 33601.03960396039
732.9018 33658.50495049504
732.8016 33682.29702970298
732.7014 33562.75247524753
732.6012 33547.81188118812
732.5010 33790.95049504951
732.4008 33702.50495049505
732.3006 33762.07920792079
732.2004 33829.39603960395
732.1002 33560.54455445545
732.0000 33470.84158415841
731.8998 33568.48514851485
731.7996 33717.24752475247
731.6994 33555.81188118811
731.5992 33586.58415841584
731.4990 33641.83168316832
731.3988 33709.09900990099
731.2986 33588.9801980198
731.1984 33716.78217821783
731.0982 33595.20792079208
730.9980 33696.13861386139
730.8978 33650.13861386139
730.7976 33747.9207920792
730.6974 33862.18811881188
730.5972 33649.41584158416
730.4970 33910.53465346535
730.3968 34000.08910891089
730.2966 33871.0297029703
730.1964 33803.37623762376
730.0962 34099.14851485148
729.9960 34044.81188118812
729.8958 33507.63366336633
729.7956 33835.67326732673
729.6954 34180.91089108911
729.5952 34076.94059405941
729.4950 34042.41584158415
729.3948 33930.22772277228
729.2946 33920.18811881188
729.1944 34001.10891089109
729.0942 34087.70297029703
728.9940 33915.35643564357
728.8938 33997.06930693069
728.7936 33932.90099009901
728.6934 33807.9504950495
728.5932 34059.37623762376
728.4930 33463.0792079208
728.3928 33891.89108910892
728.2926 34315.72277227722
728.1924 34315.0099009901
728.0922 34268.48514851485
727.9920 34266.89108910891
727.8918 34425.75247524752
727.7916 34247.66336633663
727.6914 34276.27722772277
727.5912 34405.9207920792
727.4910 34594.25742574257
727.3908 34113.31683168317
727.2906 34368.36633663366
727.1904 34261.31683168317
727.0902 34448.09900990099
726.9900 34724.53465346535
726.8898 34726.58415841585
726.7896 34823.74257425743
726.6894 35086.12871287129
726.5892 34697.0297029703
726.4890 34649.59405940594
726.3888 34769.02970297029
726.2886 34717.0396039604
726.1884 34768.23762376238
726.0882 34747.76237623762
725.9880 35019.58415841584
725.8878 34941.9801980198
725.7876 34723.56435643564
725.6874 34920.46534653465
725.5872 34738.94059405941
725.4870 34861.47524752475
725.3868 34864.34653465346
725.2866 35295.46534653466
725.1864 35255.83168316831
725.0862 35107.78217821782
724.9860 34853.17821782178
724.8858 35151.40594059406
724.7856 35288.53465346534
724.6854 35208.66336633663
724.5852 35195.79207920792
724.4850 35583.59405940594
724.3848 35310.44554455445
724.2846 35040.0099009901
724.1844 35057.77227722773
724.0842 35136.86138613861
723.9840 35136.87128712871
723.8838 35095.53465346535
723.7836 35003.26732673268
723.6834 34863.83168316832
723.5832 34812.0198019802
723.4830 34703.47524752475
723.3828 34540.24752475248
723.2826 34231.76237623762
723.1824 34296.11881188119
723.0822 34210.77227722772
722.9820 34260
722.8818 34221.56435643564
722.7816 33915.02970297029
722.6814 34282.76237623762
722.5812 34107.25742574257
722.4810 34169.0495049505
722.3808 34165.22772277227
722.2806 34109.87128712871
722.1804 34014.79207920792
722.0802 34220.29702970297
721.9800 34057.42574257425
721.8798 33968.9207920792
721.7796 33936.0099009901
721.6794 34116.63366336634
721.5792 34061.77227722772
721.4790 34134.20792079208
721.3788 34215.32673267327
721.2786 34130.9801980198
721.1784 33996.60396039604
721.0782 34092.11881188119
720.9780 34206.28712871287
720.8778 34324.21782178218
720.7776 34238.18811881189
720.6774 34148.32673267327
720.5772 34350.09900990099
720.4770 34228.86138613861
720.3768 34413.18811881189
720.2766 34239.97029702971
720.1764 34557.54455445545
720.0762 34428.88118811882
719.9760 34317.31683168317
719.8758 34205.94059405941
719.7756 34280.11881188118
719.6754 34428.09900990099
719.5752 34226.12871287129
719.4750 34631.40594059406
719.3748 34542.0099009901
719.2746 34364.29702970297
719.1744 34602.38613861386
719.0742 34574.12871287129
718.9740 34474.32673267327
718.8738 34699.06930693069
718.7736 34637.84158415841
718.6734 34438.35643564356
718.5732 34511.63366336634
718.4730 34610.37623762376
718.3728 34808.9801980198
718.2726 34514.42574257426
718.1724 34469.67326732673
718.0722 35133.73267326732
717.9720 34962.9504950495
717.8718 34679.84158415841
717.7716 35005.67326732673
717.6714 34879.29702970298
717.5712 35081.44554455445
717.4710 35095.71287128713
717.3708 35152.81188118811
717.2706 35102.02970297029
717.1704 35007.9405940594
717.0702 34862.17821782178
716.9700 35078.40594059406
716.8698 34750.42574257426
716.7696 35039.40594059406
716.6694 35056.75247524753
716.5692 34956.71287128713
716.4690 34936.53465346535
716.3688 35024.37623762376
716.2686 35046.88118811882
716.1684 35191.39603960396
716.0682 35355.66336633664
715.9680 35162.94059405941
715.8678 34902.27722772277
715.7676 35126.48514851485
715.6674 35273.86138613861
715.5672 35206.43564356436
715.4670 34936.54455445545
715.3668 35315.69306930692
715.2666 35365.34653465346
715.1664 35125.75247524752
715.0662 34956.49504950495
714.9660 34869.68316831683
714.8658 35301.51485148515
714.7656 35228.29702970297
714.6654 34897.83168316832
714.5652 35084.9405940594
714.4650 35106.12871287129
714.3648 35219.10891089109
714.2646 35285.74257425743
714.1644 35292.87128712871
714.0642 35141.90099009901
713.9640 35206.56435643564
713.8638 35050.86138613862
713.7636 35217.63366336634
713.6634 35181.27722772277
713.5632 35146.96039603961
713.4630 35303.39603960396
713.3628 35307.41584158416
713.2626 35271.42574257425
713.1624 35255.41584158416
713.0622 35273.17821782178
712.9620 35687.21782178218
712.8618 35390.06930693069
712.7616 35442.14851485148
712.6614 35488.59405940594
712.5612 35683.9900990099
712.4610 35756.29702970297
712.3608 35861.12871287129
712.2606 35934.37623762376
712.1604 36025.12871287129
712.0602 36079.61386138614
711.9600 36320.74257425743
711.8598 36453.49504950496
711.7596 36592.88118811882
711.6594 36421.85148514852
711.5592 36136.52475247525
711.4590 36161.9900990099
711.3588 36470.61386138614
711.2586 36327.58415841584
711.1584 36401.58415841583
711.0582 36739.18811881189
710.9580 36878.27722772278
710.8578 36736.60396039605
710.7576 36789.63366336634
710.6574 37098.55445544555
710.5572 36628.0297029703
710.4570 36572.11881188118
710.3568 36309.28712871287
710.2566 36245.13861386138
710.1564 35667.21782178218
710.0562 35228.08910891089
709.9560 35036.71287128713
709.8558 34716.93069306931
709.7556 34841.13861386139
709.6554 34320.70297029703
709.5552 34381.53465346534
709.4550 34276.34653465346
709.3548 34287.64356435643
709.2546 34081.73267326732
709.1544 34101.80198019802
709.0542 34212.70297029703
708.9540 34064.88118811882
708.8538 33827.58415841584
708.7536 33636.79207920792
708.6534 33739.06930693069
708.5532 33931.21782178218
708.4530 33701.32673267327
708.3528 33902.36633663367
708.2526 34035.71287128713
708.1524 33787.54455445545
708.0522 33900.83168316832
707.9520 33966.68316831683
707.8518 33544.24752475247
707.7516 33889.59405940594
707.6514 33959.90099009901
707.5512 33893.88118811881
707.4510 33850.54455445545
707.3508 33788.22772277228
707.2506 34186.80198019802
707.1504 33961.85148514852
707.0502 33949.85148514852
706.9500 34024.60396039604
706.8498 34022.16831683168
706.7496 33992.72277227723
706.6494 33947.23762376238
706.5492 34346.93069306931
706.4490 33837.71287128713
706.3488 34030.35643564357
706.2486 33830.30693069306
706.1484 34223.57425742574
706.0482 34099.66336633664
705.9480 33968.69306930694
705.8478 34236.61386138614
705.7476 34155.09900990099
705.6474 33967.87128712871
705.5472 33915.72277227723
705.4470 33799.76237623762
705.3468 34267.09900990099
705.2466 33920.32673267327
705.1464 33701.41584158416
705.0462 34011.26732673268
704.9460 33994.33663366337
704.8458 33991.18811881188
704.7456 33816.70297029702
704.6454 34061.0099009901
704.5452 33832.60396039604
704.4450 34191.64356435643
704.3448 34320.74257425743
704.2446 34073.86138613861
704.1444 34040.05940594059
704.0442 34040.08910891089
703.9440 33888.38613861386
703.8438 34022.28712871287
703.7436 33819.38613861386
703.6434 34287.20792079208
703.5432 33916.70297029703
703.4430 34076.18811881188
703.3428 34010.80198019802
703.2426 34177.52475247525
703.1424 34353.74257425742
703.0422 34369.70297029703
702.9420 34110.24752475248
702.8418 34021.08910891089
702.7416 34162.50495049504
702.6414 34353.03960396039
702.5412 34147.25742574258
702.4410 34341.44554455445
702.3408 34382.87128712871
702.2406 34349.06930693069
702.1404 34199.09900990099
702.0402 34176.85148514851
701.9400 34355.40594059406
701.8398 34002.04950495049
701.7396 34557.83168316832
701.6394 34427.48514851485
701.5392 34372.29702970297
701.4390 34391.69306930693
701.3388 34471.65346534654
701.2386 34324.24752475248
701.1384 34224.9603960396
701.0382 34517.44554455445
700.9380 34408.11881188118
700.8378 34333.09900990099
700.7376 34386.19801980198
700.6374 34214.26732673268
700.5372 34341.38613861387
700.4370 34303.44554455446
700.3368 34510.53465346535
700.2366 34835.34653465346
700.1364 34565.64356435643
700.0362 34487.39603960396
699.9360 34505.13861386139
699.8358 34648.79207920792
699.7356 34625.91089108911
699.6354 34372.81188118812
699.5352 34956.81188118811
699.4350 34830.43564356436