17.7883479 0.4592355
17.5037937 0.4638811
17.2184420 0.5094081
16.9335706 0.5303134
16.6493245 0.5191639
16.3653774 0.4926839
16.0816206 0.4564482
15.7980813 0.4090629
15.5141070 0.3839766
15.2302143 0.3547093
14.9461313 0.3351977
14.6622929 0.3031430
14.3781283 0.2878125
14.0935016 0.2961746
13.8094730 0.2738757
13.5251181 0.2683009
13.2405457 0.2738757
12.9562724 0.2641199
12.6720535 0.2515767
12.3877530 0.2432146
12.1031263 0.2515767
11.8188258 0.2432146
11.5346068 0.2306715
11.2501704 0.2292778
10.9657612 0.2264904
10.6814607 0.2181283
10.3970514 0.2153410
10.1124519 0.2223094
9.8277708 0.2334589
9.5430082 0.2487894
9.2585446 0.2487894
8.9738906 0.2585452
8.6894542 0.2571515
8.4047188 0.2710883
8.1195302 0.3082532
7.8338886 0.3686461
7.5484191 0.4202124
7.2627866 0.4801408
6.9767281 0.5619035
6.7623655 0.6139344
6.6193725 0.6529575
6.4048287 0.7142796
6.1192233 0.7728143
5.8341344 0.8048690
5.5491815 0.8299553
5.2640111 0.8661910
4.9792937 0.8791987
4.6942955 0.9066078
4.4096778 0.9145054
4.1246615 0.9428436
3.9114225 0.9372689
3.6969058 0.9971973
3.4124422 0.9971973
3.1285767 0.9665362
2.8448380 0.9293713
2.5964308 0.9038205
2.4551776 0.8536479
2.3501077 0.7714206
2.1745199 0.6585322
1.9988506 0.5498249
1.8938622 0.4634166
1.7889282 0.3742209
1.6839942 0.2850251
1.5194103 0.2156507
1.3308432 0.1605228
1.1184016 0.1140667
1.0127971 0.0592485
0.7281341 0.0694688
0.4442776 0.0383432
0.1601402 0.0216190
-0.1241059 0.0104695
-0.4084880 0.0062885
-0.6929516 0.0062885
-0.9773336 0.0021074
-1.2618516 0.0048948
-1.5461521 -0.0034673
-1.8306157 -0.0034673
