13.7939177 0.5441887
13.7712311 0.6035373
13.5103354 0.5314711
13.3628726 0.4678832
13.0906336 0.4403285
12.8955290 0.4049312
12.6369020 0.3958170
12.3646630 0.3926376
12.0924240 0.4011159
11.8201850 0.4021757
11.5479461 0.3979366
11.2757071 0.3830994
11.0002272 0.3620548
10.7312291 0.3608436
10.4557492 0.3466121
10.1705464 0.3593296
9.9145122 0.3767406
9.6604224 0.3578762
9.3700342 0.3841592
9.0977952 0.3756808
8.8255562 0.3735612
8.5533172 0.3555446
8.2810782 0.3629632
7.9861527 0.3636698
7.7592869 0.3915778
7.4481566 0.4410855
7.1921223 0.4858998
6.9178209 0.5225110
6.6476443 0.5974435
6.3754053 0.6506983
6.1825694 0.7230295
5.9443603 0.7826432
5.7855542 0.8706064
5.5878568 0.9461548
5.4906286 0.9076993
5.3220997 0.9870328
5.0469799 0.9875374
4.8035493 0.9779488
4.5151056 0.9532706
4.2331438 0.9216281
3.9933142 0.8638943
3.7437618 0.8525898
3.4942094 0.8128474
3.1936122 0.8120526
2.9208576 0.7901581
2.6450831 0.7744676
2.4143281 0.7241423
2.1783877 0.6777232
1.9191124 0.6409331
1.6565963 0.6554674
1.3752826 0.6891690
1.1348049 0.7565015
0.8580286 0.7743768
0.6243568 0.7111068
0.4768940 0.6128636
0.3937099 0.5685640
0.3180879 0.4794562
0.2273416 0.4125618
0.0912221 0.3108212
0.0004758 0.2084447
-0.1550894 0.1258713
-0.3041726 0.0550162
-0.5213156 0.0185289
-0.7935546 0.0089907
-1.0657936 0.0036917
-1.3380326 -0.0026670
-1.6102716 -0.0037268
-1.8825105 -0.0058464
-2.1547495 -0.0058464
-2.4269885 -0.0047866
-2.6992275 -0.0047866
-2.9034067 -0.0058464
