13.7712311 4.6095733
13.5579772 4.5798565
13.4309324 4.5120719
13.1813800 4.5046533
12.9091410 4.4929955
12.6369020 4.4876965
12.3646630 4.4887563
12.0924240 4.5057131
11.8025399 4.4975880
11.5500085 4.5239223
11.2983937 4.5287637
10.9937453 4.5243352
10.7312291 4.5046533
10.4589901 4.4781583
10.2288834 4.4498466
9.9598853 4.4876965
9.6876463 4.5035935
9.4186483 4.5179765
9.1431684 4.5247894
8.8709294 4.5258492
8.6084132 4.4998085
8.3446007 4.4872726
8.0315258 4.4675604
7.8046600 4.4850470
7.5097344 4.5012619
7.2374955 4.5364472
6.9652565 4.5705727
6.6832947 4.6278926
6.4558396 4.6834701
6.1825694 4.7433728
5.9103304 4.7934482
5.6844958 4.8641753
5.4128461 4.9358396
5.5133152 4.8522670
5.1503299 4.9546435
4.8884030 4.9707717
4.6058519 4.9842118
4.3154637 4.9845298
4.0646149 4.9322060
3.9090498 4.8731601
3.6530155 4.8607454
3.3840174 4.8032135
3.2401197 4.7708745
2.9821408 4.7677860
2.7001790 4.7560903
2.6684178 4.7212760
2.3722548 4.7539948
2.1330145 4.7505264
1.8380889 4.7812605
1.5658499 4.7865595
1.3162975 4.7582982
1.0289342 4.7151998
0.7566952 4.6770471
0.4995806 4.6092200
0.2986423 4.5381429
0.0685355 4.4135107
0.1365953 4.5279688
-0.0902706 4.3361454
-0.2458357 4.2545410
-0.3884371 4.1600676
-0.5666888 4.0820589
-0.8227231 4.0301666
-1.1111668 4.0076081
-1.3834057 4.0001895
-1.6556447 4.0001895
-1.9278837 4.0001895
-2.2001227 3.9970101
-2.4723617 4.0001895
-2.7446007 3.9959503
-2.9260933 3.9938307
-2.9487799 3.8857313
