525.2323405 3.7638026
525.6237265 3.7705711
526.0151126 3.7734718
526.4064986 3.7792733
526.7978847 3.7821741
527.1892707 3.7957110
527.5915286 3.8192394
527.9068118 3.8848610
527.9720428 3.9660822
527.8089653 3.8314870
528.1164829 4.0536023
528.2003514 4.1360667
528.3308134 4.2155476
528.2003514 3.9707235
528.5265064 4.2949639
528.3960444 4.1215630
528.8852769 4.2999597
529.1722934 4.2520971
529.5294332 4.2230895
529.8637421 4.1979496
530.2691062 4.1696327
530.6465142 4.1447690
530.9473016 4.0951338
531.2662088 4.0616139
531.5271328 4.0229371
531.8859033 4.0181025
532.2772894 4.0132679
532.6919722 4.0337114
533.0709333 4.0635478
533.4514475 4.1000973
533.7776026 4.1697156
534.1185829 4.2523608
534.4718469 4.3022388
534.8865297 4.3062446
535.3032834 4.3162361
535.6693018 4.3637764
536.0606879 4.4179239
536.4520739 4.4735218
536.8369369 4.5230281
537.2348460 4.5711807
537.6262321 4.5837506
538.0176181 4.5943867
538.4090042 4.6030890
538.8003902 4.5992213
539.1917763 4.6011552
539.5831623 4.6098575
539.9663945 4.6204936
540.3659344 4.6553027
540.7526611 4.6768512
541.1487065 4.7094502
541.5400926 4.7278217
541.9314786 4.7413586
542.3228647 4.7558624
542.7142507 4.7723000
543.1056368 4.7945391
543.4970228 4.8003407
543.8884089 4.7926053
544.2797949 4.7993737
544.6711810 4.7945391
545.0625670 4.7829361
545.4539531 4.7635977
545.8453392 4.7413586
546.2367252 4.7133179
546.6199574 4.6741576
546.9216508 4.6398320
547.2559597 4.6132417
547.6718074 4.5895521
548.0631934 4.5692468
548.4545795 4.5518423
548.8459655 4.5412062
549.2373516 4.5334708
549.6287376 4.5334708
550.0201237 4.5334708
550.4115097 4.5344377
550.8028958 4.5392723
551.1942818 4.5470077
551.5856679 4.5576438
551.9770539 4.5663461
552.3684400 4.5750483
552.7598261 4.5866514
553.1512121 4.5992213
553.5425982 4.6059898
553.9339842 4.6127582
554.3253703 4.6204936
554.7167563 4.6243613
