525.2975715 -0.0013831
525.6889575 0.0034515
526.0803436 0.0082861
526.4717296 0.0082861
526.8631157 0.0082861
527.2545017 0.0121537
527.6458878 0.0198891
528.0605706 0.0422664
528.4025675 0.0866066
528.7156763 0.1724690
528.6569684 0.1069119
528.9178924 0.2474376
529.1135855 0.3189896
529.2813224 0.3911863
529.4770154 0.4682636
529.7441519 0.5259105
530.1246661 0.5526619
530.5051803 0.5162413
530.7878480 0.4588707
531.1031312 0.3946672
531.4441115 0.3242051
531.7880568 0.2848251
532.1011657 0.2658735
532.4983500 0.2783790
532.8495432 0.3231503
533.2053487 0.3990975
533.5558172 0.4758885
533.8537054 0.5620088
534.1838139 0.6406516
534.5455495 0.7107973
534.9013550 0.7772510
535.2779158 0.8316183
535.6693018 0.8857658
536.0280724 0.9429752
536.4474146 0.9870852
536.8434600 1.0071142
537.2022305 0.9752059
537.4351984 0.9257548
537.6914631 0.8669109
537.9523871 0.7900407
538.2241830 0.7070468
538.5394662 0.6423921
538.9075555 0.6166168
539.3222383 0.6174455
539.7369211 0.6389940
540.0901852 0.6701866
540.4963965 0.7160714
540.8877825 0.7803715
541.2791686 0.8480559
541.6557294 0.9017200
542.0619407 0.9432975
542.4533267 0.9471652
542.8447128 0.9423306
543.2687143 0.9423306
543.6166130 0.9694044
544.0433325 1.0046969
544.4102570 1.0332211
544.8016430 1.0332211
545.1930291 1.0216180
545.5844151 0.9984119
545.9676473 0.9626359
546.3159343 0.9365291
546.6688806 0.9125978
547.0765744 0.8814146
547.4679605 0.8466055
547.7976100 0.8138684
548.1936555 0.7856896
548.5617447 0.7541956
548.9601198 0.7218729
549.3445168 0.7028107
549.7591997 0.7073691
550.1505857 0.7131706
550.5419718 0.7131706
550.9333578 0.7247736
551.3247439 0.7325090
551.6928331 0.7492229
552.1075160 0.7731196
552.4989020 0.7885903
552.8902881 0.7982595
553.2816741 0.8030941
553.6730602 0.8088957
554.0644462 0.8088957
554.4558323 0.8175979
554.7819873 0.8272671
