819.2942446 4.1262981
818.5659595 4.1280838
817.6980032 4.1298696
816.9470442 4.1213196
816.1852017 4.1229430
815.3266174 4.1272721
814.5587285 4.1211393
813.8271179 4.1290759
812.8959771 4.1290759
812.1111584 4.1286791
811.4194538 4.1358221
810.5902951 4.1409809
809.7700044 4.1385007
808.9718837 4.1439572
808.1737630 4.1548701
807.3454105 4.1467530
806.5472898 4.1521644
805.7527969 4.1620131
804.9546763 4.1596321
804.2496697 4.1608226
803.3375317 4.1608226
802.5351882 4.1502404
801.7887975 4.1447508
800.9906768 4.1355245
800.1450490 4.1523190
799.3762964 4.1586580
798.6144539 4.1857148
797.7981941 4.2372130
797.0000734 4.3056667
796.2019527 4.3726323
795.4340639 4.4330141
794.6722214 4.4372831
794.1971496 4.3700104
793.8297607 4.2818567
793.4307003 4.1839712
792.9429599 4.1118798
792.2379533 4.0792733
791.3657214 4.0808890
790.6151079 4.0774876
789.8644944 4.0927940
789.0249129 4.0828990
788.2509777 4.0677471
787.4226252 4.0715351
786.6318945 4.0563232
785.8042138 4.0728579
784.9750551 4.0887973
784.2301424 4.1136986
783.4320217 4.1613186
782.6641329 4.2295469
782.0020555 4.3215400
781.5364851 4.3952022
781.1374248 4.4867219
780.8761352 4.5719418
780.4789752 4.6578562
779.9202907 4.7346434
779.3083982 4.6369034
779.4414183 4.7441674
778.9758479 4.5358300
778.9536779 4.4524950
778.8428278 4.3715410
778.6432976 4.2929680
778.4936500 4.2042758
778.2442373 4.0908807
778.1112171 3.9999067
777.8736812 3.9176205
777.5274066 3.8354193
776.8475261 3.7930905
776.3154456 3.7667672
775.5321049 3.7534071
774.7931043 3.7467933
773.9875936 3.7590289
773.1229629 3.7515883
772.3691822 3.7441477
771.5932315 3.7501002
770.7951109 3.7471239
770.2852004 3.7441477
