13.7939177 1.9399424
13.5443653 1.8933113
13.4581563 1.8432889
13.1846209 1.8182171
12.9123819 1.7791560
12.6369020 1.7682552
12.3646630 1.7661356
12.0924240 1.7671954
11.7974985 1.7583637
11.5479461 1.7502386
11.2595024 1.7491788
11.0196728 1.7373697
10.7369008 1.7261282
10.4687129 1.7310109
10.1867511 1.7269231
9.9145122 1.7438798
9.6422732 1.7364613
9.3700342 1.7481190
9.0977952 1.7491788
8.8255562 1.7523582
8.5533172 1.7322221
8.2810782 1.7354015
8.0120802 1.7464536
7.7366003 1.7671954
7.4740841 1.7909651
7.2148089 1.8318431
6.9380326 1.8871645
6.7043608 1.9579060
6.4321218 1.9765055
6.2846590 2.0766564
6.0048578 2.1059774
5.7855542 2.1783970
5.5133152 2.2494034
5.2592255 2.2884040
5.1957031 1.0285163
4.9688373 2.3384264
4.9688373 1.0290462
4.6965983 2.3257089
4.4081546 2.2878589
4.1748069 2.2491385
3.9751650 2.2159138
3.7437618 2.1942939
3.4533736 2.1733099
3.2154885 2.1606832
3.0210321 2.1361565
2.8022687 2.1259370
2.5154454 2.1161717
2.3015434 2.0780190
2.0752668 2.0694305
1.7927158 2.0448624
1.5318201 2.0210170
1.3465463 2.0045901
1.1953024 2.0236665
1.0440585 2.0178376
0.7718196 2.0138633
0.5384719 1.9726448
0.3829067 1.9081485
0.2273416 1.8403214
0.0685355 1.7245385
-0.0902706 1.6424572
-0.2037035 1.5414055
-0.3851961 1.4662128
-0.5666888 1.3827537
-0.8389278 1.3528144
-1.1111668 1.3390371
-1.3834057 1.3337381
-1.6556447 1.3294989
-1.9278837 1.3294989
-2.2001227 1.3294989
-2.4723617 1.3294989
-2.7446007 1.3326783
-2.9034067 1.3294989
