819.4804728 2.8825236
818.6883984 2.8740007
817.8842314 2.8721067
817.1082807 2.8783899
816.3411981 2.8762734
815.4366613 2.8762734
814.7183527 2.8786544
813.8936280 2.8795473
813.0689032 2.8780592
812.2973866 2.8721067
811.4726619 2.8846069
810.7486524 2.8988929
809.9030245 2.9048454
809.1049038 2.8965119
808.2402731 2.8988929
807.5086625 2.8959167
806.7031518 2.9055068
805.9789311 2.9147663
805.1143004 2.9112940
804.2940097 2.9174118
803.5180590 2.9018692
802.7380774 2.8999752
801.9750257 2.8941309
801.1015269 2.8843424
800.3787843 2.8881784
799.4942006 2.9063336
798.7293349 2.9202227
797.9312142 2.9678427
797.1330935 3.0338162
796.3349728 3.1121908
795.5368522 3.1717158
794.7387315 3.1831247
794.2066510 3.1225581
793.8075907 3.0262764
793.3990289 2.9380094
793.0379743 2.8733822
792.4108795 2.8426749
791.9453091 2.8185342
791.1411420 2.8252984
790.4155777 2.8314313
789.6174571 2.8349036
788.7467799 2.8263807
787.9946117 2.8262725
787.1639749 2.8155580
786.3645106 2.8133934
785.5603436 2.8244867
784.7090148 2.8447252
783.9641022 2.8760750
783.1962133 2.9221618
782.5008809 3.0054427
781.8579504 3.0933412
781.4034650 3.1808925
781.3702100 3.1131829
780.9046396 3.2661621
780.5720893 3.3542591
780.1730289 3.4445386
779.5079284 3.4621481
779.2862282 3.3810453
779.1088680 3.3096153
778.9188393 3.2247497
778.7630157 3.1465169
778.6432976 3.0786584
778.5102775 2.9998870
778.3107473 2.9193695
778.2442373 2.8456512
778.0447071 2.7727000
777.8451769 2.6984922
777.5886381 2.6208262
777.1135663 2.5516639
776.4484657 2.5313262
775.5743335 2.5247359
774.7857143 2.5082602
773.9875936 2.5119806
773.1894729 2.5119806
772.3818508 2.5094295
771.5932315 2.5119806
770.8172809 2.4980914
770.2630304 2.5119806
