525.2975715 5.0111292
525.6889575 5.0178976
526.0803436 5.0207984
526.4717296 5.0207984
526.8631157 5.0207984
527.2545017 5.0217653
527.6691846 5.0274287
528.0224486 5.0624638
528.3063517 5.1585845
528.3699520 5.2298851
528.2655824 5.0962181
528.5078690 5.2919780
528.5824187 5.3776747
528.7294473 5.4472745
529.1135855 5.4655815
529.4397405 5.4269047
529.6354335 5.3746910
529.9709073 5.3614304
530.3855901 5.3427827
530.7769762 5.3398819
531.1765161 5.3166758
531.5271328 5.2833171
531.7880568 5.2480245
532.1468274 5.2489915
532.5382134 5.2627217
532.8643685 5.3416224
533.1905235 5.4100803
533.5819096 5.4414085
533.9872737 5.4459668
534.3581586 5.4744772
534.7479138 5.5139275
535.1800693 5.5480114
535.5388398 5.5907976
535.9302259 5.6502632
536.3216119 5.7034438
536.7456135 5.7266498
537.0935122 5.7614590
537.4957701 5.8030365
537.8731780 5.8147777
538.2785422 5.8214080
538.6699282 5.8194741
539.0613143 5.8049704
539.4527003 5.7943342
539.8440864 5.8049704
540.2680879 5.8286599
540.6179633 5.8541075
541.0291164 5.8968277
541.4329274 5.9308081
541.7684011 5.9555681
542.1924027 5.9809498
542.5837887 5.9944866
542.9798341 6.0062278
543.3665608 6.0341303
543.7579469 6.0418657
544.1493329 6.0447665
544.5407190 6.0505680
544.9367644 6.0385506
545.3234911 6.0234942
545.7148771 6.0099574
546.1062632 5.9848174
546.4813415 5.9490414
546.7818701 5.9134035
547.1254977 5.8895758
547.4304527 5.8620186
547.7882913 5.8404701
548.1936555 5.8165734
548.5850415 5.7972350
548.9764276 5.7817643
549.3678136 5.7740289
549.7591997 5.7653266
550.1505857 5.7643597
550.5419718 5.7672605
550.9333578 5.7624259
551.3247439 5.7691943
551.7161299 5.7856320
552.1075160 5.7953012
552.4989020 5.8001358
552.8902881 5.8098050
553.2816741 5.8204411
553.6730602 5.8291433
554.0644462 5.8330110
554.4558323 5.8397795
554.7493718 5.8465479
