13.7615083 5.8723981
13.4989921 5.8611946
13.2267531 5.8336398
12.9545142 5.8219820
12.6919980 5.8151690
12.3986929 5.8068799
12.1377972 5.8431780
11.8655582 5.8664935
11.5933192 5.8792111
11.3372849 5.8860241
11.0488413 5.8834503
10.7992889 5.8435313
10.5043633 5.8378790
10.2353652 5.8315202
9.9696081 5.8315202
9.6714416 5.8496882
9.4210790 5.8760317
9.1431684 5.8887493
8.8676884 5.8696729
8.5986904 5.8664935
8.3037648 5.8394687
8.0542124 5.8389388
7.7592869 5.8378790
7.5097344 5.8577502
7.2601820 5.8752369
6.9652565 5.9122768
6.6854553 5.9678809
6.4264502 6.0238735
6.1561017 6.0780999
5.8783630 6.1303832
5.5927183 6.2035093
5.3771957 6.2723961
5.0887520 6.2911697
4.8327178 6.3131983
4.5637197 6.3229636
4.4081546 6.2966201
4.1748069 6.2829941
3.9580240 6.2100800
3.6983887 6.1971505
3.4828661 6.1542287
3.2738255 6.1212992
3.0949256 6.0820564
2.8136119 6.0620262
2.5822088 6.0585289
2.2918206 6.0895810
2.0357863 6.1140320
1.7473426 6.1102471
1.4751036 6.1049481
1.2119393 6.1100351
0.9727579 6.0776961
0.8366384 6.0086579
0.5903269 5.9739570
0.4768940 5.8876895
0.2986423 5.8197110
0.0760977 5.7231382
-0.0902706 5.6282510
-0.2069444 5.5348374
-0.3851961 5.4515827
-0.5666888 5.3879948
-0.8389278 5.3577906
-1.1111668 5.3387142
-1.3834057 5.3355348
-1.6556447 5.3355348
-1.9278837 5.3302358
-2.2001227 5.3312956
-2.4723617 5.3302358
-2.7446007 5.3259966
-2.9260933 5.3259966
-2.9487799 5.2210766
