819.2809426 0.3075720
818.5311929 0.3063094
817.7512113 0.3214612
816.9530906 0.3214612
816.1549699 0.3110443
815.4043564 0.3070051
814.5587285 0.3165008
813.7701093 0.3121073
813.0156952 0.3047942
812.1643665 0.3214612
811.2997357 0.3184849
810.5983569 0.3165910
809.7034943 0.3289018
808.9940537 0.3340276
808.2402731 0.3393187
807.3091323 0.3445271
806.5405716 0.3432870
805.7794010 0.3571762
805.0145353 0.3527118
804.1831596 0.3571762
803.3850389 0.3502316
802.5869182 0.3353503
801.7792961 0.3189101
801.0571869 0.3050918
800.1925562 0.3115404
799.3469283 0.3189101
798.5963148 0.3393187
797.7981941 0.3854505
797.0303053 0.4475459
796.3349728 0.5202746
795.6396404 0.5882413
794.9019834 0.6223329
794.2288210 0.5754344
793.9501122 0.4762261
793.5581779 0.3921471
793.2470059 0.3180598
792.6270371 0.2730971
791.8122889 0.2738412
791.0046668 0.2746916
790.2160476 0.2872343
789.4179269 0.2956670
788.5865512 0.2738412
787.8691927 0.2602355
787.0235648 0.2559837
786.2254441 0.2520154
785.4273234 0.2619362
784.6125752 0.2649125
783.7778740 0.2916987
783.0631932 0.3420244
782.3678608 0.4202727
781.7027602 0.5113459
781.1928498 0.6085039
780.8761352 0.6905161
780.6607693 0.7649223
780.5055792 0.8423048
780.2490404 0.9286160
779.7739686 0.9868182
779.2418881 0.8821865
779.3083982 0.9821885
779.0518594 0.7762321
778.9758479 0.6524201
778.8428278 0.5721804
778.9093378 0.7292073
778.7098077 0.5083696
778.6432976 0.4295982
778.5102775 0.3563825
778.4437674 0.2819366
778.2442373 0.1930856
778.0067013 0.1088720
777.5126266 0.0337571
776.7810160 0.0158996
775.9828953 0.0020104
775.1847746 0.0000263
774.3866539 0.0000263
773.5885333 -0.0039421
772.7904126 -0.0019579
771.9922919 -0.0069183
771.1941712 -0.0069183
770.3485433 -0.0084773
