525.2975715 2.4990715
525.6889575 2.5029392
526.0803436 2.5000384
526.4717296 2.5077738
526.8631157 2.5184099
527.2545017 2.5300129
527.6691846 2.5394059
528.0343088 2.5831056
528.2655824 2.6723435
528.3960444 2.7975274
528.5078690 2.8825243
528.4612754 2.7059923
528.7026301 2.9575462
528.5917374 2.7930151
528.9505080 3.0270097
529.3092785 2.9999360
529.5375870 2.9660938
529.9289731 2.9573915
530.3203591 2.9361193
530.6791297 2.8955086
530.9987616 2.8481296
531.3314398 2.8191220
531.5084954 2.7747818
531.8728571 2.7570457
532.2446739 2.7422518
532.6775706 2.7539867
533.0600615 2.7968828
533.4366223 2.8526125
533.7776026 2.9281905
534.1037576 3.0123125
534.4299127 3.0767094
534.8176748 3.1185448
535.2257310 3.1619917
535.5779784 3.2101443
536.0019800 3.2559763
536.3542274 3.2971027
536.7782290 3.3354571
537.1696150 3.3383579
537.5610011 3.3209533
537.9523871 3.2987142
538.3437732 3.2851773
538.7351592 3.2668058
539.1265453 3.2503682
539.5179313 3.2406990
539.9093174 3.2552028
540.2925496 3.2759916
540.6831943 3.3130422
541.0726037 3.3596301
541.4422461 3.3931500
541.8522696 3.4270383
542.2576337 3.4524544
542.6490197 3.4650244
543.0404058 3.4727598
543.4562535 3.4884722
543.8231779 3.5182050
544.2145639 3.5259403
544.6059500 3.5278742
544.9973360 3.5240065
545.3887221 3.5133704
545.7801081 3.4911312
546.1714942 3.4669582
546.5489022 3.4386413
546.9542663 3.4099100
547.3374985 3.3760678
547.7370384 3.3518948
548.1284244 3.3325564
548.5151511 3.3035488
548.9111965 3.2871112
549.3025826 3.2716404
549.6939687 3.2619712
550.0853547 3.2581036
550.5012024 3.2571366
550.8681268 3.2851773
551.2595129 3.3035488
551.6508989 3.3132180
552.0422850 3.3238541
552.4336710 3.3373910
552.8250571 3.3480271
553.2164431 3.3538286
553.6078292 3.3615640
553.9992152 3.3634978
554.3906013 3.3731670
554.7493718 3.3801288
