819.5279799 5.3870372
818.6823521 5.3929897
817.8842314 5.3885253
817.0861107 5.3929897
816.3411981 5.3858467
815.4566143 5.3900135
814.6917486 5.3929897
813.8271179 5.3870372
813.0955073 5.3929897
812.2671547 5.3848727
811.4992659 5.3840610
810.7011452 5.3937338
809.9090709 5.3848727
809.1049038 5.4048947
808.3067831 5.4029105
807.5086625 5.4088630
806.6803099 5.3978599
805.9599283 5.4108472
805.0477903 5.4160556
804.3161797 5.4096567
803.5180590 5.4227522
802.6800323 5.4025137
801.9520495 5.3919074
801.1522013 5.4023436
800.3255763 5.4048947
799.5455947 5.4000245
798.6776049 5.4313503
797.9312142 5.4649157
797.1633254 5.5179922
796.4377611 5.5894222
795.7001041 5.6548996
794.9087016 5.6833394
794.3396711 5.6221609
793.9572383 5.5328734
793.6579430 5.4532588
793.2422552 5.3795966
792.5838056 5.3334647
791.8183353 5.3150661
791.0616754 5.3275122
790.1938776 5.3288350
789.4654341 5.3428187
788.6863163 5.3288350
787.7995155 5.3169300
786.9933330 5.3026200
786.2520482 5.3096547
785.4439510 5.3275122
784.6458303 5.3513222
783.8250357 5.3778379
783.0329614 5.4306889
782.2880487 5.5102539
781.6805902 5.6029145
781.7692703 5.5298972
781.2504919 5.6989481
780.8713845 5.7903190
780.4834092 5.8817560
780.0400088 5.9723662
779.5079284 5.9842712
779.4192483 5.9058967
779.2418881 5.8261332
779.0423580 5.7425998
778.9315079 5.6489471
778.6765526 5.5218613
778.5324475 5.4144187
778.2442373 5.3005772
778.0979151 5.2251293
777.8926841 5.1540394
777.6722508 5.0989363
777.0071502 5.0513163
776.2415455 5.0245962
775.3843048 5.0100457
774.6621956 5.0154313
773.8545735 5.0075655
773.0564528 5.0120298
772.2583321 5.0120298
771.3937014 4.9981407
770.5955807 5.0016130
770.1965203 5.0120298
