525.2323405 1.2478773
525.6237265 1.2546457
526.0151126 1.2662487
526.4064986 1.2730172
526.7978847 1.2730172
527.1892707 1.2768849
527.5806568 1.2855871
528.0046583 1.3078263
528.3634289 1.3852185
528.2003514 1.3252308
528.5078690 1.4775622
528.7156763 1.5734972
528.8899363 1.6724932
529.1462010 1.7277112
529.5375870 1.7468079
529.9289731 1.7352048
530.3203591 1.7236018
530.6791297 1.6849250
530.9400537 1.6352898
531.2662088 1.6015282
531.4619018 1.5522153
531.7880568 1.5355359
532.0489809 1.5137802
532.4077514 1.5186148
532.7991375 1.5379532
533.1905235 1.6037038
533.5558172 1.6698411
533.8428336 1.7480165
534.1146295 1.8222276
534.4447379 1.8895604
534.8212987 1.9392249
535.2126848 1.9856371
535.6188960 2.0388177
535.9954569 2.0886140
536.3705352 2.1403442
536.7782290 2.1722526
537.1929118 2.1656223
537.5446933 2.1316420
537.7893096 2.0820068
538.1154646 2.0562222
538.3018390 2.0131252
538.6373127 1.9891825
538.9914239 1.9526237
539.3874693 1.9430926
539.8033170 1.9452682
540.1811132 1.9750010
540.5586624 2.0108649
540.9530135 2.0600899
541.3443996 2.1113367
541.7292625 2.1560084
542.1131936 2.1971163
542.5185577 2.2244663
542.9099438 2.2389701
543.3013298 2.2525069
543.6927159 2.2728123
544.0841019 2.2873161
544.4754880 2.2882830
544.8668740 2.2824815
545.2582601 2.2786138
545.6263493 2.2501587
546.0550102 2.2203223
546.4079566 2.1882068
546.8238043 2.1654842
547.1825748 2.1272908
547.5494992 2.0874054
547.9327314 2.0697591
548.3241175 2.0465530
548.7155035 2.0281816
549.1068896 2.0127108
549.4982756 2.0040086
549.8896617 1.9991740
550.2810477 1.9982070
550.6724338 2.0059424
551.0638198 2.0185124
551.4552059 2.0320492
551.8465919 2.0455861
552.2379780 2.0542884
552.6293640 2.0639576
553.0207501 2.0707260
553.4121361 2.0803952
553.8035222 2.0910313
554.1949082 2.0968329
554.5862943 2.0968329
554.8472183 2.0968329
