819.4804728 1.5714858
818.6823521 1.5714858
817.9507414 1.5595808
817.1146150 1.5655333
816.2879900 1.5704937
815.4596375 1.5525461
814.6252386 1.5610690
813.8461208 1.5655333
813.1430145 1.5655333
812.2973866 1.5714858
811.5657760 1.5681789
810.7277492 1.5667238
809.9030245 1.5833908
809.0550213 1.5759502
808.3352875 1.5833908
807.5371668 1.5893433
806.7105418 1.5952958
805.9219225 1.5978469
805.1143004 1.6042246
804.3161797 1.6052166
803.4705518 1.5893433
802.7531934 1.5819027
801.9218176 1.5794225
801.1712041 1.5723362
800.3255763 1.5714858
799.5274556 1.5699977
798.7474740 1.5839320
797.9312142 1.6280346
797.1330935 1.6905358
796.3349728 1.7579974
795.5549913 1.8198673
794.7719865 1.8363720
794.2161524 1.7857758
793.8360950 1.7032911
793.5700547 1.6318612
793.2090001 1.5724779
792.6104096 1.5232706
791.8122889 1.5238658
791.0141683 1.5258500
790.1685404 1.5332198
789.4654341 1.5332198
788.6198062 1.5298183
787.8216855 1.5189054
787.0235648 1.5109688
786.2254441 1.5119608
785.4273234 1.5208896
784.5626927 1.5298183
783.8044781 1.5560093
783.0329614 1.6131533
782.2880487 1.6851785
781.6861327 1.7671742
781.2815299 1.8446394
780.8824695 1.9306199
780.4523712 2.0232804
780.0400088 2.1210998
779.4414183 2.1339969
779.3749082 2.0679242
779.1753781 2.0020499
778.9462879 1.8994023
778.8428278 1.8055381
778.6100426 1.7225305
778.4881075 1.6312092
778.2220672 1.5318025
778.1245192 1.4484675
777.8736812 1.3793052
777.4128615 1.2991590
776.7715146 1.2602552
775.9828953 1.2540193
775.1847746 1.2500509
774.3866539 1.2500509
773.5885333 1.2440984
772.7904126 1.2411222
771.9922919 1.2381459
771.1941712 1.2381459
770.4625606 1.2381459
