13.7598878 3.2784672
13.5519275 3.2208848
13.2834696 3.1910338
12.9998873 3.1597698
12.7843648 3.1155232
12.4982618 3.1163181
12.2388556 3.0949294
11.9660274 3.1172265
11.6840656 3.1343346
11.3956219 3.1453868
11.1622742 3.1258563
10.8673486 3.1184377
10.5789049 3.1181349
10.3455572 3.0924726
10.0506316 3.1036005
9.7783927 3.1067799
9.4999664 3.1192084
9.2566013 3.1311552
8.9616757 3.1269161
8.6894367 3.1205573
8.4126604 3.1093234
8.1449587 3.1226769
7.8830318 3.1053347
7.6118241 3.1338047
7.3055552 3.1558839
7.0786894 3.2148793
6.7999685 3.2367717
6.5795846 3.3004403
6.3073456 3.3614847
6.0634648 3.4247193
5.8037035 3.4895789
5.5133152 3.5540146
5.2183897 3.5946402
4.9506880 3.6313798
4.6803936 3.6622654
4.4470459 3.6313798
4.1748069 3.5948168
4.0386874 3.5789198
3.8571947 3.6059447
3.7729303 3.5078377
3.5006913 3.4869445
3.2673436 3.4533338
3.0253534 3.4342574
2.7487931 3.4478834
2.4823879 3.4170887
2.3598803 3.4067027
2.1103279 3.4151811
1.8380889 3.4162409
1.5820546 3.3933795
1.2936109 3.3653706
1.0213720 3.3579520
0.7718196 3.3134405
0.4995806 3.2724616
0.2636401 3.2129716
0.1560409 3.1486571
0.0004758 3.0690511
-0.1129571 2.9719736
-0.2912089 2.8846765
-0.4338102 2.8018306
-0.6088210 2.7320657
-0.8389278 2.6881597
-1.1111668 2.6765020
-1.3834057 2.6648442
-1.6556447 2.6648442
-1.9278837 2.6648442
-2.2001227 2.6648442
-2.4723617 2.6648442
-2.7446007 2.6574256
-2.9260933 2.6648442
-2.9487799 2.5503860
