510 0.335393121391983
509.8 0.349215383364501
509.6 0.336287503049028
509.4 0.34815838686072
509.2 0.33295389869095
509 0.335067891698512
508.8 0.363688104723961
508.6 0.338645418326693
508.4 0.332384746727376
508.2 0.351248068948695
508 0.345475241889585
507.8 0.324497926660704
507.6 0.345800471583055
507.4 0.343036019188552
507.2 0.344580860232539
507 0.338238881209854
506.8 0.344093015692333
506.6 0.344662167655907
506.4 0.334010895194731
506.2 0.345719164159688
506 0.337425806976177
505.8 0.353931213919831
505.6 0.345881779006423
505.4 0.340271566794048
505.2 0.344824782502642
505 0.351004146678592
504.8 0.338808033173429
504.6 0.357264818277909
504.4 0.347426620050411
504.2 0.334092202618099
504 0.347507927473778
503.8 0.359460118708838
503.6 0.350678916985121
503.4 0.363281567607122
503.2 0.343930400845597
503 0.359541426132206
502.8 0.342629482071713
502.6 0.360517115212619
502.4 0.346776160663469
502.2 0.348239694284088
502 0.359134889015367
501.8 0.357508740548012
501.6 0.367672168468981
501.4 0.351085454101959
501.2 0.366289942271729
501 0.35759004797138
500.8 0.368973087242865
500.6 0.364257256687536
500.4 0.365395560614684
500.2 0.374745914301976
500 0.364745101227742
499.8 0.374339377185137
499.6 0.368729164972762
499.4 0.369135702089601
499.2 0.379705667127409
499 0.378729978046996
498.8 0.380437433937719
498.6 0.373038458411253
498.4 0.378729978046996
498.2 0.385885031303358
498 0.380843971054557
497.8 0.388242946581023
497.6 0.390356939588584
497.4 0.393853158793398
497.2 0.381250508171396
497 0.3865354906903
496.8 0.395560614684121
496.6 0.374827221725344
496.4 0.375233758842182
496.2 0.378973900317099
496 0.387104642653874
495.8 0.372225384177575
495.6 0.379868281974144
495.4 0.375640295959021
495.2 0.377916903813318
495 0.375152451418814
494.8 0.367509553622246
494.6 0.381413123018132
494.4 0.380681356207822
494.2 0.351491991218798
494 0.382957964062119
493.8 0.366533864541833
493.6 0.373688917798195
493.4 0.375071143995447
493.2 0.366452557118465
493 0.377429059273112
492.8 0.377429059273112
492.6 0.385559801609887
492.4 0.372875843564517
492.2 0.382876656638751
492 0.394341003333604
491.8 0.400764289779657
491.6 0.396129766647695
491.4 0.398650296772095
491.2 0.404179201561102
491 0.406618424262135
490.8 0.409626798926742
490.6 0.405805350028458
490.4 0.414505244328807
490.2 0.423692983169363
490 0.434425563053907
489.8 0.439710545572811
489.6 0.453532807545329
489.4 0.453532807545329
489.2 0.460687860801691
489 0.466948532401008
488.8 0.481096024066997
488.6 0.511423692983169
488.4 0.497357508740548
488.2 0.516058216115131
488 0.53020570778112
487.8 0.536791609073909
487.6 0.519960972436783
487.4 0.570290267501423
487.2 0.586714367021709
487 0.598585250833401
486.8 0.627368078705586
486.6 0.631270835027238
486.4 0.651272461175705
486.2 0.66956663143345
486 0.68477111960322
485.8 0.688267338808033
485.6 0.71550532563623
485.4 0.735994796324905
485.2 0.766403772664444
485 0.746889991056183
484.8 0.785104480039028
484.6 0.785104480039028
484.4 0.777217659972355
484.2 0.756402959590211
484 0.714692251402553
483.8 0.679404829660948
483.6 0.624278396617611
483.4 0.586876981868445
483.2 0.540856980242296
483 0.493861289535735
482.8 0.431010651272461
482.6 0.416456622489633
482.4 0.400032522969347
482.2 0.377429059273112
482 0.349947150174811
481.8 0.337832344093016
481.6 0.330677290836653
481.4 0.326205382551427
481.2 0.31596064720709
481 0.302382307504675
480.8 0.304577607935605
480.6 0.278477925034556
480.4 0.299617855110172
480.2 0.286689974794699
480 0.288234815838686
479.8 0.283356370436621
479.6 0.285389056020815
479.4 0.286039515407757
479.2 0.283437677859989
479 0.277420928530775
478.8 0.266119196682657
478.6 0.273436864785755
478.4 0.278721847304659
478.2 0.267582730303277
478 0.279209691844865
477.8 0.281404992275795
477.6 0.273924709325961
477.4 0.280347995772014
477.2 0.281974144239369
477 0.280917147735588
476.8 0.286852589641434
476.6 0.278234002764452
476.4 0.29278803154728
476.2 0.277095698837304
476 0.274819090983007
475.8 0.291243190503293
475.6 0.294414180014635
475.4 0.284006829823563
475.2 0.287584356451744
475 0.280510610618749
474.8 0.28555167086755
474.6 0.283437677859989
474.4 0.292950646394016
474.2 0.292544109277177
474 0.287340434181641
473.8 0.283437677859989
473.6 0.274656476136271
473.4 0.272135946011871
473.2 0.269615415887471
473 0.271160256931458
472.8 0.272379868281974
472.6 0.264411740791934
472.4 0.277827465647614
472.2 0.257907146922514
472 0.260996829010489
471.8 0.266281811529393
471.6 0.260102447353443
471.4 0.275306935523213
471.2 0.265387429872347
471 0.271404179201561
470.8 0.26530612244898
470.6 0.265631352142451
470.4 0.262297747784373
470.2 0.270184567851045
470 0.284413366940402
469.8 0.268721034230425
469.6 0.297991706642816
469.4 0.297178632409139
469.2 0.297259939832507
469 0.312952272542483
468.8 0.323684852427027
468.6 0.328563297829092
468.4 0.330921213106757
468.2 0.334742662005041
468 0.35864704447516
467.8 0.386047646150093
467.6 0.384177575412635
467.4 0.39954467842914
467.2 0.418895845190666
467 0.427351817220912
466.8 0.436539556061468
466.6 0.459143019757704
466.4 0.477843727132287
466.2 0.509797544515814
466 0.516220830961867
465.8 0.544271892023742
465.6 0.567444507683551
465.4 0.587527441255386
465.2 0.629888608829986
465 0.662818115293926
464.8 0.667533945849256
464.6 0.71843239287747
464.4 0.751443206764777
464.2 0.780469956907066
464 0.812667696560696
463.8 0.827465647613627
463.6 0.861696072851451
463.4 0.899829254410928
463.2 0.918367346938776
463 0.948288478738109
462.8 0.988373038458411
462.6 0.998048621839174
462.4 1
462.2 1
462 0.966013497032279
461.8 0.904870314659728
461.6 0.826002113993007
461.4 0.751117977071307
461.2 0.665745182535165
461 0.595983413285633
460.8 0.512887226603789
460.6 0.445402065208553
460.4 0.381006585901293
460.2 0.323847467273762
460 0.280347995772014
459.8 0.252784779250345
459.6 0.224652410765103
459.4 0.194080819578828
459.2 0.189039759330027
459 0.164403610049598
458.8 0.152044881697699
458.6 0.12122936824132
458.4 0.130823644198715
458.2 0.110984632896983
458 0.100333360435808
457.8 0.0957801447272136
457.6 0.094641840800065
457.4 0.0721196845271973
457.2 0.0782177412797788
457 0.065289860964306
456.8 0.0600861858687698
456.6 0.0568338889340597
456.4 0.0552077404667046
456.2 0.046833075859826
456 0.0519554435319945
455.8 0.0528498251890398
455.6 0.0407350191072445
455.4 0.0431742418082771
455.2 0.0212212374989837
455 0.0409789413773477
454.8 0.0365070330921213
454.6 0.0374827221725343
454.4 0.0391088706398894
454.2 0.0390275632165216
454 0.0286202130254492
453.8 0.0267501422879909
453.6 0.0256118383608423
453.4 0.0218716968859257
453.2 0.0200829335718351
453 0.0298398243759655
452.8 0.023741767623384
452.6 0.023091308236442
452.4 0.0225221562728677
452.2 0.017155866330596
452 0.0148792584762989
451.8 0.0130904951622083
451.6 0.0213025449223514
451.4 0.0169119440604927
451.2 0.00902512399382063
451 0.00487844540206522
450.8 0.00626067159931698
450.6 0.0112204244247499
450.4 0.00967558338076265
450.2 0.0108951947312789
450 0
