460 0.1545040946315
459.9 0.1281164695177
459.8 0.1201091901729
459.7 0.1333939945405
459.6 0.1323020928116
459.5 0.1461328480437
459.4 0.1454049135578
459.3 0.1495905368517
459.2 0.1550500454959
459.1 0.1532302092812
459 0.1168334849864
458.9 0.1330300272975
458.8 0.1550500454959
458.7 0.1555959963603
458.6 0.143585077343
458.5 0.1621474067334
458.4 0.1606915377616
458.3 0.1634212920837
458.2 0.147042766151
458.1 0.1432211101001
458 0.1446769790719
457.9 0.1554140127389
457.8 0.1776160145587
457.7 0.1423111919927
457.6 0.1424931756142
457.5 0.1463148316652
457.4 0.1494085532302
457.3 0.158143767061
457.2 0.136669699727
457.1 0.1525022747953
457 0.1483166515014
456.9 0.133212010919
456.8 0.1554140127389
456.7 0.1437670609645
456.6 0.1590536851683
456.5 0.1237488626024
456.4 0.1565059144677
456.3 0.1259326660601
456.2 0.1554140127389
456.1 0.1570518653321
456 0.1490445859873
455.9 0.1606915377616
455.8 0.1599636032757
455.7 0.1805277525023
455.6 0.1395814376706
455.5 0.1521383075523
455.4 0.1554140127389
455.3 0.1523202911738
455.2 0.1383075523203
455.1 0.1499545040946
455 0.1539581437671
454.9 0.1459508644222
454.8 0.1545040946315
454.7 0.1505004549591
454.6 0.1481346678799
454.5 0.1626933575978
454.4 0.161237488626
454.3 0.1727024567789
454.2 0.1421292083712
454.1 0.1386715195632
454 0.1750682438581
453.9 0.1727024567789
453.8 0.1428571428571
453.7 0.1497725204732
453.6 0.1856232939035
453.5 0.1630573248408
453.4 0.1623293903549
453.3 0.189626933576
453.2 0.2025477707006
453.1 0.1743403093722
453 0.168152866242
452.9 0.1552320291174
452.8 0.1526842584167
452.7 0.1697907188353
452.6 0.1801637852593
452.5 0.1641492265696
452.4 0.1918107370337
452.3 0.1661510464058
452.2 0.1887170154686
452.1 0.1945404913558
452 0.168516833485
451.9 0.1714285714286
451.8 0.182347588717
451.7 0.1725204731574
451.6 0.1910828025478
451.5 0.1759781619654
451.4 0.1757961783439
451.3 0.1750682438581
451.2 0.1981801637853
451.1 0.1818016378526
451 0.1575978161965
450.9 0.1978161965423
450.8 0.1652411282985
450.7 0.1801637852593
450.6 0.1710646041856
450.5 0.1759781619654
450.4 0.1929026387625
450.3 0.171974522293
450.2 0.1894449499545
450.1 0.1938125568699
450 0.1894449499545
449.9 0.1617834394904
449.8 0.1563239308462
449.7 0.1608735213831
449.6 0.186169244768
449.5 0.1847133757962
449.4 0.1657870791629
449.3 0.1597816196542
449.2 0.2085532302093
449.1 0.1796178343949
449 0.1987261146497
448.9 0.193084622384
448.8 0.1825295723385
448.7 0.1794358507734
448.6 0.1859872611465
448.5 0.1845313921747
448.4 0.203821656051
448.3 0.2029117379436
448.2 0.1970882620564
448.1 0.1803457688808
448 0.1717925386715
447.9 0.1707006369427
447.8 0.1768880800728
447.7 0.1929026387625
447.6 0.1803457688808
447.5 0.1901728844404
447.4 0.196178343949
447.3 0.1868971792539
447.2 0.1865332120109
447.1 0.2074613284804
447 0.1850773430391
446.9 0.1969062784349
446.8 0.2012738853503
446.7 0.2151046405823
446.6 0.2020018198362
446.5 0.2020018198362
446.4 0.1734303912648
446.3 0.2112829845314
446.2 0.1990900818926
446.1 0.2145586897179
446 0.1907188353048
445.9 0.2112829845314
445.8 0.1865332120109
445.7 0.2161965423112
445.6 0.2316651501365
445.5 0.1907188353048
445.4 0.1981801637853
445.3 0.2036396724295
445.2 0.1983621474067
445.1 0.221110100091
445 0.2025477707006
444.9 0.1929026387625
444.8 0.1657870791629
444.7 0.1947224749773
444.6 0.2165605095541
444.5 0.1952684258417
444.4 0.2049135577798
444.3 0.2005459508644
444.2 0.2118289353958
444.1 0.21728844404
444 0.2060054595086
443.9 0.2149226569609
443.8 0.2196542311192
443.7 0.1932666060055
443.6 0.2132848043676
443.5 0.2049135577798
443.4 0.1954504094631
443.3 0.2003639672429
443.2 0.2078252957234
443.1 0.1945404913558
443 0.2129208371247
442.9 0.1887170154686
442.8 0.1868971792539
442.7 0.1777979981802
442.6 0.2065514103731
442.5 0.1887170154686
442.4 0.1923566878981
442.3 0.2112829845314
442.2 0.1914467697907
442.1 0.189262966333
442 0.1761601455869
441.9 0.1888989990901
441.8 0.1947224749773
441.7 0.1910828025478
441.6 0.2094631483167
441.5 0.2025477707006
441.4 0.1907188353048
441.3 0.1770700636943
441.2 0.1763421292084
441.1 0.2001819836215
441 0.1970882620564
440.9 0.1814376706096
440.8 0.2029117379436
440.7 0.1989080982712
440.6 0.2192902638763
440.5 0.1785259326661
440.4 0.2196542311192
440.3 0.2052775250227
440.2 0.1841674249318
440.1 0.1772520473157
440 0.1847133757962
439.9 0.1972702456779
439.8 0.1934485896269
439.7 0.1952684258417
439.6 0.1847133757962
439.5 0.189626933576
439.4 0.2076433121019
439.3 0.1932666060055
439.2 0.1779799818016
439.1 0.2209281164695
439 0.2020018198362
438.9 0.2236578707916
438.8 0.1834394904459
438.7 0.2090991810737
438.6 0.214194722475
438.5 0.1850773430391
438.4 0.1819836214741
438.3 0.1974522292994
438.2 0.1868971792539
438.1 0.2140127388535
438 0.1876251137398
437.9 0.2101910828025
437.8 0.1918107370337
437.7 0.1929026387625
437.6 0.1832575068244
437.5 0.2118289353958
437.4 0.2007279344859
437.3 0.1943585077343
437.2 0.1845313921747
437.1 0.2336669699727
437 0.1856232939035
436.9 0.1956323930846
436.8 0.1967242948135
436.7 0.2005459508644
436.6 0.189626933576
436.5 0.2101910828025
436.4 0.1963603275705
436.3 0.2225659690628
436.2 0.2021838034577
436.1 0.2202001819836
436 0.1936305732484
435.9 0.2094631483167
435.8 0.1987261146497
435.7 0.231483166515
435.6 0.2112829845314
435.5 0.2165605095541
435.4 0.2114649681529
435.3 0.2471337579618
435.2 0.2234758871702
435.1 0.2098271155596
435 0.2251137397634
434.9 0.2200181983621
434.8 0.1979981801638
434.7 0.2131028207461
434.6 0.2078252957234
434.5 0.2358507734304
434.4 0.2125568698817
434.3 0.2105550500455
434.2 0.2161965423112
434.1 0.2311191992721
434 0.2161965423112
433.9 0.2214740673339
433.8 0.2424021838035
433.7 0.2331210191083
433.6 0.2160145586897
433.5 0.2322111010009
433.4 0.2300272975432
433.3 0.231847133758
433.2 0.2121929026388
433.1 0.2549590536852
433 0.2078252957234
432.9 0.2291173794359
432.8 0.2334849863512
432.7 0.2225659690628
432.6 0.2309372156506
432.5 0.2278434940855
432.4 0.2402183803458
432.3 0.2363967242948
432.2 0.2515013648772
432.1 0.2424021838035
432 0.2485896269336
431.9 0.2531392174704
431.8 0.2251137397634
431.7 0.2673339399454
431.6 0.2396724294813
431.5 0.2465878070974
431.4 0.2576888080073
431.3 0.259872611465
431.2 0.2616924476797
431.1 0.2427661510464
431 0.2687898089172
430.9 0.2285714285714
430.8 0.238762511374
430.7 0.2396724294813
430.6 0.2780709736124
430.5 0.2589626933576
430.4 0.2631483166515
430.3 0.2589626933576
430.2 0.2524112829845
430.1 0.2542311191993
430 0.2627843494086
429.9 0.2482256596906
429.8 0.2507734303913
429.7 0.2309372156506
429.6 0.2473157415833
429.5 0.2515013648772
429.4 0.2565969062784
429.3 0.2857142857143
429.2 0.2567788898999
429.1 0.2655141037307
429 0.2580527752502
428.9 0.2649681528662
428.8 0.2631483166515
428.7 0.2438580527753
428.6 0.2658780709736
428.5 0.2342129208371
428.4 0.2382165605096
428.3 0.2400363967243
428.2 0.2600545950864
428.1 0.256050955414
428 0.2673339399454
427.9 0.234940855323
427.8 0.2191082802548
427.7 0.2484076433121
427.6 0.2465878070974
427.5 0.2229299363057
427.4 0.2578707916288
427.3 0.238398544131
427.2 0.2573248407643
427.1 0.2515013648772
427 0.2289353958144
426.9 0.2292993630573
426.8 0.2294813466788
426.7 0.2
426.6 0.2309372156506
426.5 0.2218380345769
426.4 0.2424021838035
426.3 0.2109190172884
426.2 0.2416742493176
426.1 0.2400363967243
426 0.2449499545041
425.9 0.2243858052775
425.8 0.2171064604186
425.7 0.2129208371247
425.6 0.2294813466788
425.5 0.2231119199272
425.4 0.1996360327571
425.3 0.2236578707916
425.2 0.2409463148317
425.1 0.2192902638763
425 0.2012738853503
424.9 0.2047315741583
424.8 0.2394904458599
424.7 0.2214740673339
424.6 0.2367606915378
424.5 0.2018198362147
424.4 0.2251137397634
424.3 0.2178343949045
424.2 0.2116469517743
424.1 0.22838944495
424 0.2
423.9 0.2258416742493
423.8 0.2154686078253
423.7 0.221110100091
423.6 0.2085532302093
423.5 0.2040036396724
423.4 0.1987261146497
423.3 0.1945404913558
423.2 0.206915377616
423.1 0.221110100091
423 0.2218380345769
422.9 0.2181983621474
422.8 0.2216560509554
422.7 0.1989080982712
422.6 0.2309372156506
422.5 0.2269335759782
422.4 0.2365787079163
422.3 0.2096451319381
422.2 0.2260236578708
422.1 0.2036396724295
422 0.2542311191993
421.9 0.2269335759782
421.8 0.2185623293904
421.7 0.2158325750682
421.6 0.2382165605096
421.5 0.2160145586897
421.4 0.1805277525023
421.3 0.2267515923567
421.2 0.231483166515
421.1 0.2294813466788
421 0.2234758871702
420.9 0.2354868061874
420.8 0.2216560509554
420.7 0.2467697907188
420.6 0.2058234758872
420.5 0.2260236578708
420.4 0.2480436760692
420.3 0.2440400363967
420.2 0.2571428571429
420.1 0.2400363967243
420 0.2494995450409
419.9 0.2569608735214
419.8 0.2596906278435
419.7 0.2464058234759
419.6 0.2549590536852
419.5 0.2848043676069
419.4 0.2826205641492
419.3 0.2626023657871
419.2 0.2980891719745
419.1 0.3130118289354
419 0.3084622383985
418.9 0.2902638762511
418.8 0.3181073703367
418.7 0.3261146496815
418.6 0.3303002729754
418.5 0.3326660600546
418.4 0.3352138307552
418.3 0.3657870791629
418.2 0.3659690627843
418.1 0.3712465878071
418 0.3808917197452
417.9 0.4225659690628
417.8 0.4105550500455
417.7 0.4371246587807
417.6 0.4533212010919
417.5 0.4498635122839
417.4 0.4704276615105
417.3 0.4969972702457
417.2 0.5046405823476
417.1 0.5091901728844
417 0.5250227479527
416.9 0.564695177434
416.8 0.5885350318471
416.7 0.5994540491356
416.6 0.6161965423112
416.5 0.5894449499545
416.4 0.6449499545041
416.3 0.6485896269336
416.2 0.666424021838
416.1 0.6580527752502
416 0.6325750682439
415.9 0.6624203821656
415.8 0.6682438580528
415.7 0.6722474977252
415.6 0.6465878070974
415.5 0.6682438580528
415.4 0.6222020018198
415.3 0.5876251137398
415.2 0.6305732484076
415.1 0.6061874431301
415 0.5983621474067
414.9 0.58271155596
414.8 0.5306642402184
414.7 0.5430391264786
414.6 0.5363057324841
414.5 0.501728844404
414.4 0.4828025477707
414.3 0.4553230209281
414.2 0.4440400363967
414.1 0.4236578707916
414 0.4345768880801
413.9 0.4070973612375
413.8 0.3958143767061
413.7 0.4009099181074
413.6 0.3885350318471
413.5 0.3557779799818
413.4 0.358143767061
413.3 0.3721565059145
413.2 0.330118289354
413.1 0.319381255687
413 0.3201091901729
412.9 0.305186533212
412.8 0.3146496815287
412.7 0.2889899909008
412.6 0.2946314831665
412.5 0.2808007279345
412.4 0.2644222020018
412.3 0.2715195632393
412.2 0.2784349408553
412.1 0.2622383985441
412 0.2638762511374
411.9 0.2302092811647
411.8 0.2374886260237
411.7 0.2362147406733
411.6 0.2398544131028
411.5 0.2558689717925
411.4 0.2444040036397
411.3 0.2165605095541
411.2 0.2229299363057
411.1 0.2165605095541
411 0.2178343949045
410.9 0.1976342129208
410.8 0.1981801637853
410.7 0.1772520473157
410.6 0.2149226569609
410.5 0.1992720655141
410.4 0.1661510464058
410.3 0.1752502274795
410.2 0.157779799818
410.1 0.1987261146497
410 0.17161055505
409.9 0.1763421292084
409.8 0.1672429481347
409.7 0.1994540491356
409.6 0.1845313921747
409.5 0.179253867152
409.4 0.147042766151
409.3 0.1617834394904
409.2 0.1550500454959
409.1 0.1821656050955
409 0.1625113739763
408.9 0.15432211101
408.8 0.147406733394
408.7 0.1848953594177
408.6 0.1748862602366
408.5 0.1461328480437
408.4 0.1586897179254
408.3 0.1497725204732
408.2 0.1541401273885
408.1 0.1483166515014
408 0.178889899909
407.9 0.164695177434
407.8 0.1548680618744
407.7 0.1776160145587
407.6 0.1597816196542
407.5 0.189626933576
407.4 0.1450409463148
407.3 0.2003639672429
407.2 0.1916287534122
407.1 0.1812556869882
407 0.1666969972702
406.9 0.1608735213831
406.8 0.1821656050955
406.7 0.1510464058235
406.6 0.1688808007279
406.5 0.1468607825296
406.4 0.1701546860783
406.3 0.15432211101
406.2 0.1574158325751
406.1 0.1597816196542
406 0.1672429481347
405.9 0.1282984531392
405.8 0.1517743403094
405.7 0.1264786169245
405.6 0.1437670609645
405.5 0.1450409463148
405.4 0.1463148316652
405.3 0.1521383075523
405.2 0.1559599636033
405.1 0.150864422202
405 0.1472247497725
404.9 0.1614194722475
404.8 0.1545040946315
404.7 0.1419472247498
404.6 0.1697907188353
404.5 0.1455868971793
404.4 0.1619654231119
404.3 0.1621474067334
404.2 0.1554140127389
404.1 0.158143767061
404 0.1821656050955
403.9 0.1703366696997
403.8 0.1696087352138
403.7 0.1730664240218
403.6 0.1652411282985
403.5 0.1756141947225
403.4 0.1765241128298
403.3 0.1614194722475
403.2 0.1843494085532
403.1 0.178889899909
403 0.1919927206551
402.9 0.1970882620564
402.8 0.1888989990901
402.7 0.2
402.6 0.1845313921747
402.5 0.1929026387625
402.4 0.2012738853503
402.3 0.2181983621474
402.2 0.1954504094631
402.1 0.2214740673339
402 0.2183803457689
401.9 0.2680618744313
401.8 0.2644222020018
401.7 0.2575068243858
401.6 0.2753412192903
401.5 0.2791628753412
401.4 0.2993630573248
401.3 0.2946314831665
401.2 0.3108280254777
401.1 0.3313921747043
401 0.3654231119199
400.9 0.3878070973612
400.8 0.4007279344859
400.7 0.4356687898089
400.6 0.4515013648772
400.5 0.442220200182
400.4 0.5130118289354
400.3 0.5179253867152
400.2 0.5281164695177
400.1 0.5617834394904
400 0.6065514103731
399.9 0.5983621474067
399.8 0.6438580527753
399.7 0.6735213830755
399.6 0.7386715195632
399.5 0.7373976342129
399.4 0.761237488626
399.3 0.8294813466788
399.2 0.8720655141037
399.1 0.8729754322111
399 0.9110100090992
398.9 0.9324840764331
398.8 0.968516833485
398.7 0.9750682438581
398.6 0.9741583257507
398.5 0.9495905368517
398.4 1
398.3 0.9734303912648
398.2 0.9909008189263
398.1 0.9585077343039
398 0.943949044586
397.9 0.9515923566879
397.8 0.9075523202912
397.7 0.8718835304823
397.6 0.8585987261146
397.5 0.7898089171975
397.4 0.7623293903549
397.3 0.7424931756142
397.2 0.712465878071
397.1 0.7113739763421
397 0.6655141037307
396.9 0.5970882620564
396.8 0.5856232939035
396.7 0.5621474067334
396.6 0.5272065514104
396.5 0.5019108280255
396.4 0.4864422202002
396.3 0.4640582347589
396.2 0.4424021838035
396.1 0.4112829845314
396 0.3739763421292
395.9 0.3414012738854
395.8 0.358143767061
395.7 0.3117379435851
395.6 0.3035486806187
395.5 0.2696997270246
395.4 0.2662420382166
395.3 0.2935395814377
395.2 0.2653321201092
395.1 0.2313011828935
395 0.2169244767971
394.9 0.1998180163785
394.8 0.1916287534122
394.7 0.1978161965423
394.6 0.1757961783439
394.5 0.1707006369427
394.4 0.1528662420382
394.3 0.1648771610555
394.2 0.1071883530482
394.1 0.1288444040036
394 0.1343039126479
393.9 0.1210191082803
393.8 0.1006369426752
393.7 0.1281164695177
393.6 0.09171974522293
393.5 0.1013648771611
393.4 0.06405823475887
393.3 0.1010009099181
393.2 0.07479526842584
393.1 0.1000909918107
393 0.09080982711556
392.9 0.08407643312102
392.8 0.08898999090082
392.7 0.0680618744313
392.6 0.08334849863512
392.5 0.07388535031847
392.4 0.08080072793449
392.3 0.06642402183803
392.2 0.07879890809827
392.1 0.06169244767971
392 0.06333030027298
391.9 0.06132848043676
391.8 0.0673339399454
391.7 0.06624203821656
391.6 0.0638762511374
391.5 0.06824385805278
391.4 0.07315741583258
391.3 0.049135577798
391.2 0.05768880800728
391.1 0.03585077343039
391 0.04822565969063
390.9 0.04385805277525
390.8 0.06515013648772
390.7 0.05150136487716
390.6 0.05222929936306
390.5 0.05131938125569
390.4 0.05586897179254
390.3 0.04968152866242
390.2 0.03585077343039
390.1 0.05878070973612
390 0.06041856232939
389.9 0.05787079162875
389.8 0.05368516833485
389.7 0.03712465878071
389.6 0.05113739763421
389.5 0.02202001819836
389.4 0.08025477707006
389.3 0.04585987261146
389.2 0.05004549590537
389.1 0.03712465878071
389 0.07188353048226
388.9 0.07333939945405
388.8 0.07388535031847
388.7 0.03967242948135
388.6 0.04094631483167
388.5 0.06660600545951
388.4 0.03257506824386
388.3 0.03967242948135
388.2 0.04494995450409
388.1 0.04076433121019
388 0.07042766151046
387.9 0.05204731574158
387.8 0.03184713375796
387.7 0.0189262966333
387.6 0.04658780709736
387.5 0.05241128298453
387.4 0.02165605095541
387.3 0.0540491355778
387.2 0.03512283894449
387.1 0.0442220200182
387 0.05932666060055
386.9 0.0533212010919
386.8 0.03457688808007
386.7 0.03293903548681
386.6 0.03603275705187
386.5 0.02693357597816
386.4 0.02784349408553
386.3 0.05313921747043
386.2 0.01193022747953
386.1 0.02438580527753
386 0.04149226569609
385.9 0.04604185623294
385.8 0.03839854413103
385.7 0.04367606915378
385.6 0.01744798908098
385.5 0.03421292083712
385.4 0.0393084622384
385.3 0.0442220200182
385.2 0.0336669699727
385.1 0.03676069153776
385 0.02929936305732
384.9 0.04003639672429
384.8 0.03111919927207
384.7 0.04294813466788
384.6 0.03348498635123
384.5 0.03457688808007
384.4 0.02729754322111
384.3 0.02729754322111
384.2 0.009395068243858
384.1 0.0203821656051
384 0.008052920837125
383.9 0.01595668789809
383.8 0.04494995450409
383.7 0.02292993630573
383.6 0.03657870791629
383.5 0.05477707006369
383.4 0.02511373976342
383.3 0.02602365787079
383.2 0.02092811646952
383.1 0.02311191992721
383 0.01297415832575
382.9 0.0385805277525
382.8 0.01838034576888
382.7 0.02984531392175
382.6 0.02911737943585
382.5 0.04112829845314
382.4 0.04094631483167
382.3 0.01386891719745
382.2 0.04731574158326
382.1 0.03694267515924
382 0.04804367606915
381.9 0.02766151046406
381.8 0.02893539581438
381.7 0.04585987261146
381.6 0.02820746132848
381.5 0.02838944494995
381.4 0.01163199272066
381.3 0.01431630573248
381.2 0.04331210191083
381.1 0.009395068243858
381 0.03876251137398
380.9 0.04040036396724
380.8 0.02292993630573
380.7 0
380.6 0.01874431301183
380.5 0.02001819836215
380.4 0.01118460418562
380.3 0.01193022747953
380.2 0.03821656050955
380.1 0.03093721565059
380 0.02056414922657
