520.076 -9.20584264155749E-6
520.101 0.00112925003068625
520.178 0.00274542776482152
520.28 0.00292132073155765
520.388 0.00333865226463739
520.49 0.00475021480299512
520.541 0.00383368110961106
520.656 0.00348594574690078
520.778 0.00340407511967603
520.893 0.00388179698048366
520.995 0.00484435988707516
521.078 0.00692279366638037
521.193 0.00861666871240958
521.283 0.00787615073033015
521.353 0.00787615073033015
521.482 0.0079701730698417
521.584 0.00936946115134413
521.61 0.00921811709831859
521.68 0.0101182030195165
521.821 0.0106870013501903
521.911 0.0107033263778078
522.078 0.0109528660856758
522.155 0.00994231005278023
522.245 0.0121967595433902
522.342 0.0127694857002578
522.406 0.0135592242543268
522.547 0.0148275438811834
522.676 0.0167095863508039
522.779 0.0189026635571376
522.876 0.0186541058058183
522.96 0.0173622192217996
523.076 0.0189026635571376
523.179 0.0194366024303426
523.275 0.0203960967227201
523.392 0.0213616054989566
523.437 0.0218157604026023
523.501 0.0234564870504481
523.656 0.0241193077206335
523.747 0.0245734626242791
523.85 0.0226586473548546
523.967 0.0232478212839084
524.09 0.0235178593347245
524.2 0.0233910641954093
524.29 0.0244179452559226
524.323 0.0245243647968577
524.452 0.0246777955075489
524.472 0.0237725543144718
524.666 0.0239842886952252
524.718 0.0258039769240211
524.874 0.0282107524242052
524.991 0.0314431078924758
525.043 0.0317171965140543
525.179 0.0321375966613478
525.296 0.0325559101509759
525.4 0.0331103473671291
525.491 0.0338075365165092
525.583 0.0343770713145944
525.7 0.0365692893089481
525.797 0.0394169632993742
525.889 0.0403706885970296
525.98 0.0420977046765683
526.084 0.0453663925371303
526.195 0.0491677918252119
526.26 0.0511930772063338
526.332 0.0513722842764208
526.509 0.0603964649564258
526.593 0.0684669203387752
526.691 0.0827703449122376
526.796 0.106355713759666
526.875 0.134779673499448
526.953 0.178295077942801
527.097 0.272280594083712
527.104 0.27940714373389
527.294 0.427773413526451
527.398 0.513354609058549
527.49 0.57164968700135
527.595 0.624536639253713
527.654 0.648649809745919
527.733 0.672605867190377
527.897 0.696072173806309
527.982 0.695805818092549
528.107 0.68061495028845
528.199 0.657092181170983
528.291 0.63070823616055
528.35 0.610224622560452
528.495 0.563025653614827
528.587 0.534172087885111
528.66 0.514228550386646
528.798 0.486958389591261
528.897 0.468368724683933
528.963 0.460709463606236
529.095 0.458484104578372
529.194 0.460954952743341
529.227 0.463253958512336
529.372 0.472511353872591
529.498 0.480808886706763
529.597 0.484061617773414
529.696 0.48482017920707
529.795 0.482505216644164
529.848 0.478249662452437
530 0.469911623910642
530.099 0.462756843009697
530.205 0.453207315576286
530.298 0.444887688719774
530.378 0.437265251012643
530.504 0.425473180311771
530.596 0.41376334847183
530.61 0.412771572357923
530.782 0.396161777341353
530.895 0.381781023689702
530.948 0.374497360991776
531.081 0.362922548177244
531.161 0.356147047993126
531.301 0.344626242788757
531.394 0.336802503989198
531.5 0.331769976678532
531.6 0.327811464342703
531.7 0.32272861175893
531.807 0.317785687983307
531.893 0.312461028599485
532 0.307867926844237
532.093 0.304206456364306
532.2 0.300675095127041
532.3 0.299509021725789
532.4 0.298236160549896
532.507 0.301129250030686
532.601 0.306404811587087
532.701 0.311995826684669
532.761 0.317880201301093
532.802 0.324827543881184
532.982 0.350945133177857
533.096 0.36889652632871
533.156 0.374521909905487
533.277 0.388676813551
533.404 0.402704062845219
533.491 0.409987725543145
533.505 0.411943046520192
533.673 0.422008101141525
533.793 0.428092549404689
533.901 0.43410089603535
533.995 0.439750828525838
534.102 0.447407634712164
534.143 0.453037928071683
534.257 0.47027740272493
534.378 0.493740027003805
534.486 0.518611758929667
534.58 0.545820547440776
534.701 0.579403461396833
534.796 0.608313489628084
534.897 0.640317908432552
534.998 0.672216766908064
535.106 0.702994967472689
535.173 0.721247084816497
535.302 0.751785933472444
535.403 0.773742481895176
535.491 0.790643181539217
535.592 0.810709463606236
535.7 0.826633116484595
535.802 0.836507917024672
535.89 0.842168896526329
535.978 0.849196023075979
536.079 0.857493555910151
536.181 0.863422118571254
536.283 0.865165091444704
536.357 0.868120780655456
536.499 0.877194059162882
536.601 0.884323063704431
536.696 0.891677918252118
536.805 0.90026635571376
536.832 0.900580581809255
536.92 0.905993617282435
537.09 0.920445562783847
537.185 0.927523014606604
537.301 0.929516386399902
537.396 0.92657419909169
537.498 0.920109242666012
537.573 0.914683932735977
537.628 0.915187185467043
537.805 0.897532834172088
537.907 0.887778323309194
537.996 0.875798453418436
538.105 0.86113906959617
538.201 0.85410948815515
538.289 0.848263164354978
538.323 0.845323431938137
538.487 0.837249294218731
538.583 0.834188044679023
538.692 0.836013256413404
538.802 0.841159936172824
538.898 0.845182275684301
539 0.850245489137106
539.096 0.855182275684301
539.165 0.85851233582914
539.288 0.866779182521174
539.35 0.871425064440899
539.5 0.884433533816129
539.603 0.891037191604272
539.679 0.896587700994231
539.796 0.902556769362956
539.905 0.904108260709464
539.988 0.907888793420891
540.098 0.91319258622806
540.201 0.916083220817479
540.297 0.919160427151099
540.318 0.920060144838591
540.469 0.923870136246472
540.593 0.926798821652142
540.703 0.930645636430588
540.786 0.932776482140666
540.883 0.937187921934455
540.993 0.941720878851111
541.09 0.946013256413404
541.193 0.950092058426415
541.283 0.953495765312385
541.414 0.959416963299374
541.497 0.964763716705536
541.566 0.968205474407758
541.663 0.974165950656684
541.794 0.980416104087394
541.884 0.985037437093409
541.995 0.991569903031791
542.092 0.99458696452682
542.189 0.998052043697067
542.293 0.999993862771573
542.369 0.998511108383454
542.501 0.997855652387382
542.598 0.994267828648583
542.702 0.990180434515773
542.799 0.986811096108997
542.903 0.982904136491961
543 0.979149380139929
543.098 0.973499447649442
543.188 0.96973118939487
543.285 0.961957775868418
543.39 0.955999754510863
543.473 0.952340738922303
543.599 0.944859457469007
543.689 0.938480422241316
543.78 0.931017552473303
543.898 0.924325518595802
543.996 0.91797962440162
544.017 0.916169142015466
544.177 0.901267951393151
544.212 0.896854056707991
544.401 0.880511844850866
544.429 0.875631520805205
544.582 0.858941941819074
544.701 0.846336074628698
544.792 0.836108997176875
544.904 0.826000981956549
544.967 0.820396464956426
545.107 0.807011169755739
545.128 0.800132564134037
545.24 0.786559469743464
545.401 0.770780655455996
545.478 0.763937645759175
545.583 0.755425309930036
545.703 0.746651528169879
545.794 0.741066650300724
545.822 0.737044310789248
545.998 0.725469497974715
546.096 0.718967718178471
546.194 0.713737572112434
546.293 0.710044188044679
546.391 0.707923161900086
546.497 0.703801399288082
546.532 0.703350926721493
546.617 0.700119062231496
546.8 0.695896649073279
546.877 0.693590278630171
546.919 0.690849392414386
547.082 0.685454768626488
547.202 0.683782987602799
547.3 0.684546458819197
547.392 0.685875782496625
547.505 0.683948692770345
547.597 0.683825948201792
547.696 0.684552596047625
547.802 0.685074260463975
547.901 0.684350067509513
547.986 0.683711795753038
548.085 0.685009205842641
548.184 0.685659752055972
548.297 0.686363078433779
548.382 0.687402724929422
548.503 0.688151466797595
548.609 0.68752669694366
548.687 0.690466429360501
548.787 0.694030931631275
548.879 0.696086903154536
548.914 0.697983306738677
549.071 0.704250644408985
549.206 0.709393641831349
549.298 0.712716337302075
549.362 0.715609426782865
549.483 0.720860439425555
549.597 0.725993617282435
549.682 0.729016816005892
549.789 0.734742850128882
549.882 0.738660856757089
549.996 0.741561310911992
550.06 0.743079661224991
550.188 0.747383085798454
550.288 0.749957039401007
550.388 0.758585982570271
550.517 0.767378176015711
550.595 0.767448140419787
550.681 0.768626488277894
550.767 0.771850988093777
550.845 0.773601325641341
550.988 0.775962931140297
551.089 0.775687983306739
551.203 0.779510249171474
551.289 0.779096599975451
551.389 0.779284399165337
551.425 0.781388241070333
551.59 0.7821713514177
551.683 0.784206456364306
551.791 0.783417208788511
551.898 0.783953602553087
551.985 0.783954829998773
552.085 0.784194181907451
552.179 0.782481895176139
552.222 0.782355468270529
552.401 0.780321590769609
552.445 0.781533079661225
552.596 0.782365287836014
552.696 0.784505953111575
552.804 0.784985884374617
552.891 0.78055726034123
552.999 0.78131213943783
553.085 0.782257272615687
553.194 0.783775622928686
553.251 0.784399165336934
553.396 0.78680495888057
553.475 0.786771817847061
553.598 0.788274211366147
553.699 0.789885847551246
553.778 0.789661224990795
553.879 0.789938627715724
553.908 0.789959494292378
554.089 0.792825579968087
554.183 0.792807168282804
554.306 0.794553823493311
554.401 0.797487418681724
554.444 0.798876887197742
554.582 0.79882533447895
554.698 0.798376089358046
554.799 0.799386277157236
554.893 0.798707499693139
555.002 0.79989566711673