15 0.358327410566217
14.9 0.354734265182026
14.8 0.357498223169865
14.7 0.352838979704651
14.6 0.350904209113164
14.5 0.35461580983969
14.4 0.34841664692411
14.3 0.355642422806602
14.2 0.348969438521677
14.1 0.354260443812683
14 0.340993445471057
13.9 0.35062781331438
13.8 0.343362552317776
13.7 0.351851851851852
13.6 0.348377161809998
13.5 0.34423122482824
13.4 0.342533364921425
13.3 0.352799494590539
13.2 0.34841664692411
13.1 0.363223564716102
13 0.359551449103688
12.9 0.356787491115849
12.8 0.36357893074311
12.7 0.365000394851141
12.6 0.36239437731975
12.5 0.378109452736318
12.4 0.381149806522941
12.3 0.377122324883519
12.2 0.386756692726842
12.1 0.38193950880518
12 0.388217641948985
11.9 0.388651978204217
11.8 0.386954118297402
11.7 0.38730948432441
11.6 0.381702598120509
11.5 0.380281134012477
11.4 0.381978993919292
11.3 0.380557529811261
11.2 0.376372107715391
11.1 0.386954118297402
11 0.387269999210298
10.9 0.393311221669431
10.8 0.399984205954355
10.7 0.394614230435126
10.6 0.408355050146095
10.5 0.412224591329069
10.4 0.415501855800363
10.3 0.437021242991392
10.2 0.429558556424228
10.1 0.448432440969754
10 0.459804153834005
9.9 0.470346679301903
9.8 0.479388770433547
9.7 0.480020532259338
9.6 0.486811971886599
9.5 0.505054094606333
9.4 0.509910763642107
9.3 0.5313116954908
9.2 0.532772644712943
9.1 0.538616441601516
9 0.557766721945826
8.9 0.587577983100371
8.8 0.592592592592593
8.7 0.607202084814025
8.6 0.630142936113085
8.5 0.635947247887546
8.4 0.667258943378346
8.3 0.696635868277659
8.2 0.729526968332938
8.1 0.750335623469952
8 0.770473031667061
7.9 0.796809602779752
7.8 0.817183921661534
7.7 0.852167732764748
7.6 0.875779831003711
7.5 0.888573007975993
7.4 0.902629708599858
7.3 0.932361999526179
7.2 0.932717365553187
7.1 0.943694227276317
7 0.960041064518676
6.9 0.970544104872463
6.8 0.982705520018953
6.7 0.988746742478086
6.6 0.99561715233357
6.5 0.990642027955461
6.4 0.997867803837953
6.3 0.998775961462529
6.2 1
6.1 0.983574192529416
6 0.978678038379531
5.9 0.962528626707731
5.8 0.933507067835426
5.7 0.917278685935402
5.6 0.903695806680881
5.5 0.880675985153597
5.4 0.839927347390034
5.3 0.82050067124694
5.2 0.786069651741293
5.1 0.775329700702835
5 0.750848929953407
4.9 0.719853115375503
4.8 0.719300323777936
4.7 0.708876253652373
4.6 0.693319118692253
4.5 0.677209192134565
4.4 0.668167101002922
4.3 0.664692410961068
4.2 0.651227987048883
4.1 0.649885493169075
4 0.642896627971255
3.9 0.636302613914554
3.8 0.629708599857854
3.7 0.60929479586196
3.6 0.61348021795783
3.5 0.597567716970702
3.4 0.59673852957435
3.3 0.590302455974098
3.2 0.581023454157782
3.1 0.588525625839059
3 0.593105899076048
2.9 0.585287846481876
2.8 0.605741135591882
2.7 0.60929479586196
2.6 0.625207296849088
2.5 0.647161020295349
2.4 0.670536207849641
2.3 0.688975756139935
2.2 0.714088288715154
2.1 0.733001658374793
2 0.762497038616441
1.9 0.78480612808971
1.8 0.813156440022112
1.7 0.829621732606807
1.6 0.83965095159125
1.5 0.869975519229251
1.4 0.893034825870647
1.3 0.90345889599621
1.2 0.909421148227118
1.1 0.942707099423517
1 0.938877043354655
0.9 0.939548290294559
0.8 0.932401484640291
0.7 0.899905235726131
0.6 0.864921424622917
0.5 0.790689410092395
0.4 0.719418779120272
0.3 0.614309405354181
0.2 0.493366500829187
0.1 0.381584142778173
0 0.28062070599384
-0.1 0.193990365632157
-0.2 0.130142936113085
-0.3 0.0850509357972045
-0.4 0.0551212193003238
-0.5 0.0315880912895838
-0.6 0.023454157782516
-0.7 0.0147279475637685
-0.8 0.0120034746900419
-0.9 0.00758114190950012
-1 0.00560688620390113
-1.1 0.0064360736002527
-1.2 0.00690989496959646
-1.3 0.00465924346521361
-1.4 0.00450130300876569
-1.5 0.00307983890073442
-1.6 0.00229013661849483
-1.7 0.00260601753139066
-1.8 0.00304035378662244
-1.9 0.00118455342335939
-2 0.00122403853747137
-2.1 0
-2.2 0.00173734502092711
-2.3 0.00106609808102345
-2.4 0.00150043433625523
-2.5 0.00240859196083076
-2.6 5.13306483455736E-4
-2.7 0.00102661296691147
-2.8 0.00244807707494274
-2.9 0.00280344310195056
-3 0.00165837479270315
