-20.00000 0.00357
-19.95000 0.00360
-19.90000 0.00363
-19.85000 0.00366
-19.80000 0.00369
-19.75000 0.00372
-19.70000 0.00376
-19.65000 0.00379
-19.60000 0.00383
-19.55000 0.00386
-19.50000 0.00390
-19.45000 0.00393
-19.40000 0.00397
-19.35000 0.00400
-19.30000 0.00404
-19.25000 0.00407
-19.20000 0.00410
-19.15000 0.00413
-19.10000 0.00416
-19.05000 0.00419
-19.00000 0.00422
-18.95000 0.00424
-18.90000 0.00427
-18.85000 0.00429
-18.80000 0.00431
-18.75000 0.00433
-18.70000 0.00435
-18.65000 0.00437
-18.60000 0.00439
-18.55000 0.00441
-18.50000 0.00443
-18.45000 0.00445
-18.40000 0.00447
-18.35000 0.00449
-18.30000 0.00452
-18.25000 0.00454
-18.20000 0.00456
-18.15000 0.00459
-18.10000 0.00462
-18.05000 0.00465
-18.00000 0.00467
-17.95000 0.00470
-17.90000 0.00474
-17.85000 0.00477
-17.80000 0.00480
-17.75000 0.00484
-17.70000 0.00487
-17.65000 0.00491
-17.60000 0.00494
-17.55000 0.00498
-17.50000 0.00502
-17.45000 0.00506
-17.40000 0.00510
-17.35000 0.00514
-17.30000 0.00519
-17.25000 0.00523
-17.20000 0.00527
-17.15000 0.00532
-17.10000 0.00537
-17.05000 0.00542
-17.00000 0.00547
-16.95000 0.00552
-16.90000 0.00557
-16.85000 0.00563
-16.80000 0.00569
-16.75000 0.00575
-16.70000 0.00581
-16.65000 0.00588
-16.60000 0.00595
-16.55000 0.00602
-16.50000 0.00609
-16.45000 0.00617
-16.40000 0.00625
-16.35000 0.00633
-16.30000 0.00642
-16.25000 0.00650
-16.20000 0.00659
-16.15000 0.00669
-16.10000 0.00679
-16.05000 0.00689
-16.00000 0.00699
-15.95000 0.00709
-15.90000 0.00720
-15.85000 0.00731
-15.80000 0.00742
-15.75000 0.00753
-15.70000 0.00764
-15.65000 0.00775
-15.60000 0.00787
-15.55000 0.00798
-15.50000 0.00810
-15.45000 0.00821
-15.40000 0.00833
-15.35000 0.00844
-15.30000 0.00856
-15.25000 0.00868
-15.20000 0.00879
-15.15000 0.00891
-15.10000 0.00904
-15.05000 0.00916
-15.00000 0.00929
-14.95000 0.00942
-14.90000 0.00956
-14.85000 0.00970
-14.80000 0.00985
-14.75000 0.01000
-14.70000 0.01016
-14.65000 0.01032
-14.60000 0.01049
-14.55000 0.01067
-14.50000 0.01085
-14.45000 0.01104
-14.40000 0.01124
-14.35000 0.01144
-14.30000 0.01165
-14.25000 0.01186
-14.20000 0.01208
-14.15000 0.01231
-14.10000 0.01254
-14.05000 0.01277
-14.00000 0.01301
-13.95000 0.01325
-13.90000 0.01350
-13.85000 0.01375
-13.80000 0.01401
-13.75000 0.01427
-13.70000 0.01453
-13.65000 0.01480
-13.60000 0.01507
-13.55000 0.01535
-13.50000 0.01562
-13.45000 0.01590
-13.40000 0.01619
-13.35000 0.01647
-13.30000 0.01675
-13.25000 0.01704
-13.20000 0.01732
-13.15000 0.01761
-13.10000 0.01789
-13.05000 0.01818
-13.00000 0.01847
-12.95000 0.01875
-12.90000 0.01904
-12.85000 0.01933
-12.80000 0.01962
-12.75000 0.01991
-12.70000 0.02020
-12.65000 0.02048
-12.60000 0.02077
-12.55000 0.02105
-12.50000 0.02133
-12.45000 0.02160
-12.40000 0.02186
-12.35000 0.02212
-12.30000 0.02236
-12.25000 0.02259
-12.20000 0.02281
-12.15000 0.02301
-12.10000 0.02321
-12.05000 0.02339
-12.00000 0.02356
-11.95000 0.02372
-11.90000 0.02387
-11.85000 0.02402
-11.80000 0.02417
-11.75000 0.02432
-11.70000 0.02448
-11.65000 0.02464
-11.60000 0.02482
-11.55000 0.02501
-11.50000 0.02521
-11.45000 0.02543
-11.40000 0.02567
-11.35000 0.02593
-11.30000 0.02620
-11.25000 0.02649
-11.20000 0.02679
-11.15000 0.02710
-11.10000 0.02741
-11.05000 0.02773
-11.00000 0.02805
-10.95000 0.02836
-10.90000 0.02866
-10.85000 0.02896
-10.80000 0.02924
-10.75000 0.02951
-10.70000 0.02976
-10.65000 0.02999
-10.60000 0.03021
-10.55000 0.03041
-10.50000 0.03060
-10.45000 0.03078
-10.40000 0.03096
-10.35000 0.03113
-10.30000 0.03130
-10.25000 0.03147
-10.20000 0.03165
-10.15000 0.03184
-10.10000 0.03205
-10.05000 0.03228
-10.00000 0.03253
-9.95000 0.03280
-9.90000 0.03311
-9.85000 0.03344
-9.80000 0.03381
-9.75000 0.03422
-9.70000 0.03466
-9.65000 0.03514
-9.60000 0.03567
-9.55000 0.03623
-9.50000 0.03683
-9.45000 0.03748
-9.40000 0.03817
-9.35000 0.03890
-9.30000 0.03968
-9.25000 0.04050
-9.20000 0.04137
-9.15000 0.04228
-9.10000 0.04323
-9.05000 0.04424
-9.00000 0.04529
-8.95000 0.04640
-8.90000 0.04755
-8.85000 0.04876
-8.80000 0.05002
-8.75000 0.05135
-8.70000 0.05273
-8.65000 0.05418
-8.60000 0.05570
-8.55000 0.05729
-8.50000 0.05896
-8.45000 0.06071
-8.40000 0.06255
-8.35000 0.06448
-8.30000 0.06650
-8.25000 0.06863
-8.20000 0.07087
-8.15000 0.07323
-8.10000 0.07571
-8.05000 0.07832
-8.00000 0.08108
-7.95000 0.08399
-7.90000 0.08707
-7.85000 0.09032
-7.80000 0.09376
-7.75000 0.09742
-7.70000 0.10129
-7.65000 0.10541
-7.60000 0.10980
-7.55000 0.11447
-7.50000 0.11946
-7.45000 0.12479
-7.40000 0.13050
-7.35000 0.13662
-7.30000 0.14320
-7.25000 0.15026
-7.20000 0.15786
-7.15000 0.16606
-7.10000 0.17489
-7.05000 0.18442
-7.00000 0.19471
-6.95000 0.20581
-6.90000 0.21779
-6.85000 0.23070
-6.80000 0.24461
-6.75000 0.25958
-6.70000 0.27564
-6.65000 0.29285
-6.60000 0.31124
-6.55000 0.33081
-6.50000 0.35158
-6.45000 0.37352
-6.40000 0.39660
-6.35000 0.42074
-6.30000 0.44585
-6.25000 0.47181
-6.20000 0.49846
-6.15000 0.52561
-6.10000 0.55303
-6.05000 0.58049
-6.00000 0.60769
-5.95000 0.63433
-5.90000 0.66009
-5.85000 0.68465
-5.80000 0.70765
-5.75000 0.72878
-5.70000 0.74771
-5.65000 0.76416
-5.60000 0.77787
-5.55000 0.78863
-5.50000 0.79627
-5.45000 0.80069
-5.40000 0.80186
-5.35000 0.79979
-5.30000 0.79458
-5.25000 0.78637
-5.20000 0.77540
-5.15000 0.76190
-5.10000 0.74621
-5.05000 0.72867
-5.00000 0.70964
-4.95000 0.68952
-4.90000 0.66871
-4.85000 0.64760
-4.80000 0.62656
-4.75000 0.60597
-4.70000 0.58614
-4.65000 0.56740
-4.60000 0.55001
-4.55000 0.53422
-4.50000 0.52023
-4.45000 0.50821
-4.40000 0.49829
-4.35000 0.49059
-4.30000 0.48518
-4.25000 0.48211
-4.20000 0.48139
-4.15000 0.48303
-4.10000 0.48698
-4.05000 0.49319
-4.00000 0.50156
-3.95000 0.51199
-3.90000 0.52431
-3.85000 0.53835
-3.80000 0.55389
-3.75000 0.57070
-3.70000 0.58848
-3.65000 0.60693
-3.60000 0.62572
-3.55000 0.64449
-3.50000 0.66286
-3.45000 0.68046
-3.40000 0.69691
-3.35000 0.71184
-3.30000 0.72491
-3.25000 0.73581
-3.20000 0.74426
-3.15000 0.75004
-3.10000 0.75299
-3.05000 0.75301
-3.00000 0.75008
-2.95000 0.74422
-2.90000 0.73555
-2.85000 0.72422
-2.80000 0.71046
-2.75000 0.69454
-2.70000 0.67675
-2.65000 0.65744
-2.60000 0.63695
-2.55000 0.61564
-2.50000 0.59386
-2.45000 0.57193
-2.40000 0.55018
-2.35000 0.52888
-2.30000 0.50828
-2.25000 0.48858
-2.20000 0.46995
-2.15000 0.45251
-2.10000 0.43634
-2.05000 0.42148
-2.00000 0.40793
-1.95000 0.39566
-1.90000 0.38462
-1.85000 0.37472
-1.80000 0.36585
-1.75000 0.35789
-1.70000 0.35071
-1.65000 0.34417
-1.60000 0.33813
-1.55000 0.33247
-1.50000 0.32705
-1.45000 0.32175
-1.40000 0.31647
-1.35000 0.31113
-1.30000 0.30566
-1.25000 0.30001
-1.20000 0.29415
-1.15000 0.28807
-1.10000 0.28178
-1.05000 0.27530
-1.00000 0.26868
-0.95000 0.26195
-0.90000 0.25519
-0.85000 0.24846
-0.80000 0.24182
-0.75000 0.23534
-0.70000 0.22908
-0.65000 0.22310
-0.60000 0.21745
-0.55000 0.21217
-0.50000 0.20729
-0.45000 0.20282
-0.40000 0.19876
-0.35000 0.19511
-0.30000 0.19186
-0.25000 0.18896
-0.20000 0.18638
-0.15000 0.18406
-0.10000 0.18196
-0.05000 0.18002
0.00000 0.17816
0.05000 0.17634
0.10000 0.17448
0.15000 0.17253
0.20000 0.17044
0.25000 0.16816
0.30000 0.16566
0.35000 0.16290
0.40000 0.15988
0.45000 0.15657
0.50000 0.15299
0.55000 0.14914
0.60000 0.14504
0.65000 0.14073
0.70000 0.13622
0.75000 0.13156
0.80000 0.12679
0.85000 0.12195
0.90000 0.11707
0.95000 0.11220
1.00000 0.10738
1.05000 0.10263
1.10000 0.09800
1.15000 0.09350
1.20000 0.08915
1.25000 0.08498
1.30000 0.08099
1.35000 0.07719
1.40000 0.07359
1.45000 0.07019
1.50000 0.06698
1.55000 0.06397
1.60000 0.06114
1.65000 0.05849
1.70000 0.05600
1.75000 0.05368
1.80000 0.05151
1.85000 0.04948
1.90000 0.04758
1.95000 0.04580
2.00000 0.04414
2.05000 0.04257
2.10000 0.04111
2.15000 0.03973
2.20000 0.03844
2.25000 0.03722
2.30000 0.03607
2.35000 0.03498
2.40000 0.03395
2.45000 0.03298
2.50000 0.03206
2.55000 0.03118
2.60000 0.03035
2.65000 0.02955
2.70000 0.02880
2.75000 0.02808
2.80000 0.02739
2.85000 0.02673
2.90000 0.02610
2.95000 0.02549
3.00000 0.02492
3.05000 0.02436
3.10000 0.02383
3.15000 0.02331
3.20000 0.02282
3.25000 0.02234
3.30000 0.02188
3.35000 0.02144
3.40000 0.02102
3.45000 0.02060
3.50000 0.02021
3.55000 0.01982
3.60000 0.01945
3.65000 0.01909
3.70000 0.01874
3.75000 0.01840
3.80000 0.01807
3.85000 0.01776
3.90000 0.01745
3.95000 0.01715
4.00000 0.01686
4.05000 0.01658
4.10000 0.01630
4.15000 0.01603
4.20000 0.01577
4.25000 0.01552
4.30000 0.01528
4.35000 0.01504
4.40000 0.01480
4.45000 0.01458
4.50000 0.01435
4.55000 0.01414
4.60000 0.01393
4.65000 0.01372
4.70000 0.01352
4.75000 0.01333
4.80000 0.01314
4.85000 0.01295
4.90000 0.01277
4.95000 0.01259
5.00000 0.01241
5.05000 0.01224
5.10000 0.01208
5.15000 0.01192
5.20000 0.01176
5.25000 0.01160
5.30000 0.01145
5.35000 0.01130
5.40000 0.01115
5.45000 0.01101
5.50000 0.01087
5.55000 0.01073
5.60000 0.01060
5.65000 0.01047
5.70000 0.01034
5.75000 0.01021
5.80000 0.01009
5.85000 0.00997
5.90000 0.00985
5.95000 0.00973
6.00000 0.00961
6.05000 0.00950
6.10000 0.00939
6.15000 0.00928
6.20000 0.00918
6.25000 0.00907
6.30000 0.00897
6.35000 0.00887
6.40000 0.00877
6.45000 0.00867
6.50000 0.00857
6.55000 0.00848
6.60000 0.00839
6.65000 0.00830
6.70000 0.00821
6.75000 0.00812
6.80000 0.00803
6.85000 0.00795
6.90000 0.00787
6.95000 0.00778
7.00000 0.00770
7.05000 0.00762
7.10000 0.00755
7.15000 0.00747
7.20000 0.00739
7.25000 0.00732
7.30000 0.00725
7.35000 0.00717
7.40000 0.00710
7.45000 0.00703
7.50000 0.00696
7.55000 0.00690
7.60000 0.00683
7.65000 0.00676
7.70000 0.00670
7.75000 0.00663
7.80000 0.00657
7.85000 0.00651
7.90000 0.00645
7.95000 0.00639
8.00000 0.00633
8.05000 0.00627
8.10000 0.00621
8.15000 0.00616
8.20000 0.00610
8.25000 0.00605
8.30000 0.00599
8.35000 0.00594
8.40000 0.00588
8.45000 0.00583
8.50000 0.00578
8.55000 0.00573
8.60000 0.00568
8.65000 0.00563
8.70000 0.00558
8.75000 0.00553
8.80000 0.00549
8.85000 0.00544
8.90000 0.00539
8.95000 0.00535
9.00000 0.00530
9.05000 0.00526
9.10000 0.00522
9.15000 0.00517
9.20000 0.00513
9.25000 0.00509
9.30000 0.00505
9.35000 0.00500
9.40000 0.00496
9.45000 0.00492
9.50000 0.00488
9.55000 0.00485
9.60000 0.00481
9.65000 0.00477
9.70000 0.00473
9.75000 0.00469
9.80000 0.00466
9.85000 0.00462
9.90000 0.00459
9.95000 0.00455
10.00000 0.00451
10.05000 0.00448
10.10000 0.00445
10.15000 0.00441
10.20000 0.00438
10.25000 0.00435
10.30000 0.00431
10.35000 0.00428
10.40000 0.00425
10.45000 0.00422
10.50000 0.00419
10.55000 0.00416
10.60000 0.00413
10.65000 0.00410
10.70000 0.00407
10.75000 0.00404
10.80000 0.00401
10.85000 0.00398
10.90000 0.00395
10.95000 0.00392
11.00000 0.00389
11.05000 0.00387
11.10000 0.00384
11.15000 0.00381
11.20000 0.00379
11.25000 0.00376
11.30000 0.00373
11.35000 0.00371
11.40000 0.00368
11.45000 0.00366
11.50000 0.00363
11.55000 0.00361
11.60000 0.00358
11.65000 0.00356
11.70000 0.00354
11.75000 0.00351
11.80000 0.00349
11.85000 0.00347
11.90000 0.00344
11.95000 0.00342
12.00000 0.00340
12.05000 0.00338
12.10000 0.00336
12.15000 0.00333
12.20000 0.00331
12.25000 0.00329
12.30000 0.00327
12.35000 0.00325
12.40000 0.00323
12.45000 0.00321
12.50000 0.00319
12.55000 0.00317
12.60000 0.00315
12.65000 0.00313
12.70000 0.00311
12.75000 0.00309
12.80000 0.00307
12.85000 0.00306
12.90000 0.00304
12.95000 0.00302
13.00000 0.00300
13.05000 0.00299
13.10000 0.00297
13.15000 0.00295
13.20000 0.00293
13.25000 0.00292
13.30000 0.00290
13.35000 0.00289
13.40000 0.00287
13.45000 0.00285
13.50000 0.00284
13.55000 0.00282
13.60000 0.00281
13.65000 0.00280
13.70000 0.00278
13.75000 0.00277
13.80000 0.00275
13.85000 0.00274
13.90000 0.00273
13.95000 0.00271
14.00000 0.00270
14.05000 0.00269
14.10000 0.00268
14.15000 0.00267
14.20000 0.00265
14.25000 0.00264
14.30000 0.00263
14.35000 0.00262
14.40000 0.00261
14.45000 0.00260
14.50000 0.00259
14.55000 0.00257
14.60000 0.00256
14.65000 0.00255
14.70000 0.00254
14.75000 0.00253
14.80000 0.00252
14.85000 0.00251
14.90000 0.00250
14.95000 0.00249
15.00000 0.00247
15.05000 0.00246
15.10000 0.00245
15.15000 0.00244
15.20000 0.00243
15.25000 0.00242
15.30000 0.00241
15.35000 0.00240
15.40000 0.00240
15.45000 0.00239
15.50000 0.00238
15.55000 0.00237
15.60000 0.00236
15.65000 0.00235
15.70000 0.00235
15.75000 0.00234
15.80000 0.00233
15.85000 0.00233
15.90000 0.00232
15.95000 0.00231
16.00000 0.00230
16.05000 0.00230
16.10000 0.00229
16.15000 0.00228
16.20000 0.00227
16.25000 0.00226
16.30000 0.00225
16.35000 0.00224
16.40000 0.00223
16.45000 0.00222
16.50000 0.00221
16.55000 0.00219
16.60000 0.00218
16.65000 0.00217
16.70000 0.00215
16.75000 0.00214
16.80000 0.00212
16.85000 0.00210
16.90000 0.00209
16.95000 0.00207
17.00000 0.00206
17.05000 0.00204
17.10000 0.00202
17.15000 0.00201
17.20000 0.00199
17.25000 0.00198
17.30000 0.00196
17.35000 0.00195
17.40000 0.00193
17.45000 0.00192
17.50000 0.00191
17.55000 0.00189
17.60000 0.00188
17.65000 0.00187
17.70000 0.00185
17.75000 0.00184
17.80000 0.00183
17.85000 0.00182
17.90000 0.00181
17.95000 0.00180
18.00000 0.00179
18.05000 0.00178
18.10000 0.00177
18.15000 0.00176
18.20000 0.00175
18.25000 0.00174
18.30000 0.00173
18.35000 0.00172
18.40000 0.00171
18.45000 0.00170
18.50000 0.00169
18.55000 0.00168
18.60000 0.00167
18.65000 0.00166
18.70000 0.00166
18.75000 0.00165
18.80000 0.00164
18.85000 0.00163
18.90000 0.00162
18.95000 0.00162
19.00000 0.00161
19.05000 0.00160
19.10000 0.00159
19.15000 0.00158
19.20000 0.00158
19.25000 0.00157
19.30000 0.00156
19.35000 0.00155
19.40000 0.00155
19.45000 0.00154
19.50000 0.00153
19.55000 0.00153
19.60000 0.00152
19.65000 0.00151
19.70000 0.00151
19.75000 0.00150
19.80000 0.00149
19.85000 0.00149
19.90000 0.00148
19.95000 0.00147
20.00000 0.00147
