-20.00000 -0.00025
-19.95000 -0.00026
-19.90000 -0.00026
-19.85000 -0.00026
-19.80000 -0.00026
-19.75000 -0.00026
-19.70000 -0.00026
-19.65000 -0.00026
-19.60000 -0.00026
-19.55000 -0.00026
-19.50000 -0.00026
-19.45000 -0.00027
-19.40000 -0.00027
-19.35000 -0.00027
-19.30000 -0.00027
-19.25000 -0.00027
-19.20000 -0.00027
-19.15000 -0.00027
-19.10000 -0.00027
-19.05000 -0.00027
-19.00000 -0.00028
-18.95000 -0.00028
-18.90000 -0.00028
-18.85000 -0.00028
-18.80000 -0.00028
-18.75000 -0.00028
-18.70000 -0.00028
-18.65000 -0.00028
-18.60000 -0.00029
-18.55000 -0.00029
-18.50000 -0.00029
-18.45000 -0.00029
-18.40000 -0.00029
-18.35000 -0.00029
-18.30000 -0.00029
-18.25000 -0.00029
-18.20000 -0.00030
-18.15000 -0.00030
-18.10000 -0.00030
-18.05000 -0.00030
-18.00000 -0.00030
-17.95000 -0.00030
-17.90000 -0.00030
-17.85000 -0.00030
-17.80000 -0.00031
-17.75000 -0.00031
-17.70000 -0.00031
-17.65000 -0.00031
-17.60000 -0.00031
-17.55000 -0.00031
-17.50000 -0.00031
-17.45000 -0.00032
-17.40000 -0.00032
-17.35000 -0.00032
-17.30000 -0.00032
-17.25000 -0.00032
-17.20000 -0.00032
-17.15000 -0.00032
-17.10000 -0.00033
-17.05000 -0.00033
-17.00000 -0.00033
-16.95000 -0.00033
-16.90000 -0.00033
-16.85000 -0.00033
-16.80000 -0.00033
-16.75000 -0.00034
-16.70000 -0.00034
-16.65000 -0.00034
-16.60000 -0.00034
-16.55000 -0.00034
-16.50000 -0.00034
-16.45000 -0.00035
-16.40000 -0.00035
-16.35000 -0.00035
-16.30000 -0.00035
-16.25000 -0.00035
-16.20000 -0.00035
-16.15000 -0.00036
-16.10000 -0.00036
-16.05000 -0.00036
-16.00000 -0.00036
-15.95000 -0.00036
-15.90000 -0.00036
-15.85000 -0.00037
-15.80000 -0.00037
-15.75000 -0.00037
-15.70000 -0.00037
-15.65000 -0.00037
-15.60000 -0.00038
-15.55000 -0.00038
-15.50000 -0.00038
-15.45000 -0.00038
-15.40000 -0.00038
-15.35000 -0.00039
-15.30000 -0.00039
-15.25000 -0.00039
-15.20000 -0.00039
-15.15000 -0.00039
-15.10000 -0.00039
-15.05000 -0.00040
-15.00000 -0.00040
-14.95000 -0.00040
-14.90000 -0.00040
-14.85000 -0.00040
-14.80000 -0.00041
-14.75000 -0.00041
-14.70000 -0.00041
-14.65000 -0.00041
-14.60000 -0.00042
-14.55000 -0.00042
-14.50000 -0.00042
-14.45000 -0.00042
-14.40000 -0.00042
-14.35000 -0.00043
-14.30000 -0.00043
-14.25000 -0.00043
-14.20000 -0.00043
-14.15000 -0.00044
-14.10000 -0.00044
-14.05000 -0.00044
-14.00000 -0.00044
-13.95000 -0.00044
-13.90000 -0.00045
-13.85000 -0.00045
-13.80000 -0.00045
-13.75000 -0.00045
-13.70000 -0.00046
-13.65000 -0.00046
-13.60000 -0.00046
-13.55000 -0.00046
-13.50000 -0.00047
-13.45000 -0.00047
-13.40000 -0.00047
-13.35000 -0.00048
-13.30000 -0.00048
-13.25000 -0.00048
-13.20000 -0.00048
-13.15000 -0.00049
-13.10000 -0.00049
-13.05000 -0.00049
-13.00000 -0.00049
-12.95000 -0.00050
-12.90000 -0.00050
-12.85000 -0.00050
-12.80000 -0.00051
-12.75000 -0.00051
-12.70000 -0.00051
-12.65000 -0.00051
-12.60000 -0.00052
-12.55000 -0.00052
-12.50000 -0.00052
-12.45000 -0.00053
-12.40000 -0.00053
-12.35000 -0.00053
-12.30000 -0.00054
-12.25000 -0.00054
-12.20000 -0.00054
-12.15000 -0.00055
-12.10000 -0.00055
-12.05000 -0.00055
-12.00000 -0.00056
-11.95000 -0.00056
-11.90000 -0.00056
-11.85000 -0.00057
-11.80000 -0.00057
-11.75000 -0.00057
-11.70000 -0.00058
-11.65000 -0.00058
-11.60000 -0.00058
-11.55000 -0.00059
-11.50000 -0.00059
-11.45000 -0.00059
-11.40000 -0.00060
-11.35000 -0.00060
-11.30000 -0.00061
-11.25000 -0.00061
-11.20000 -0.00061
-11.15000 -0.00062
-11.10000 -0.00062
-11.05000 -0.00062
-11.00000 -0.00063
-10.95000 -0.00063
-10.90000 -0.00064
-10.85000 -0.00064
-10.80000 -0.00065
-10.75000 -0.00065
-10.70000 -0.00065
-10.65000 -0.00066
-10.60000 -0.00066
-10.55000 -0.00067
-10.50000 -0.00067
-10.45000 -0.00068
-10.40000 -0.00068
-10.35000 -0.00068
-10.30000 -0.00069
-10.25000 -0.00069
-10.20000 -0.00070
-10.15000 -0.00070
-10.10000 -0.00071
-10.05000 -0.00071
-10.00000 -0.00072
-9.95000 -0.00072
-9.90000 -0.00073
-9.85000 -0.00073
-9.80000 -0.00074
-9.75000 -0.00074
-9.70000 -0.00075
-9.65000 -0.00075
-9.60000 -0.00076
-9.55000 -0.00076
-9.50000 -0.00077
-9.45000 -0.00078
-9.40000 -0.00078
-9.35000 -0.00079
-9.30000 -0.00079
-9.25000 -0.00080
-9.20000 -0.00080
-9.15000 -0.00081
-9.10000 -0.00082
-9.05000 -0.00082
-9.00000 -0.00083
-8.95000 -0.00083
-8.90000 -0.00084
-8.85000 -0.00085
-8.80000 -0.00085
-8.75000 -0.00086
-8.70000 -0.00087
-8.65000 -0.00087
-8.60000 -0.00088
-8.55000 -0.00089
-8.50000 -0.00089
-8.45000 -0.00090
-8.40000 -0.00091
-8.35000 -0.00091
-8.30000 -0.00092
-8.25000 -0.00093
-8.20000 -0.00094
-8.15000 -0.00094
-8.10000 -0.00095
-8.05000 -0.00096
-8.00000 -0.00097
-7.95000 -0.00097
-7.90000 -0.00098
-7.85000 -0.00099
-7.80000 -0.00100
-7.75000 -0.00101
-7.70000 -0.00101
-7.65000 -0.00102
-7.60000 -0.00103
-7.55000 -0.00104
-7.50000 -0.00105
-7.45000 -0.00106
-7.40000 -0.00107
-7.35000 -0.00108
-7.30000 -0.00108
-7.25000 -0.00109
-7.20000 -0.00110
-7.15000 -0.00111
-7.10000 -0.00112
-7.05000 -0.00113
-7.00000 -0.00114
-6.95000 -0.00115
-6.90000 -0.00116
-6.85000 -0.00117
-6.80000 -0.00118
-6.75000 -0.00119
-6.70000 -0.00121
-6.65000 -0.00122
-6.60000 -0.00123
-6.55000 -0.00124
-6.50000 -0.00125
-6.45000 -0.00126
-6.40000 -0.00127
-6.35000 -0.00128
-6.30000 -0.00130
-6.25000 -0.00131
-6.20000 -0.00132
-6.15000 -0.00133
-6.10000 -0.00135
-6.05000 -0.00136
-6.00000 -0.00137
-5.95000 -0.00139
-5.90000 -0.00140
-5.85000 -0.00141
-5.80000 -0.00143
-5.75000 -0.00144
-5.70000 -0.00146
-5.65000 -0.00147
-5.60000 -0.00149
-5.55000 -0.00150
-5.50000 -0.00152
-5.45000 -0.00153
-5.40000 -0.00155
-5.35000 -0.00156
-5.30000 -0.00158
-5.25000 -0.00160
-5.20000 -0.00161
-5.15000 -0.00163
-5.10000 -0.00165
-5.05000 -0.00166
-5.00000 -0.00168
-4.95000 -0.00170
-4.90000 -0.00172
-4.85000 -0.00174
-4.80000 -0.00176
-4.75000 -0.00178
-4.70000 -0.00180
-4.65000 -0.00182
-4.60000 -0.00184
-4.55000 -0.00186
-4.50000 -0.00188
-4.45000 -0.00190
-4.40000 -0.00192
-4.35000 -0.00194
-4.30000 -0.00197
-4.25000 -0.00199
-4.20000 -0.00201
-4.15000 -0.00204
-4.10000 -0.00206
-4.05000 -0.00209
-4.00000 -0.00211
-3.95000 -0.00214
-3.90000 -0.00216
-3.85000 -0.00219
-3.80000 -0.00222
-3.75000 -0.00225
-3.70000 -0.00227
-3.65000 -0.00230
-3.60000 -0.00233
-3.55000 -0.00236
-3.50000 -0.00239
-3.45000 -0.00242
-3.40000 -0.00246
-3.35000 -0.00249
-3.30000 -0.00252
-3.25000 -0.00256
-3.20000 -0.00259
-3.15000 -0.00263
-3.10000 -0.00266
-3.05000 -0.00270
-3.00000 -0.00274
-2.95000 -0.00277
-2.90000 -0.00281
-2.85000 -0.00285
-2.80000 -0.00289
-2.75000 -0.00294
-2.70000 -0.00298
-2.65000 -0.00302
-2.60000 -0.00307
-2.55000 -0.00311
-2.50000 -0.00316
-2.45000 -0.00321
-2.40000 -0.00325
-2.35000 -0.00330
-2.30000 -0.00336
-2.25000 -0.00341
-2.20000 -0.00346
-2.15000 -0.00352
-2.10000 -0.00357
-2.05000 -0.00363
-2.00000 -0.00369
-1.95000 -0.00375
-1.90000 -0.00381
-1.85000 -0.00388
-1.80000 -0.00394
-1.75000 -0.00401
-1.70000 -0.00408
-1.65000 -0.00415
-1.60000 -0.00422
-1.55000 -0.00429
-1.50000 -0.00437
-1.45000 -0.00445
-1.40000 -0.00453
-1.35000 -0.00461
-1.30000 -0.00470
-1.25000 -0.00479
-1.20000 -0.00488
-1.15000 -0.00497
-1.10000 -0.00507
-1.05000 -0.00516
-1.00000 -0.00527
-0.95000 -0.00537
-0.90000 -0.00548
-0.85000 -0.00559
-0.80000 -0.00570
-0.75000 -0.00582
-0.70000 -0.00595
-0.65000 -0.00607
-0.60000 -0.00620
-0.55000 -0.00634
-0.50000 -0.00648
-0.45000 -0.00662
-0.40000 -0.00677
-0.35000 -0.00692
-0.30000 -0.00708
-0.25000 -0.00725
-0.20000 -0.00742
-0.15000 -0.00760
-0.10000 -0.00778
-0.05000 -0.00797
0.00000 -0.00817
0.05000 -0.00838
0.10000 -0.00859
0.15000 -0.00882
0.20000 -0.00905
0.25000 -0.00929
0.30000 -0.00954
0.35000 -0.00981
0.40000 -0.01008
0.45000 -0.01037
0.50000 -0.01067
0.55000 -0.01098
0.60000 -0.01131
0.65000 -0.01165
0.70000 -0.01201
0.75000 -0.01238
0.80000 -0.01278
0.85000 -0.01319
0.90000 -0.01363
0.95000 -0.01409
1.00000 -0.01457
1.05000 -0.01509
1.10000 -0.01562
1.15000 -0.01619
1.20000 -0.01680
1.25000 -0.01744
1.30000 -0.01812
1.35000 -0.01884
1.40000 -0.01961
1.45000 -0.02043
1.50000 -0.02130
1.55000 -0.02224
1.60000 -0.02324
1.65000 -0.02432
1.70000 -0.02548
1.75000 -0.02674
1.80000 -0.02810
1.85000 -0.02958
1.90000 -0.03120
1.95000 -0.03297
2.00000 -0.03492
2.05000 -0.03708
2.10000 -0.03949
2.15000 -0.04219
2.20000 -0.04525
2.25000 -0.04875
2.30000 -0.05278
2.35000 -0.05747
2.40000 -0.06299
2.45000 -0.06953
2.50000 -0.07737
2.55000 -0.08682
2.60000 -0.09830
2.65000 -0.11229
2.70000 -0.12940
2.75000 -0.15032
2.80000 -0.17587
2.85000 -0.20699
2.90000 -0.24471
2.95000 -0.29014
3.00000 -0.34443
3.05000 -0.40874
3.10000 -0.48415
3.15000 -0.57159
3.20000 -0.67178
3.25000 -0.78506
3.30000 -0.91138
3.35000 -1.05014
3.40000 -1.20013
3.45000 -1.35951
3.50000 -1.52574
3.55000 -1.69568
3.60000 -1.86556
3.65000 -2.03121
3.70000 -2.18813
3.75000 -2.33177
3.80000 -2.45770
3.85000 -2.56189
3.90000 -2.64091
3.95000 -2.69218
4.00000 -2.71408
4.05000 -2.70611
4.10000 -2.66889
4.15000 -2.60416
4.20000 -2.51468
4.25000 -2.40407
4.30000 -2.27661
4.35000 -2.13699
4.40000 -1.99009
4.45000 -1.84071
4.50000 -1.69335
4.55000 -1.55201
4.60000 -1.42005
4.65000 -1.30007
4.70000 -1.19388
4.75000 -1.10246
4.80000 -1.02603
4.85000 -0.96409
4.90000 -0.91556
4.95000 -0.87884
5.00000 -0.85200
5.05000 -0.83289
5.10000 -0.81925
5.15000 -0.80887
5.20000 -0.79968
5.25000 -0.78985
5.30000 -0.77785
5.35000 -0.76249
5.40000 -0.74296
5.45000 -0.71885
5.50000 -0.69007
5.55000 -0.65689
5.60000 -0.61983
5.65000 -0.57960
5.70000 -0.53707
5.75000 -0.49319
5.80000 -0.44889
5.85000 -0.40508
5.90000 -0.36257
5.95000 -0.32205
6.00000 -0.28406
6.05000 -0.24900
6.10000 -0.21711
6.15000 -0.18850
6.20000 -0.16316
6.25000 -0.14098
6.30000 -0.12178
6.35000 -0.10531
6.40000 -0.09131
6.45000 -0.07949
6.50000 -0.06957
6.55000 -0.06128
6.60000 -0.05436
6.65000 -0.04860
6.70000 -0.04380
6.75000 -0.03978
6.80000 -0.03639
6.85000 -0.03353
6.90000 -0.03109
6.95000 -0.02898
7.00000 -0.02716
7.05000 -0.02556
7.10000 -0.02414
7.15000 -0.02288
7.20000 -0.02174
7.25000 -0.02071
7.30000 -0.01977
7.35000 -0.01891
7.40000 -0.01812
7.45000 -0.01739
7.50000 -0.01671
7.55000 -0.01608
7.60000 -0.01548
7.65000 -0.01493
7.70000 -0.01441
7.75000 -0.01392
7.80000 -0.01346
7.85000 -0.01302
7.90000 -0.01261
7.95000 -0.01222
8.00000 -0.01185
8.05000 -0.01150
8.10000 -0.01117
8.15000 -0.01085
8.20000 -0.01055
8.25000 -0.01027
8.30000 -0.00999
8.35000 -0.00973
8.40000 -0.00948
8.45000 -0.00924
8.50000 -0.00902
8.55000 -0.00880
8.60000 -0.00859
8.65000 -0.00839
8.70000 -0.00820
8.75000 -0.00801
8.80000 -0.00784
8.85000 -0.00767
8.90000 -0.00750
8.95000 -0.00735
9.00000 -0.00720
9.05000 -0.00705
9.10000 -0.00691
9.15000 -0.00678
9.20000 -0.00665
9.25000 -0.00652
9.30000 -0.00640
9.35000 -0.00629
9.40000 -0.00618
9.45000 -0.00607
9.50000 -0.00596
9.55000 -0.00586
9.60000 -0.00577
9.65000 -0.00568
9.70000 -0.00559
9.75000 -0.00550
9.80000 -0.00542
9.85000 -0.00534
9.90000 -0.00526
9.95000 -0.00519
10.00000 -0.00511
10.05000 -0.00505
10.10000 -0.00498
10.15000 -0.00491
10.20000 -0.00485
10.25000 -0.00479
10.30000 -0.00474
10.35000 -0.00468
10.40000 -0.00463
10.45000 -0.00458
10.50000 -0.00453
10.55000 -0.00449
10.60000 -0.00444
10.65000 -0.00440
10.70000 -0.00436
10.75000 -0.00432
10.80000 -0.00428
10.85000 -0.00425
10.90000 -0.00422
10.95000 -0.00419
11.00000 -0.00416
11.05000 -0.00413
11.10000 -0.00411
11.15000 -0.00408
11.20000 -0.00406
11.25000 -0.00404
11.30000 -0.00402
11.35000 -0.00401
11.40000 -0.00400
11.45000 -0.00398
11.50000 -0.00397
11.55000 -0.00397
11.60000 -0.00396
11.65000 -0.00396
11.70000 -0.00396
11.75000 -0.00396
11.80000 -0.00396
11.85000 -0.00397
11.90000 -0.00397
11.95000 -0.00398
12.00000 -0.00400
12.05000 -0.00401
12.10000 -0.00403
12.15000 -0.00405
12.20000 -0.00408
12.25000 -0.00411
12.30000 -0.00414
12.35000 -0.00417
12.40000 -0.00421
12.45000 -0.00426
12.50000 -0.00431
12.55000 -0.00436
12.60000 -0.00442
12.65000 -0.00448
12.70000 -0.00455
12.75000 -0.00463
12.80000 -0.00471
12.85000 -0.00480
12.90000 -0.00491
12.95000 -0.00502
13.00000 -0.00514
13.05000 -0.00527
13.10000 -0.00542
13.15000 -0.00558
13.20000 -0.00576
13.25000 -0.00596
13.30000 -0.00618
13.35000 -0.00643
13.40000 -0.00671
13.45000 -0.00703
13.50000 -0.00740
13.55000 -0.00782
13.60000 -0.00830
13.65000 -0.00886
13.70000 -0.00952
13.75000 -0.01030
13.80000 -0.01121
13.85000 -0.01229
13.90000 -0.01357
13.95000 -0.01509
14.00000 -0.01689
14.05000 -0.01902
14.10000 -0.02152
14.15000 -0.02445
14.20000 -0.02785
14.25000 -0.03178
14.30000 -0.03627
14.35000 -0.04136
14.40000 -0.04705
14.45000 -0.05335
14.50000 -0.06023
14.55000 -0.06764
14.60000 -0.07550
14.65000 -0.08372
14.70000 -0.09214
14.75000 -0.10063
14.80000 -0.10900
14.85000 -0.11705
14.90000 -0.12460
14.95000 -0.13146
15.00000 -0.13745
15.05000 -0.14243
15.10000 -0.14628
15.15000 -0.14894
15.20000 -0.15037
15.25000 -0.15062
15.30000 -0.14976
15.35000 -0.14792
15.40000 -0.14526
15.45000 -0.14197
15.50000 -0.13827
15.55000 -0.13439
15.60000 -0.13052
15.65000 -0.12687
15.70000 -0.12359
15.75000 -0.12082
15.80000 -0.11863
15.85000 -0.11705
15.90000 -0.11607
15.95000 -0.11563
16.00000 -0.11563
16.05000 -0.11594
16.10000 -0.11641
16.15000 -0.11687
16.20000 -0.11716
16.25000 -0.11714
16.30000 -0.11667
16.35000 -0.11565
16.40000 -0.11402
16.45000 -0.11175
16.50000 -0.10885
16.55000 -0.10535
16.60000 -0.10134
16.65000 -0.09692
16.70000 -0.09222
16.75000 -0.08737
16.80000 -0.08252
16.85000 -0.07779
16.90000 -0.07334
16.95000 -0.06925
17.00000 -0.06565
17.05000 -0.06259
17.10000 -0.06013
17.15000 -0.05829
17.20000 -0.05707
17.25000 -0.05645
17.30000 -0.05639
17.35000 -0.05681
17.40000 -0.05765
17.45000 -0.05882
17.50000 -0.06022
17.55000 -0.06174
17.60000 -0.06329
17.65000 -0.06478
17.70000 -0.06610
17.75000 -0.06718
17.80000 -0.06797
17.85000 -0.06841
17.90000 -0.06848
17.95000 -0.06818
18.00000 -0.06752
18.05000 -0.06652
18.10000 -0.06526
18.15000 -0.06379
18.20000 -0.06219
18.25000 -0.06056
18.30000 -0.05897
18.35000 -0.05752
18.40000 -0.05630
18.45000 -0.05536
18.50000 -0.05477
18.55000 -0.05456
18.60000 -0.05476
18.65000 -0.05535
18.70000 -0.05633
18.75000 -0.05763
18.80000 -0.05921
18.85000 -0.06097
18.90000 -0.06282
18.95000 -0.06468
19.00000 -0.06642
19.05000 -0.06795
19.10000 -0.06917
19.15000 -0.07001
19.20000 -0.07038
19.25000 -0.07025
19.30000 -0.06958
19.35000 -0.06836
19.40000 -0.06660
19.45000 -0.06435
19.50000 -0.06165
19.55000 -0.05857
19.60000 -0.05518
19.65000 -0.05157
19.70000 -0.04781
19.75000 -0.04400
19.80000 -0.04020
19.85000 -0.03648
19.90000 -0.03291
19.95000 -0.02953
20.00000 -0.02637
