689.43500 0.00000 0.00000
689.53500 0.00000 0.00005
689.63500 0.00000 0.00010
689.73500 0.00000 0.00015
689.83500 0.00001 0.00020
689.93500 0.00001 0.00025
690.03500 0.00001 0.00031
690.13500 0.00001 0.00036
690.23500 0.00001 0.00041
690.33500 0.00002 0.00047
690.43500 0.00002 0.00052
690.53500 0.00002 0.00058
690.63500 0.00002 0.00064
690.73500 0.00002 0.00070
690.83500 0.00003 0.00075
690.93500 0.00003 0.00081
691.03500 0.00003 0.00087
691.13500 0.00003 0.00093
691.23500 0.00003 0.00100
691.33500 0.00004 0.00106
691.43500 0.00004 0.00112
691.53500 0.00004 0.00119
691.63500 0.00004 0.00125
691.73500 0.00004 0.00132
691.83500 0.00005 0.00138
691.93500 0.00005 0.00145
692.03500 0.00005 0.00152
692.13500 0.00005 0.00159
692.23500 0.00006 0.00166
692.33500 0.00006 0.00173
692.43500 0.00006 0.00180
692.53500 0.00006 0.00188
692.63500 0.00007 0.00195
692.73500 0.00007 0.00203
692.83500 0.00007 0.00211
692.93500 0.00008 0.00218
693.03500 0.00008 0.00226
693.13500 0.00008 0.00234
693.23500 0.00008 0.00243
693.33500 0.00009 0.00251
693.43500 0.00009 0.00259
693.53500 0.00009 0.00268
693.63500 0.00010 0.00276
693.73500 0.00010 0.00285
693.83500 0.00010 0.00294
693.93500 0.00011 0.00303
694.03500 0.00011 0.00312
694.13500 0.00011 0.00322
694.23500 0.00012 0.00331
694.33500 0.00012 0.00341
694.43500 0.00012 0.00351
694.53500 0.00013 0.00361
694.63500 0.00013 0.00371
694.73500 0.00013 0.00381
694.83500 0.00014 0.00391
694.93500 0.00014 0.00402
695.03500 0.00014 0.00413
695.13500 0.00015 0.00424
695.23500 0.00015 0.00435
695.33500 0.00016 0.00446
695.43500 0.00016 0.00458
695.53500 0.00016 0.00470
695.63500 0.00017 0.00481
695.73500 0.00017 0.00494
695.83500 0.00018 0.00506
695.93500 0.00018 0.00518
696.03500 0.00019 0.00531
696.13500 0.00019 0.00544
696.23500 0.00020 0.00557
696.33500 0.00020 0.00571
696.43500 0.00020 0.00585
696.53500 0.00021 0.00599
696.63500 0.00021 0.00613
696.73500 0.00022 0.00627
696.83500 0.00022 0.00642
696.93500 0.00023 0.00657
697.03500 0.00023 0.00672
697.13500 0.00024 0.00688
697.23500 0.00025 0.00704
697.33500 0.00025 0.00720
697.43500 0.00026 0.00737
697.53500 0.00026 0.00753
697.63500 0.00027 0.00771
697.73500 0.00027 0.00788
697.83500 0.00028 0.00806
697.93500 0.00029 0.00824
698.03500 0.00029 0.00843
698.13500 0.00030 0.00862
698.23500 0.00030 0.00881
698.33500 0.00031 0.00901
698.43500 0.00032 0.00921
698.53500 0.00032 0.00941
698.63500 0.00033 0.00962
698.73500 0.00034 0.00984
698.83500 0.00034 0.01006
698.93500 0.00035 0.01028
699.03500 0.00036 0.01051
699.13500 0.00037 0.01075
699.23500 0.00037 0.01099
699.33500 0.00038 0.01123
699.43500 0.00039 0.01148
699.53500 0.00040 0.01174
699.63500 0.00040 0.01200
699.73500 0.00041 0.01227
699.83500 0.00042 0.01254
699.93500 0.00043 0.01282
700.03500 0.00044 0.01311
700.13500 0.00045 0.01341
700.23500 0.00046 0.01371
700.33500 0.00046 0.01402
700.43500 0.00047 0.01434
700.53500 0.00048 0.01466
700.63500 0.00049 0.01500
700.73500 0.00050 0.01534
700.83500 0.00051 0.01569
700.93500 0.00052 0.01605
701.03500 0.00053 0.01642
701.13500 0.00054 0.01680
701.23500 0.00055 0.01719
701.33500 0.00057 0.01759
701.43500 0.00058 0.01801
701.53500 0.00059 0.01843
701.63500 0.00060 0.01887
701.73500 0.00061 0.01932
701.83500 0.00062 0.01978
701.93500 0.00064 0.02026
702.03500 0.00065 0.02075
702.13500 0.00066 0.02125
702.23500 0.00068 0.02177
702.33500 0.00069 0.02231
702.43500 0.00070 0.02286
702.53500 0.00072 0.02343
702.63500 0.00073 0.02402
702.73500 0.00075 0.02463
702.83500 0.00076 0.02526
702.93500 0.00078 0.02591
703.03500 0.00079 0.02658
703.13500 0.00081 0.02728
703.23500 0.00083 0.02800
703.33500 0.00084 0.02874
703.43500 0.00086 0.02952
703.53500 0.00088 0.03032
703.63500 0.00090 0.03115
703.73500 0.00091 0.03201
703.83500 0.00093 0.03290
703.93500 0.00095 0.03383
704.03500 0.00097 0.03480
704.13500 0.00100 0.03580
704.23500 0.00102 0.03685
704.33500 0.00104 0.03794
704.43500 0.00106 0.03907
704.53500 0.00108 0.04026
704.63500 0.00111 0.04149
704.73500 0.00113 0.04278
704.83500 0.00116 0.04413
704.93500 0.00118 0.04554
705.03500 0.00121 0.04702
705.13500 0.00124 0.04856
705.23500 0.00127 0.05019
705.33500 0.00130 0.05189
705.43500 0.00133 0.05368
705.53500 0.00136 0.05556
705.63500 0.00139 0.05754
705.73500 0.00143 0.05963
705.83500 0.00146 0.06184
705.93500 0.00150 0.06417
706.03500 0.00153 0.06663
706.13500 0.00157 0.06924
706.23500 0.00161 0.07201
706.33500 0.00166 0.07494
706.43500 0.00170 0.07807
706.53500 0.00175 0.08140
706.63500 0.00179 0.08495
706.73500 0.00184 0.08874
706.83500 0.00189 0.09280
706.93500 0.00195 0.09715
707.03500 0.00201 0.10183
707.13500 0.00206 0.10686
707.23500 0.00213 0.11228
707.33500 0.00219 0.11814
707.43500 0.00226 0.12449
707.53500 0.00233 0.13137
707.63500 0.00241 0.13886
707.73500 0.00249 0.14701
707.83500 0.00258 0.15592
707.93500 0.00267 0.16566
708.03500 0.00277 0.17634
708.13500 0.00287 0.18807
708.23500 0.00298 0.20097
708.33500 0.00310 0.21516
708.43500 0.00323 0.23081
708.53500 0.00337 0.24805
708.63500 0.00351 0.26706
708.73500 0.00367 0.28797
708.83500 0.00384 0.31097
708.93500 0.00403 0.33618
709.03500 0.00423 0.36373
709.13500 0.00445 0.39371
709.23500 0.00468 0.42617
709.33500 0.00493 0.46108
709.43500 0.00521 0.49835
709.53500 0.00550 0.53780
709.63500 0.00582 0.57915
709.73500 0.00617 0.62200
709.83500 0.00653 0.66586
709.93500 0.00692 0.71009
710.03500 0.00734 0.75399
710.13500 0.00777 0.79675
710.23500 0.00823 0.83752
710.33500 0.00871 0.87542
710.43500 0.00921 0.90958
710.53500 0.00973 0.93919
710.63500 0.01026 0.96352
710.73500 0.01080 0.98202
710.83500 0.01134 0.99425
710.93500 0.01189 1.00000
711.03500 0.01244 0.99926
711.13500 0.01298 0.99223
711.23500 0.01351 0.97930
711.33500 0.01404 0.96103
711.43500 0.01455 0.93814
711.53500 0.01505 0.91144
711.63500 0.01553 0.88180
711.73500 0.01599 0.85013
711.83500 0.01643 0.81729
711.93500 0.01686 0.78411
712.03500 0.01727 0.75130
712.13500 0.01766 0.71949
712.23500 0.01803 0.68916
712.33500 0.01839 0.66069
712.43500 0.01873 0.63431
712.53500 0.01905 0.61015
712.63500 0.01937 0.58823
712.73500 0.01968 0.56848
712.83500 0.01997 0.55076
712.93500 0.02026 0.53488
713.03500 0.02053 0.52062
713.13500 0.02080 0.50775
713.23500 0.02107 0.49602
713.33500 0.02132 0.48523
713.43500 0.02158 0.47517
713.53500 0.02182 0.46568
713.63500 0.02206 0.45663
713.73500 0.02230 0.44793
713.83500 0.02253 0.43954
713.93500 0.02276 0.43143
714.03500 0.02298 0.42363
714.13500 0.02320 0.41618
714.23500 0.02341 0.40915
714.33500 0.02362 0.40264
714.43500 0.02383 0.39672
714.53500 0.02404 0.39150
714.63500 0.02424 0.38707
714.73500 0.02444 0.38353
714.83500 0.02464 0.38094
714.93500 0.02483 0.37939
715.03500 0.02503 0.37891
715.13500 0.02523 0.37954
715.23500 0.02542 0.38131
715.33500 0.02562 0.38420
715.43500 0.02582 0.38820
715.53500 0.02603 0.39327
715.63500 0.02624 0.39935
715.73500 0.02645 0.40636
715.83500 0.02666 0.41420
715.93500 0.02688 0.42276
716.03500 0.02711 0.43191
716.13500 0.02734 0.44148
716.23500 0.02757 0.45132
716.33500 0.02781 0.46123
716.43500 0.02806 0.47104
716.53500 0.02831 0.48055
716.63500 0.02856 0.48956
716.73500 0.02882 0.49786
716.83500 0.02909 0.50528
716.93500 0.02936 0.51165
717.03500 0.02963 0.51680
717.13500 0.02990 0.52060
717.23500 0.03017 0.52296
717.33500 0.03045 0.52380
717.43500 0.03072 0.52309
717.53500 0.03099 0.52081
717.63500 0.03126 0.51701
717.73500 0.03153 0.51174
717.83500 0.03179 0.50510
717.93500 0.03205 0.49721
718.03500 0.03230 0.48821
718.13500 0.03255 0.47825
718.23500 0.03279 0.46750
718.33500 0.03302 0.45612
718.43500 0.03325 0.44429
718.53500 0.03347 0.43217
718.63500 0.03369 0.41991
718.73500 0.03389 0.40764
718.83500 0.03409 0.39551
718.93500 0.03429 0.38361
719.03500 0.03448 0.37204
719.13500 0.03466 0.36086
719.23500 0.03483 0.35014
719.33500 0.03500 0.33991
719.43500 0.03516 0.33021
719.53500 0.03532 0.32104
719.63500 0.03548 0.31243
719.73500 0.03563 0.30435
719.83500 0.03577 0.29680
719.93500 0.03591 0.28978
720.03500 0.03605 0.28327
720.13500 0.03618 0.27724
720.23500 0.03631 0.27169
720.33500 0.03644 0.26660
720.43500 0.03657 0.26196
720.53500 0.03669 0.25775
720.63500 0.03681 0.25396
720.73500 0.03693 0.25059
720.83500 0.03705 0.24765
720.93500 0.03716 0.24512
721.03500 0.03728 0.24301
721.13500 0.03739 0.24134
721.23500 0.03750 0.24011
721.33500 0.03761 0.23935
721.43500 0.03773 0.23908
721.53500 0.03784 0.23932
721.63500 0.03795 0.24012
721.73500 0.03806 0.24151
721.83500 0.03818 0.24355
721.93500 0.03829 0.24628
722.03500 0.03841 0.24978
722.13500 0.03853 0.25410
722.23500 0.03865 0.25932
722.33500 0.03878 0.26551
722.43500 0.03891 0.27276
722.53500 0.03904 0.28114
722.63500 0.03918 0.29073
722.73500 0.03933 0.30157
722.83500 0.03948 0.31373
722.93500 0.03964 0.32721
723.03500 0.03981 0.34201
723.13500 0.03998 0.35808
723.23500 0.04017 0.37533
723.33500 0.04037 0.39362
723.43500 0.04057 0.41275
723.53500 0.04079 0.43247
723.63500 0.04102 0.45246
723.73500 0.04126 0.47237
723.83500 0.04151 0.49179
723.93500 0.04177 0.51030
724.03500 0.04203 0.52744
724.13500 0.04231 0.54279
724.23500 0.04260 0.55594
724.33500 0.04289 0.56652
724.43500 0.04318 0.57424
724.53500 0.04348 0.57889
724.63500 0.04377 0.58037
724.73500 0.04407 0.57866
724.83500 0.04436 0.57385
724.93500 0.04465 0.56615
725.03500 0.04494 0.55583
725.13500 0.04521 0.54325
725.23500 0.04548 0.52880
725.33500 0.04574 0.51293
725.43500 0.04599 0.49608
725.53500 0.04623 0.47869
725.63500 0.04646 0.46116
725.73500 0.04668 0.44385
725.83500 0.04689 0.42707
725.93500 0.04709 0.41107
726.03500 0.04728 0.39602
726.13500 0.04747 0.38205
726.23500 0.04764 0.36921
726.33500 0.04782 0.35752
726.43500 0.04798 0.34693
726.53500 0.04814 0.33738
726.63500 0.04830 0.32878
726.73500 0.04845 0.32100
726.83500 0.04860 0.31393
726.93500 0.04874 0.30746
727.03500 0.04888 0.30147
727.13500 0.04902 0.29587
727.23500 0.04915 0.29056
727.33500 0.04928 0.28549
727.43500 0.04941 0.28060
727.53500 0.04953 0.27588
727.63500 0.04966 0.27132
727.73500 0.04978 0.26692
727.83500 0.04990 0.26271
727.93500 0.05001 0.25873
728.03500 0.05012 0.25500
728.13500 0.05024 0.25159
728.23500 0.05035 0.24853
728.33500 0.05045 0.24587
728.43500 0.05056 0.24367
728.53500 0.05067 0.24195
728.63500 0.05077 0.24076
728.73500 0.05088 0.24011
728.83500 0.05098 0.24002
728.93500 0.05109 0.24050
729.03500 0.05119 0.24155
729.13500 0.05130 0.24316
729.23500 0.05141 0.24531
729.33500 0.05152 0.24796
729.43500 0.05163 0.25109
729.53500 0.05174 0.25463
729.63500 0.05185 0.25854
729.73500 0.05197 0.26274
729.83500 0.05209 0.26715
729.93500 0.05221 0.27170
730.03500 0.05233 0.27629
730.13500 0.05246 0.28083
730.23500 0.05259 0.28522
730.33500 0.05272 0.28935
730.43500 0.05285 0.29314
730.53500 0.05299 0.29648
730.63500 0.05312 0.29929
730.73500 0.05326 0.30150
730.83500 0.05340 0.30302
730.93500 0.05354 0.30383
731.03500 0.05368 0.30387
731.13500 0.05382 0.30312
731.23500 0.05395 0.30160
731.33500 0.05409 0.29930
731.43500 0.05422 0.29627
731.53500 0.05435 0.29255
731.63500 0.05448 0.28819
731.73500 0.05461 0.28327
731.83500 0.05473 0.27786
731.93500 0.05485 0.27205
732.03500 0.05497 0.26591
732.13500 0.05508 0.25954
732.23500 0.05519 0.25301
732.33500 0.05530 0.24640
732.43500 0.05540 0.23977
732.53500 0.05550 0.23320
732.63500 0.05559 0.22672
732.73500 0.05568 0.22039
732.83500 0.05577 0.21424
732.93500 0.05586 0.20829
733.03500 0.05594 0.20257
733.13500 0.05602 0.19709
733.23500 0.05609 0.19185
733.33500 0.05616 0.18685
733.43500 0.05623 0.18210
733.53500 0.05630 0.17757
733.63500 0.05637 0.17327
733.73500 0.05643 0.16918
733.83500 0.05649 0.16530
733.93500 0.05655 0.16160
734.03500 0.05660 0.15808
734.13500 0.05666 0.15472
734.23500 0.05671 0.15151
734.33500 0.05676 0.14845
734.43500 0.05681 0.14551
734.53500 0.05686 0.14270
734.63500 0.05690 0.14000
734.73500 0.05695 0.13740
734.83500 0.05699 0.13490
734.93500 0.05703 0.13250
735.03500 0.05707 0.13017
735.13500 0.05711 0.12793
735.23500 0.05715 0.12575
735.33500 0.05719 0.12365
735.43500 0.05722 0.12161
735.53500 0.05726 0.11963
735.63500 0.05729 0.11771
735.73500 0.05732 0.11584
735.83500 0.05735 0.11403
735.93500 0.05738 0.11227
736.03500 0.05741 0.11056
736.13500 0.05744 0.10889
736.23500 0.05747 0.10728
736.33500 0.05750 0.10571
736.43500 0.05752 0.10420
736.53500 0.05755 0.10273
736.63500 0.05757 0.10130
736.73500 0.05759 0.09993
736.83500 0.05762 0.09859
736.93500 0.05764 0.09731
737.03500 0.05766 0.09607
737.13500 0.05768 0.09488
737.23500 0.05770 0.09373
737.33500 0.05772 0.09262
737.43500 0.05774 0.09156
737.53500 0.05776 0.09054
737.63500 0.05777 0.08956
737.73500 0.05779 0.08862
737.83500 0.05781 0.08772
737.93500 0.05782 0.08685
738.03500 0.05784 0.08602
738.13500 0.05786 0.08523
738.23500 0.05787 0.08446
738.33500 0.05788 0.08373
738.43500 0.05790 0.08303
738.53500 0.05791 0.08236
738.63500 0.05793 0.08171
738.73500 0.05794 0.08109
738.83500 0.05795 0.08049
738.93500 0.05796 0.07992
739.03500 0.05797 0.07937
739.13500 0.05799 0.07884
739.23500 0.05800 0.07833
739.33500 0.05801 0.07784
739.43500 0.05802 0.07737
739.53500 0.05803 0.07691
739.63500 0.05804 0.07647
739.73500 0.05805 0.07605
739.83500 0.05806 0.07564
739.93500 0.05807 0.07525
740.03500 0.05808 0.07487
740.13500 0.05809 0.07450
740.23500 0.05810 0.07414
740.33500 0.05810 0.07380
740.43500 0.05811 0.07347
740.53500 0.05812 0.07314
740.63500 0.05813 0.07283
740.73500 0.05814 0.07253
740.83500 0.05815 0.07224
740.93500 0.05815 0.07195
741.03500 0.05816 0.07168
741.13500 0.05817 0.07141
741.23500 0.05818 0.07115
741.33500 0.05818 0.07089
741.43500 0.05819 0.07065
741.53500 0.05820 0.07041
741.63500 0.05820 0.07018
741.73500 0.05821 0.06995
741.83500 0.05822 0.06973
741.93500 0.05822 0.06952
742.03500 0.05823 0.06931
742.13500 0.05823 0.06911
742.23500 0.05824 0.06891
742.33500 0.05825 0.06872
742.43500 0.05825 0.06853
742.53500 0.05826 0.06834
742.63500 0.05826 0.06816
742.73500 0.05827 0.06799
742.83500 0.05827 0.06782
742.93500 0.05828 0.06765
743.03500 0.05828 0.06749
743.13500 0.05829 0.06733
743.23500 0.05829 0.06718
743.33500 0.05830 0.06702
743.43500 0.05830 0.06688
743.53500 0.05831 0.06673
743.63500 0.05831 0.06659
743.73500 0.05832 0.06645
743.83500 0.05832 0.06631
743.93500 0.05833 0.06618
744.03500 0.05833 0.06605
744.13500 0.05833 0.06592
744.23500 0.05834 0.06580
744.33500 0.05834 0.06568
744.43500 0.05835 0.06556
744.53500 0.05835 0.06544
744.63500 0.05835 0.06532
744.73500 0.05836 0.06521
744.83500 0.05836 0.06510
744.93500 0.05836 0.06499
745.03500 0.05837 0.06488
745.13500 0.05837 0.06478
745.23500 0.05838 0.06468
745.33500 0.05838 0.06458
745.43500 0.05838 0.06448
745.53500 0.05839 0.06438
745.63500 0.05839 0.06429
745.73500 0.05839 0.06419
745.83500 0.05840 0.06410
745.93500 0.05840 0.06401
746.03500 0.05840 0.06392
746.13500 0.05840 0.06384
746.23500 0.05841 0.06375
746.33500 0.05841 0.06367
746.43500 0.05841 0.06358
746.53500 0.05842 0.06350
746.63500 0.05842 0.06342
746.73500 0.05842 0.06334
746.83500 0.05842 0.06327
746.93500 0.05843 0.06319
747.03500 0.05843 0.06311
747.13500 0.05843 0.06304
747.23500 0.05843 0.06297
747.33500 0.05844 0.06290
747.43500 0.05844 0.06283
747.53500 0.05844 0.06276
747.63500 0.05844 0.06269
747.73500 0.05845 0.06262
747.83500 0.05845 0.06256
747.93500 0.05845 0.06249
748.03500 0.05845 0.06243
748.13500 0.05846 0.06237
748.23500 0.05846 0.06230
748.33500 0.05846 0.06224
748.43500 0.05846 0.06218
748.53500 0.05846 0.06212
748.63500 0.05847 0.06206
748.73500 0.05847 0.06201
748.83500 0.05847 0.06195
748.93500 0.05847 0.06189
749.03500 0.05847 0.06184
749.13500 0.05848 0.06178
749.23500 0.05848 0.06173
749.33500 0.05848 0.06168
749.43500 0.05848 0.06163
749.53500 0.05848 0.06157
749.63500 0.05848 0.06152
749.73500 0.05849 0.06147
749.83500 0.05849 0.06142
749.93500 0.05849 0.06138
750.03500 0.05849 0.06133
750.13500 0.05849 0.06128
750.23500 0.05849 0.06123
750.33500 0.05849 0.06119
750.43500 0.05850 0.06114
750.53500 0.05850 0.06110
750.63500 0.05850 0.06105
750.73500 0.05850 0.06101
750.83500 0.05850 0.06096
750.93500 0.05850 0.06092
751.03500 0.05850 0.06088
751.13500 0.05851 0.06084
751.23500 0.05851 0.06080
751.33500 0.05851 0.06076
751.43500 0.05851 0.06071
751.53500 0.05851 0.06068
751.63500 0.05851 0.06064
751.73500 0.05851 0.06060
751.83500 0.05851 0.06056
751.93500 0.05852 0.06052
752.03500 0.05852 0.06048
752.13500 0.05852 0.06045
752.23500 0.05852 0.06041
752.33500 0.05852 0.06037
752.43500 0.05852 0.06034
752.53500 0.05852 0.06030
752.63500 0.05852 0.06027
752.73500 0.05852 0.06023
752.83500 0.05852 0.06020
752.93500 0.05853 0.06017
753.03500 0.05853 0.06013
753.13500 0.05853 0.06010
753.23500 0.05853 0.06007
753.33500 0.05853 0.06003
753.43500 0.05853 0.06000
753.53500 0.05853 0.05997
753.63500 0.05853 0.05994
753.73500 0.05853 0.05991
753.83500 0.05853 0.05988
753.93500 0.05853 0.05985
754.03500 0.05853 0.05982
754.13500 0.05853 0.05979
754.23500 0.05854 0.05976
754.33500 0.05854 0.05973
754.43500 0.05854 0.05970
754.53500 0.05854 0.05967
754.63500 0.05854 0.05964
754.73500 0.05854 0.05962
754.83500 0.05854 0.05959
754.93500 0.05854 0.05956
755.03500 0.05854 0.05953
755.13500 0.05854 0.05951
755.23500 0.05854 0.05948
755.33500 0.05854 0.05946
755.43500 0.05854 0.05943
755.53500 0.05854 0.05940
755.63500 0.05854 0.05938
755.73500 0.05854 0.05935
755.83500 0.05854 0.05933
755.93500 0.05854 0.05930
756.03500 0.05855 0.05928
756.13500 0.05855 0.05926
756.23500 0.05855 0.05923
756.33500 0.05855 0.05921
756.43500 0.05855 0.05918
756.53500 0.05855 0.05916
756.63500 0.05855 0.05914
756.73500 0.05855 0.05911
756.83500 0.05855 0.05909
756.93500 0.05855 0.05907
757.03500 0.05855 0.05905
757.13500 0.05855 0.05903
757.23500 0.05855 0.05900
757.33500 0.05855 0.05898
757.43500 0.05855 0.05896
757.53500 0.05855 0.05894
757.63500 0.05855 0.05892
757.73500 0.05855 0.05890
757.83500 0.05855 0.05888
757.93500 0.05855 0.05886
758.03500 0.05855 0.05884
758.13500 0.05855 0.05882
758.23500 0.05855 0.05880
758.33500 0.05855 0.05878
758.43500 0.05855 0.05876
758.53500 0.05855 0.05874
758.63500 0.05855 0.05872
758.73500 0.05855 0.05870
758.83500 0.05855 0.05868
758.93500 0.05855 0.05866
759.03500 0.05855 0.05864
759.13500 0.05855 0.05862
759.23500 0.05855 0.05861
759.33500 0.05855 0.05859
759.43500 0.05855 0.05857
759.53500 0.05855 0.05855
