-115.55423 -0.00000
-115.29467 -0.00000
-114.51218 -0.00000
-114.05609 -0.00000
-114.01969 -0.00000
-114.01331 -0.00000
-113.79592 -0.00000
-113.01366 -0.00000
-112.52052 -0.00000
-112.51405 -0.00000
-84.69440 -0.00000
-84.46033 -0.00000
-84.46024 -0.00000
-84.45291 -0.00000
-84.14217 -0.00000
-84.13367 -0.00000
-83.37009 -0.00000
-83.24539 -0.00000
-83.24519 -0.00000
-83.18927 -0.00000
-83.18918 -0.00000
-83.17531 -0.00000
-83.17519 -0.00000
-83.04035 -0.00000
-83.04021 -0.00000
-82.97468 -0.00000
-82.96898 -0.00000
-82.85400 -0.00000
-82.66198 -0.00000
-82.65733 -0.00000
-81.99374 -0.00000
-81.91763 -0.00000
-81.87980 -0.00000
-81.76344 -0.00000
-81.69379 -0.00000
-81.57005 -0.00000
-81.52509 -0.00000
-81.44852 -0.00000
-81.37189 -0.00000
-81.06633 -0.00000
-81.06621 -0.00000
-81.03030 -0.00000
-81.03023 -0.00000
-80.87197 -0.00000
-80.50811 -0.00000
-80.43457 -0.00000
-80.42452 -0.00000
-80.41746 -0.00000
-80.35132 -0.00000
-80.35126 -0.00000
-80.18781 -0.00000
-80.16934 -0.00000
-80.16925 -0.00000
-80.03214 -0.00000
-79.98586 -0.00000
-79.98030 -0.00000
-79.98021 -0.00000
-79.95802 -0.00000
-79.94402 -0.00000
-79.87870 -0.00000
-79.78835 -0.00000
-79.78822 -0.00000
-79.57188 -0.00000
-79.53964 -0.00000
-79.53442 -0.00000
-79.46597 -0.00000
-79.37309 -0.00000
-79.30700 -0.00000
-79.10062 -0.00000
-79.09381 -0.00000
-79.07426 -0.00000
-79.07423 -0.00000
-79.05776 -0.00000
-79.01358 -0.00000
-78.96407 -0.00000
-78.95014 -0.00000
-78.92415 -0.00000
-78.88685 -0.00000
-78.87861 -0.00000
-78.79653 -0.00000
-78.69868 -0.00000
-78.69231 -0.00000
-78.69212 -0.00000
-78.67550 -0.00000
-78.53484 -0.00000
-78.52695 -0.00000
-78.49268 -0.00000
-78.48836 -0.00000
-78.48819 -0.00000
-78.46172 -0.00000
-78.43439 -0.00000
-78.41429 -0.00000
-78.41425 -0.00000
-78.38208 -0.00000
-78.29061 -0.00000
-78.21310 -0.00000
-78.18908 -0.00000
-78.09803 -0.00000
-78.07408 -0.00000
-78.03602 -0.00000
-78.02829 -0.00000
-78.02814 -0.00000
-77.99072 -0.00000
-77.90976 -0.00000
-77.83817 -0.00000
-77.81380 -0.00000
-77.78942 -0.00000
-77.73331 -0.00000
-77.69685 -0.00000
-77.61629 -0.00000
-77.61608 -0.00000
-77.60683 -0.00000
-77.44804 -0.00000
-77.42691 -0.00000
-77.39013 -0.00000
-77.38043 -0.00000
-77.35146 -0.00000
-77.33029 -0.00000
-77.33017 -0.00000
-77.29986 -0.00000
-77.24060 -0.00000
-77.19402 -0.00000
-77.17796 -0.00000
-77.14861 -0.00000
-77.13182 -0.00000
-77.04594 -0.00000
-76.97639 -0.00000
-76.90865 -0.00000
-76.88342 -0.00000
-76.83852 -0.00000
-76.79161 -0.00000
-76.74702 -0.00000
-76.63480 -0.00000
-76.62377 -0.00000
-76.58910 -0.00000
-76.44426 -0.00000
-76.44412 -0.00000
-76.40152 -0.00000
-76.32767 -0.00000
-76.16688 -0.00000
-76.05331 -0.00000
-76.05315 -0.00000
-76.01741 -0.00000
-75.94402 -0.00000
-75.89110 -0.00000
-75.84639 -0.00000
-75.84621 -0.00000
-75.73940 -0.00000
-75.70407 -0.00000
-75.57999 -0.00000
-75.50806 -0.00000
-75.44912 -0.00000
-75.34218 -0.00000
-75.13438 -0.00000
-75.13425 -0.00000
-75.13105 -0.00000
-75.09550 -0.00000
-74.95974 -0.00000
-74.60632 -0.00000
-74.54330 -0.00000
-74.54321 -0.00000
-74.47283 -0.00000
-74.42732 -0.00000
-74.25229 -0.00000
-74.25198 -0.00000
-74.22937 -0.00000
-74.20357 -0.00000
-74.17020 -0.00000
-73.94897 -0.00000
-73.85092 -0.00000
-73.49990 -0.00000
-73.31437 -0.00000
-73.27297 -0.00000
-73.03793 -0.00000
-72.94655 -0.00000
-72.94614 -0.00000
-72.91556 -0.00000
-71.99830 -0.00000
-69.44955 -0.00000
-69.38100 -0.00000
-69.27306 -0.00000
-69.16837 -0.00000
-69.16818 -0.00000
-69.16189 -0.00000
-69.15963 -0.00000
-67.99202 -0.00000
-67.71143 -0.00000
-67.56139 -0.00000
-67.56123 -0.00000
-67.55298 -0.00000
-67.44032 -0.00000
-67.44025 -0.00000
-63.12368 -0.00000
-62.62542 -0.00000
-62.37854 -0.00000
-62.20742 -0.00000
-61.64687 -0.00000
-61.56869 -0.00000
-61.41172 -0.00000
-61.35368 -0.00000
-61.01863 -0.00000
-60.97774 -0.00000
-60.95874 -0.00000
-60.93755 -0.00000
-60.78928 -0.00000
-60.78919 -0.00000
-60.77106 -0.00000
-60.73686 -0.00000
-60.64323 -0.00000
-60.54530 -0.00000
-60.54520 -0.00000
-60.51183 -0.00000
-60.50448 -0.00000
-60.49157 -0.00000
-60.40667 -0.00000
-60.30883 -0.00000
-60.28791 -0.00000
-60.23392 -0.00000
-60.19456 -0.00000
-60.14013 -0.00000
-60.08807 -0.00000
-59.97287 -0.00000
-59.95187 -0.00000
-59.90385 -0.00000
-59.80252 -0.00000
-59.79616 -0.00000
-59.72480 -0.00000
-59.69305 -0.00000
-59.64508 -0.00000
-59.61379 -0.00000
-59.57832 -0.00000
-59.51224 -0.00000
-59.48438 -0.00000
-59.48425 -0.00000
-59.42706 -0.00000
-59.32876 -0.00000
-59.28654 -0.00000
-59.28530 -0.00000
-59.25335 -0.00000
-59.16987 -0.00000
-59.16806 -0.00000
-59.13266 -0.00000
-59.09689 -0.00000
-59.09092 -0.00000
-59.07679 -0.00000
-59.05633 -0.00000
-59.05621 -0.00000
-59.01112 -0.00000
-59.00982 -0.00000
-58.98339 -0.00000
-58.97386 -0.00000
-58.96059 -0.00000
-58.94763 -0.00000
-58.87712 -0.00000
-58.85994 -0.00000
-58.82929 -0.00000
-58.82920 -0.00000
-58.79999 -0.00000
-58.75866 -0.00000
-58.67478 -0.00000
-58.66750 -0.00000
-58.62894 -0.00000
-58.60147 -0.00000
-58.59661 -0.00000
-58.58947 -0.00000
-58.56647 -0.00000
-58.54311 -0.00000
-58.53747 -0.00000
-58.49814 -0.00000
-58.46584 -0.00000
-58.45446 -0.00000
-58.43312 -0.00000
-58.39747 -0.00000
-58.39091 -0.00000
-58.37628 -0.00000
-58.37619 -0.00000
-58.30612 -0.00000
-58.23543 -0.00000
-58.22384 -0.00000
-58.19642 -0.00000
-58.19624 -0.00000
-58.14439 -0.00000
-58.14238 -0.00000
-58.14094 -0.00000
-58.13353 -0.00000
-58.10077 -0.00000
-58.08053 -0.00000
-58.07545 -0.00000
-58.06400 -0.00000
-58.01649 -0.00000
-58.01617 -0.00000
-58.00093 -0.00000
-57.98347 -0.00000
-57.93307 -0.00000
-57.87909 -0.00000
-57.86924 -0.00000
-57.85439 -0.00000
-57.74773 -0.00000
-57.73885 -0.00000
-57.71809 -0.00000
-57.70351 -0.00000
-57.69698 -0.00000
-57.68108 -0.00000
-57.67599 -0.00000
-57.67010 -0.00000
-57.63678 -0.00000
-57.53729 -0.00000
-57.53719 -0.00000
-57.53252 -0.00000
-57.52734 -0.00000
-57.50832 -0.00000
-57.50823 -0.00000
-57.47866 -0.00000
-57.45338 -0.00000
-57.44543 -0.00000
-57.41534 -0.00000
-57.41525 -0.00000
-57.39568 -0.00000
-57.38239 -0.00000
-57.37629 -0.00000
-57.37619 -0.00000
-57.35759 -0.00000
-57.33231 -0.00000
-57.33220 -0.00000
-57.32877 -0.00000
-57.30452 -0.00000
-57.27076 -0.00000
-57.26865 -0.00000
-57.26736 -0.00000
-57.26719 -0.00000
-57.24833 -0.00000
-57.24575 -0.00000
-57.22226 -0.00000
-57.22218 -0.00000
-57.21378 -0.00000
-57.21159 -0.00000
-57.20289 -0.00000
-57.19933 -0.00000
-57.12701 -0.00000
-57.10850 -0.00000
-57.09982 -0.00000
-57.07944 -0.00000
-57.06587 -0.00000
-57.06495 -0.00000
-57.06151 -0.00000
-57.05014 -0.00000
-57.03233 -0.00000
-57.01639 -0.00000
-56.97411 -0.00000
-56.93443 -0.00000
-56.92252 -0.00000
-56.91346 -0.00000
-56.89899 -0.00000
-56.89359 -0.00000
-56.81660 -0.00000
-56.81246 -0.00000
-56.81180 -0.00000
-56.79096 -0.00000
-56.77566 -0.00000
-56.76160 -0.00000
-56.75837 -0.00000
-56.75644 -0.00000
-56.69668 -0.00000
-56.69336 -0.00000
-56.64552 -0.00000
-56.63191 -0.00000
-56.60028 -0.00000
-56.60016 -0.00000
-56.59533 -0.00000
-56.59521 -0.00000
-56.59199 -0.00000
-56.58044 -0.00000
-56.55908 -0.00000
-56.54895 -0.00000
-56.53556 -0.00000
-56.49550 -0.00000
-56.47995 -0.00000
-56.47728 -0.00000
-56.47723 -0.00000
-56.46195 -0.00000
-56.45910 -0.00000
-56.45695 -0.00000
-56.43409 -0.00000
-56.42266 -0.00000
-56.36259 -0.00000
-56.35679 -0.00000
-56.33065 -0.00000
-56.32493 -0.00000
-56.29810 -0.00000
-56.29338 -0.00000
-56.28970 -0.00000
-56.26831 -0.00000
-56.25230 -0.00000
-56.25221 -0.00000
-56.22359 -0.00000
-56.19146 -0.00000
-56.18756 -0.00000
-56.16975 -0.00000
-56.13293 -0.00000
-56.10931 -0.00000
-56.10925 -0.00000
-56.07472 -0.00000
-56.07021 -0.00000
-56.06902 -0.00000
-56.05873 -0.00000
-56.03792 -0.00000
-55.98137 -0.00000
-55.97253 -0.00000
-55.96574 -0.00000
-55.93997 -0.00000
-55.93688 -0.00000
-55.92795 -0.00000
-55.91850 -0.00000
-55.91360 -0.00000
-55.89291 -0.00000
-55.87579 -0.00000
-55.85229 -0.00000
-55.85214 -0.00000
-55.85044 -0.00000
-55.84907 -0.00000
-55.83696 -0.00000
-55.81183 -0.00000
-55.81083 -0.00000
-55.78793 -0.00000
-55.75129 -0.00000
-55.75117 -0.00000
-55.73445 -0.00000
-55.69194 -0.00000
-55.68927 -0.00000
-55.68922 -0.00000
-55.67865 -0.00000
-55.67213 -0.00000
-55.65062 -0.00000
-55.63627 -0.00000
-55.63614 -0.00000
-55.61084 -0.00000
-55.60336 -0.00000
-55.59460 -0.00000
-55.58534 -0.00000
-55.55248 -0.00000
-55.53752 -0.00000
-55.53213 -0.00000
-55.50873 -0.00000
-55.50595 -0.00000
-55.49536 -0.00000
-55.49520 -0.00000
-55.45979 -0.00000
-55.44965 -0.00000
-55.40327 -0.00000
-55.40315 -0.00000
-55.39132 -0.00000
-55.38646 -0.00000
-55.37632 -0.00000
-55.35891 -0.00000
-55.35552 -0.00000
-55.35522 -0.00000
-55.34183 -0.00000
-55.30885 -0.00000
-55.29203 -0.00000
-55.28872 -0.00000
-55.27402 -0.00000
-55.26076 -0.00000
-55.25352 -0.00000
-55.24863 -0.00000
-55.23856 -0.00000
-55.22844 -0.00000
-55.20652 -0.00000
-55.16637 -0.00000
-55.16113 -0.00000
-55.13049 -0.00000
-55.11668 -0.00000
-55.10727 -0.00000
-55.10716 -0.00000
-55.09062 -0.00000
-55.08291 -0.00000
-55.06541 -0.00000
-55.06407 -0.00000
-55.02885 -0.00000
-55.01106 -0.00000
-55.00502 -0.00000
-54.99543 -0.00000
-54.99129 -0.00000
-54.97464 -0.00000
-54.95818 -0.00000
-54.93356 -0.00000
-54.92990 -0.00000
-54.92734 -0.00000
-54.90304 -0.00000
-54.88440 -0.00000
-54.87146 -0.00000
-54.84286 -0.00000
-54.82864 -0.00000
-54.82375 -0.00000
-54.82232 -0.00000
-54.82219 -0.00000
-54.82063 -0.00000
-54.81358 -0.00000
-54.79317 -0.00000
-54.78544 -0.00000
-54.76728 -0.00000
-54.76720 -0.00000
-54.76382 -0.00000
-54.73248 -0.00000
-54.72545 -0.00000
-54.71215 -0.00000
-54.70266 -0.00000
-54.66988 -0.00000
-54.66369 -0.00000
-54.64742 -0.00000
-54.64724 -0.00000
-54.64357 -0.00000
-54.61815 -0.00000
-54.60400 -0.00000
-54.59484 -0.00000
-54.59342 -0.00000
-54.53994 -0.00000
-54.52443 -0.00000
-54.52108 -0.00000
-54.51679 -0.00000
-54.50656 -0.00000
-54.50068 -0.00000
-54.46939 -0.00000
-54.43611 -0.00000
-54.43347 -0.00000
-54.40619 -0.00000
-54.36578 -0.00000
-54.35810 -0.00000
-54.35338 -0.00000
-54.34960 -0.00000
-54.34566 -0.00000
-54.33350 -0.00000
-54.32245 -0.00000
-54.32156 -0.00000
-54.30470 -0.00000
-54.28027 -0.00000
-54.28022 -0.00000
-54.25627 -0.00000
-54.25611 -0.00000
-54.20704 -0.00000
-54.18432 -0.00000
-54.18425 -0.00000
-54.14495 -0.00000
-54.14209 -0.00000
-54.12409 -0.00000
-54.09348 -0.00000
-54.07612 -0.00000
-54.06512 -0.00000
-54.04346 -0.00000
-54.03186 -0.00000
-54.02665 -0.00000
-54.02039 -0.00000
-54.01489 -0.00000
-53.99981 -0.00000
-53.99810 -0.00000
-53.97490 -0.00000
-53.94967 -0.00000
-53.89827 -0.00000
-53.89808 -0.00000
-53.88626 -0.00000
-53.88617 -0.00000
-53.85610 -0.00000
-53.85262 -0.00000
-53.82516 -0.00000
-53.82064 -0.00000
-53.79881 -0.00000
-53.78701 -0.00000
-53.76200 -0.00000
-53.75372 -0.00000
-53.74446 -0.00000
-53.73232 -0.00000
-53.73223 -0.00000
-53.71070 -0.00000
-53.68288 -0.00000
-53.63268 -0.00000
-53.59908 -0.00000
-53.58052 -0.00000
-53.57418 -0.00000
-53.56636 -0.00000
-53.55869 -0.00000
-53.54771 -0.00000
-53.53933 -0.00000
-53.52984 -0.00000
-53.51136 -0.00000
-53.49595 -0.00000
-53.49491 -0.00000
-53.48544 -0.00000
-53.47512 -0.00000
-53.45977 -0.00000
-53.43573 -0.00000
-53.40339 -0.00000
-53.40155 -0.00000
-53.38578 -0.00000
-53.37588 -0.00000
-53.35810 -0.00000
-53.33284 -0.00000
-53.32068 -0.00000
-53.30788 -0.00000
-53.29244 -0.00000
-53.28341 -0.00000
-53.25967 -0.00000
-53.24229 -0.00000
-53.24212 -0.00000
-53.22952 -0.00000
-53.21550 -0.00000
-53.21521 -0.00000
-53.20396 -0.00000
-53.20235 -0.00000
-53.19794 -0.00000
-53.19133 -0.00000
-53.19114 -0.00000
-53.18814 -0.00000
-53.15651 -0.00000
-53.13795 -0.00000
-53.04992 -0.00000
-53.04077 -0.00000
-53.04019 -0.00000
-53.03048 -0.00000
-53.02694 -0.00000
-53.00602 -0.00000
-53.00357 -0.00000
-52.99722 -0.00000
-52.99616 -0.00000
-52.99302 -0.00000
-52.98500 -0.00000
-52.96283 -0.00000
-52.93565 -0.00000
-52.91204 -0.00000
-52.89510 -0.00000
-52.85286 -0.00000
-52.85153 -0.00000
-52.85100 -0.00000
-52.81739 -0.00000
-52.81721 -0.00000
-52.80400 -0.00000
-52.79985 -0.00000
-52.79551 -0.00000
-52.79115 -0.00000
-52.78414 -0.00000
-52.74884 -0.00000
-52.72935 -0.00000
-52.69301 -0.00000
-52.69179 -0.00000
-52.68509 -0.00000
-52.67498 -0.00000
-52.63284 -0.00000
-52.59431 -0.00000
-52.59418 -0.00000
-52.58962 -0.00000
-52.57859 -0.00000
-52.55782 -0.00000
-52.52143 -0.00000
-52.50350 -0.00000
-52.50080 -0.00000
-52.48692 -0.00000
-52.47914 -0.00000
-52.47512 -0.00000
-52.46074 -0.00000
-52.44812 -0.00000
-52.40260 -0.00000
-52.35708 -0.00000
-52.32927 -0.00000
-52.32920 -0.00000
-52.30670 -0.00000
-52.30412 -0.00000
-52.29982 -0.00000
-52.27193 -0.00000
-52.26534 -0.00000
-52.26504 -0.00000
-52.23540 -0.00000
-52.23447 -0.00000
-52.22377 -0.00000
-52.21768 -0.00000
-52.21052 -0.00000
-52.19613 -0.00000
-52.12202 -0.00000
-52.10733 -0.00000
-52.09772 -0.00000
-52.02368 -0.00000
-52.01452 -0.00000
-51.94490 -0.00000
-51.93176 -0.00000
-51.91461 -0.00000
-51.91241 -0.00000
-51.89191 -0.00000
-51.85931 -0.00000
-51.83488 -0.00000
-51.80305 -0.00000
-51.78637 -0.00000
-51.78625 -0.00000
-51.78466 -0.00000
-51.78329 -0.00000
-51.78315 -0.00000
-51.75334 -0.00000
-51.75325 -0.00000
-51.74611 -0.00000
-51.74505 -0.00000
-51.74229 -0.00000
-51.73408 -0.00000
-51.72297 -0.00000
-51.70427 -0.00000
-51.70420 -0.00000
-51.67934 -0.00000
-51.67924 -0.00000
-51.66154 -0.00000
-51.65255 -0.00000
-51.64239 -0.00000
-51.59135 -0.00000
-51.58995 -0.00000
-51.58347 -0.00000
-51.55238 -0.00000
-51.53216 -0.00000
-51.52438 -0.00000
-51.48983 -0.00000
-51.48019 -0.00000
-51.46041 -0.00000
-51.43295 -0.00000
-51.40642 -0.00000
-51.40255 -0.00000
-51.39483 -0.00000
-51.37706 -0.00000
-51.37317 -0.00000
-51.35929 -0.00000
-51.35917 -0.00000
-51.34588 -0.00000
-51.31991 -0.00000
-51.31804 -0.00000
-51.30426 -0.00000
-51.30413 -0.00000
-51.29770 -0.00000
-51.28683 -0.00000
-51.26587 -0.00000
-51.26248 -0.00000
-51.22955 -0.00000
-51.22740 -0.00000
-51.19964 -0.00000
-51.19544 -0.00000
-51.15258 -0.00000
-51.13749 -0.00000
-51.13393 -0.00000
-51.12358 -0.00000
-51.10653 -0.00000
-51.10276 -0.00000
-51.09430 -0.00000
-51.09406 -0.00000
-51.09220 -0.00000
-51.08934 -0.00000
-51.08921 -0.00000
-51.04956 -0.00000
-51.03782 -0.00000
-51.02394 -0.00000
-51.00444 -0.00000
-51.00422 -0.00000
-50.96204 -0.00000
-50.95198 -0.00000
-50.93248 -0.00000
-50.93223 -0.00000
-50.92953 -0.00000
-50.91386 -0.00000
-50.90635 -0.00000
-50.88176 -0.00000
-50.87934 -0.00000
-50.87115 -0.00000
-50.82182 -0.00000
-50.81430 -0.00000
-50.81422 -0.00000
-50.80761 -0.00000
-50.79711 -0.00000
-50.77213 -0.00000
-50.76511 -0.00000
-50.74562 -0.00000
-50.74444 -0.00000
-50.70222 -0.00000
-50.69493 -0.00000
-50.68150 -0.00000
-50.66529 -0.00000
-50.66518 -0.00000
-50.62241 -0.00000
-50.60701 -0.00000
-50.60009 -0.00000
-50.57634 -0.00000
-50.57623 -0.00000
-50.57494 -0.00000
-50.56335 -0.00000
-50.51812 -0.00000
-50.50504 -0.00000
-50.48637 -0.00000
-50.46810 -0.00000
-50.46293 -0.00000
-50.45618 -0.00000
-50.42558 -0.00000
-50.39961 -0.00000
-50.39665 -0.00000
-50.37342 -0.00000
-50.37279 -0.00000
-50.34533 -0.00000
-50.34520 -0.00000
-50.33599 -0.00000
-50.33443 -0.00000
-50.32252 -0.00000
-50.31677 -0.00000
-50.28814 -0.00000
-50.27307 -0.00000
-50.24575 -0.00000
-50.22929 -0.00000
-50.22919 -0.00000
-50.20478 -0.00000
-50.18736 -0.00000
-50.18667 -0.00000
-50.15592 -0.00000
-50.13995 -0.00000
-50.13422 -0.00000
-50.12605 -0.00000
-50.11905 -0.00000
-50.11680 -0.00000
-50.09407 -0.00000
-50.08339 -0.00000
-50.05767 -0.00000
-50.05450 -0.00000
-50.05190 -0.00000
-50.03449 -0.00000
-50.00929 -0.00000
-50.00915 -0.00000
-49.94101 -0.00000
-49.93545 -0.00000
-49.93106 -0.00000
-49.91488 -0.00000
-49.89365 -0.00000
-49.86447 -0.00000
-49.84391 -0.00000
-49.82764 -0.00000
-49.80513 -0.00000
-49.78038 -0.00000
-49.78022 -0.00000
-49.73744 -0.00000
-49.73574 -0.00000
-49.73359 -0.00000
-49.73283 -0.00000
-49.72203 -0.00000
-49.71886 -0.00000
-49.68080 -0.00000
-49.67209 -0.00000
-49.63089 -0.00000
-49.61921 -0.00000
-49.60934 -0.00000
-49.60338 -0.00000
-49.59450 -0.00000
-49.58395 -0.00000
-49.55177 -0.00000
-49.51557 -0.00000
-49.48523 -0.00000
-49.48408 -0.00000
-49.48136 -0.00000
-49.48030 -0.00000
-49.48005 -0.00000
-49.46075 -0.00000
-49.45129 -0.00000
-49.45123 -0.00000
-49.43872 -0.00000
-49.42537 -0.00000
-49.42467 -0.00000
-49.40634 -0.00000
-49.40010 -0.00000
-49.39387 -0.00000
-49.38437 -0.00000
-49.36490 -0.00000
-49.34904 -0.00000
-49.32391 -0.00000
-49.29908 -0.00000
-49.28669 -0.00000
-49.27544 -0.00000
-49.27522 -0.00000
-49.26682 -0.00000
-49.25540 -0.00000
-49.24331 -0.00000
-49.24252 -0.00000
-49.21790 -0.00000
-49.21229 -0.00000
-49.21217 -0.00000
-49.20156 -0.00000
-49.19074 -0.00000
-49.17463 -0.00000
-49.17155 -0.00000
-49.15134 -0.00000
-49.13569 -0.00000
-49.13236 -0.00000
-49.12962 -0.00000
-49.12817 -0.00000
-49.12190 -0.00000
-49.11717 -0.00000
-49.07333 -0.00000
-49.05818 -0.00000
-49.05407 -0.00000
-49.05083 -0.00000
-49.04934 -0.00000
-49.04924 -0.00000
-49.04729 -0.00000
-49.04719 -0.00000
-49.03773 -0.00000
-49.01779 -0.00000
-48.99046 -0.00000
-48.98052 -0.00000
-48.97161 -0.00000
-48.95234 -0.00000
-48.94436 -0.00000
-48.92055 -0.00000
-48.88765 -0.00000
-48.87933 -0.00000
-48.87912 -0.00000
-48.87578 -0.00000
-48.87320 -0.00000
-48.86946 -0.00000
-48.86605 -0.00000
-48.79991 -0.00000
-48.79191 -0.00000
-48.78964 -0.00000
-48.76889 -0.00000
-48.75847 -0.00000
-48.75033 -0.00000
-48.74691 -0.00000
-48.73308 -0.00000
-48.73209 -0.00000
-48.69812 -0.00000
-48.67349 -0.00000
-48.67235 -0.00000
-48.66436 -0.00000
-48.62642 -0.00000
-48.60447 -0.00000
-48.57942 -0.00000
-48.53787 -0.00000
-48.50959 -0.00000
-48.48988 -0.00000
-48.48660 -0.00000
-48.47830 -0.00000
-48.47615 -0.00000
-48.46346 -0.00000
-48.44595 -0.00000
-48.43356 -0.00000
-48.39980 -0.00000
-48.38057 -0.00000
-48.36234 -0.00000
-48.35799 -0.00000
-48.35353 -0.00000
-48.34880 -0.00000
-48.34787 -0.00000
-48.33767 -0.00000
-48.32209 -0.00000
-48.31083 -0.00000
-48.29844 -0.00000
-48.29821 -0.00000
-48.28131 -0.00000
-48.28121 -0.00000
-48.26548 -0.00000
-48.24051 -0.00000
-48.22522 -0.00000
-48.21450 -0.00000
-48.21376 -0.00000
-48.21270 -0.00000
-48.20937 -0.00000
-48.20474 -0.00000
-48.17952 -0.00000
-48.14975 -0.00000
-48.14891 -0.00000
-48.14383 -0.00000
-48.12103 -0.00000
-48.11951 -0.00000
-48.11653 -0.00000
-48.11380 -0.00000
-48.10131 -0.00000
-48.09582 -0.00000
-48.08075 -0.00000
-48.05745 -0.00000
-48.05293 -0.00000
-48.04795 -0.00000
-48.04412 -0.00000
-48.02712 -0.00000
-48.02148 -0.00000
-48.00169 -0.00000
-47.99491 -0.00000
-47.99127 -0.00000
-47.99104 -0.00000
-47.98028 -0.00000
-47.98016 -0.00000
-47.97282 -0.00000
-47.93744 -0.00000
-47.93038 -0.00000
-47.90388 -0.00000
-47.89714 -0.00000
-47.88515 -0.00000
-47.88217 -0.00000
-47.87211 -0.00000
-47.86715 -0.00000
-47.85792 -0.00000
-47.85578 -0.00000
-47.84650 -0.00000
-47.84625 -0.00000
-47.83794 -0.00000
-47.83373 -0.00000
-47.81564 -0.00000
-47.78181 -0.00000
-47.76952 -0.00000
-47.76369 -0.00000
-47.73949 -0.00000
-47.73837 -0.00000
-47.73126 -0.00000
-47.73117 -0.00000
-47.72413 -0.00000
-47.70835 -0.00000
-47.70819 -0.00000
-47.69455 -0.00000
-47.66634 -0.00000
-47.66451 -0.00000
-47.66168 -0.00000
-47.64485 -0.00000
-47.64339 -0.00000
-47.63736 -0.00000
-47.63719 -0.00000
-47.62896 -0.00000
-47.62294 -0.00000
-47.61156 -0.00000
-47.61119 -0.00000
-47.58977 -0.00000
-47.58831 -0.00000
-47.58818 -0.00000
-47.56153 -0.00000
-47.56076 -0.00000
-47.55657 -0.00000
-47.54802 -0.00000
-47.52849 -0.00000
-47.51020 -0.00000
-47.50747 -0.00000
-47.49551 -0.00000
-47.48377 -0.00000
-47.47588 -0.00000
-47.47288 -0.00000
-47.46437 -0.00000
-47.45196 -0.00000
-47.44576 -0.00000
-47.41265 -0.00000
-47.40835 -0.00000
-47.40823 -0.00000
-47.40511 -0.00000
-47.39443 -0.00000
-47.37412 -0.00000
-47.37030 -0.00000
-47.37020 -0.00000
-47.35629 -0.00000
-47.34279 -0.00000
-47.33433 -0.00000
-47.29742 -0.00000
-47.29228 -0.00000
-47.27732 -0.00000
-47.27721 -0.00000
-47.27536 -0.00000
-47.27505 -0.00000
-47.26338 -0.00000
-47.25636 -0.00000
-47.25249 -0.00000
-47.22332 -0.00000
-47.21408 -0.00000
-47.21205 -0.00000
-47.20569 -0.00000
-47.19844 -0.00000
-47.18748 -0.00000
-47.17579 -0.00000
-47.15305 -0.00000
-47.13920 -0.00000
-47.13490 -0.00000
-47.11981 -0.00000
-47.04848 -0.00000
-47.04636 -0.00000
-47.01112 -0.00000
-46.99156 -0.00000
-46.98434 -0.00000
-46.96080 -0.00000
-46.94389 -0.00000
-46.93892 -0.00000
-46.92820 -0.00000
-46.89553 -0.00000
-46.86819 -0.00000
-46.85081 -0.00000
-46.85022 -0.00000
-46.84015 -0.00000
-46.82874 -0.00000
-46.81970 -0.00000
-46.81161 -0.00000
-46.80594 -0.00000
-46.80193 -0.00000
-46.77000 -0.00000
-46.76276 -0.00000
-46.74998 -0.00000
-46.74871 -0.00000
-46.74237 -0.00000
-46.74216 -0.00000
-46.72392 -0.00000
-46.70858 -0.00000
-46.68210 -0.00000
-46.66836 -0.00000
-46.66823 -0.00000
-46.66515 -0.00000
-46.66135 -0.00000
-46.66119 -0.00000
-46.63728 -0.00000
-46.63722 -0.00000
-46.61135 -0.00000
-46.61120 -0.00000
-46.60835 -0.00000
-46.59855 -0.00000
-46.57750 -0.00000
-46.56567 -0.00000
-46.54377 -0.00000
-46.52029 -0.00000
-46.52013 -0.00000
-46.51406 -0.00000
-46.50851 -0.00000
-46.50462 -0.00000
-46.49508 -0.00000
-46.47537 -0.00000
-46.47522 -0.00000
-46.46955 -0.00000
-46.45487 -0.00000
-46.44774 -0.00000
-46.44600 -0.00000
-46.43016 -0.00000
-46.42804 -0.00000
-46.41908 -0.00000
-46.41555 -0.00000
-46.39973 -0.00000
-46.38980 -0.00000
-46.38441 -0.00000
-46.38424 -0.00000
-46.38184 -0.00000
-46.36139 -0.00000
-46.36125 -0.00000
-46.34429 -0.00000
-46.34418 -0.00000
-46.33784 -0.00000
-46.32760 -0.00000
-46.32683 -0.00000
-46.31968 -0.00000
-46.31898 -0.00000
-46.31730 -0.00000
-46.31355 -0.00000
-46.30980 -0.00000
-46.28251 -0.00000
-46.25497 -0.00000
-46.24366 -0.00000
-46.23050 -0.00000
-46.23019 -0.00000
-46.21973 -0.00000
-46.20689 -0.00000
-46.19845 -0.00000
-46.18398 -0.00000
-46.16441 -0.00000
-46.14233 -0.00000
-46.14221 -0.00000
-46.13442 -0.00000
-46.13423 -0.00000
-46.11758 -0.00000
-46.10839 -0.00000
-46.10820 -0.00000
-46.09459 -0.00000
-46.08996 -0.00000
-46.08541 -0.00000
-46.05883 -0.00000
-46.05070 -0.00000
-46.02293 -0.00000
-45.96475 -0.00000
-45.95368 -0.00000
-45.94877 -0.00000
-45.94127 -0.00000
-45.94123 -0.00000
-45.92538 -0.00000
-45.92362 -0.00000
-45.91500 -0.00000
-45.91165 -0.00000
-45.90690 -0.00000
-45.89106 -0.00000
-45.88470 -0.00000
-45.87201 -0.00000
-45.86142 -0.00000
-45.84848 -0.00000
-45.81168 -0.00000
-45.78540 -0.00000
-45.75332 -0.00000
-45.75322 -0.00000
-45.73340 -0.00000
-45.71480 -0.00000
-45.70771 -0.00000
-45.62462 -0.00000
-45.60270 -0.00000
-45.59659 -0.00000
-45.59405 -0.00000
-45.58769 -0.00000
-45.58191 -0.00000
-45.56001 -0.00000
-45.51136 -0.00000
-45.48270 -0.00000
-45.47831 -0.00000
-45.46692 -0.00000
-45.45293 -0.00000
-45.39222 -0.00000
-45.38436 -0.00000
-45.38423 -0.00000
-45.37878 -0.00000
-45.33405 -0.00000
-45.33034 -0.00000
-45.31667 -0.00000
-45.31368 -0.00000
-45.30548 -0.00000
-45.29745 -0.00000
-45.23974 -0.00000
-45.23753 -0.00000
-45.23058 -0.00000
-45.19114 -0.00000
-45.16346 -0.00000
-45.15150 -0.00000
-45.14907 -0.00000
-45.14545 -0.00000
-45.11283 -0.00000
-45.08419 -0.00000
-45.07467 -0.00000
-45.04296 -0.00000
-45.02654 -0.00000
-45.01426 -0.00000
-45.01410 -0.00000
-45.00731 -0.00000
-45.00721 -0.00000
-44.99188 -0.00000
-44.95782 -0.00000
-44.93442 -0.00000
-44.90890 -0.00000
-44.90398 -0.00000
-44.88381 -0.00000
-44.87790 -0.00000
-44.86160 -0.00000
-44.85440 -0.00000
-44.84275 -0.00000
-44.83888 -0.00000
-44.79580 -0.00000
-44.79333 -0.00000
-44.78241 -0.00000
-44.78218 -0.00000
-44.75265 -0.00000
-44.74951 -0.00000
-44.74396 -0.00000
-44.73030 -0.00000
-44.73019 -0.00000
-44.70771 -0.00000
-44.68945 -0.00000
-44.60540 -0.00000
-44.59629 -0.00000
-44.59613 -0.00000
-44.58862 -0.00000
-44.58805 -0.00000
-44.58309 -0.00000
-44.57651 -0.00000
-44.53068 -0.00000
-44.51240 -0.00000
-44.50366 -0.00000
-44.47522 -0.00000
-44.44926 -0.00000
-44.44910 -0.00000
-44.43739 -0.00000
-44.43713 -0.00000
-44.35214 -0.00000
-44.28877 -0.00000
-44.28008 -0.00000
-44.27901 -0.00000
-44.26028 -0.00000
-44.26011 -0.00000
-44.19942 -0.00000
-44.18396 -0.00000
-44.17513 -0.00000
-44.08731 -0.00000
-44.08725 -0.00000
-44.06461 -0.00000
-44.02694 -0.00000
-43.99949 -0.00000
-43.97974 -0.00000
-43.97383 -0.00000
-43.88389 -0.00000
-43.87326 -0.00000
-43.87317 -0.00000
-43.86782 -0.00000
-43.84951 -0.00000
-43.81478 -0.00000
-43.80058 -0.00000
-43.74484 -0.00000
-43.71141 -0.00000
-43.70087 -0.00000
-43.68475 -0.00000
-43.68221 -0.00000
-43.61194 -0.00000
-43.58052 -0.00000
-43.57535 -0.00000
-43.56439 -0.00000
-43.50886 -0.00000
-43.49387 -0.00000
-43.43772 -0.00000
-43.42242 -0.00000
-43.42214 -0.00000
-43.41206 -0.00000
-43.41030 -0.00000
-43.41023 -0.00000
-43.40207 -0.00000
-43.37584 -0.00000
-43.29294 -0.00000
-43.23150 -0.00000
-43.22334 -0.00000
-43.21314 -0.00000
-43.20007 -0.00000
-43.12912 -0.00000
-43.12062 -0.00000
-43.11289 -0.00000
-43.04143 -0.00000
-43.03594 -0.00000
-42.99896 -0.00000
-42.98070 -0.00000
-42.96412 -0.00000
-42.88809 -0.00000
-42.84290 -0.00000
-42.81048 -0.00000
-42.79753 -0.00000
-42.75162 -0.00000
-42.74796 -0.00000
-42.23864 -0.00000
-42.16557 -0.00000
-42.09849 -0.00000
-42.09816 -0.00000
-42.08141 -0.00000
-42.06382 -0.00000
-42.04299 -0.00000
-41.93610 -0.00000
-41.92431 -0.00000
-41.92418 -0.00000
-41.92032 -0.00000
-41.91998 -0.00000
-41.90630 -0.00000
-41.90619 -0.00000
-41.90235 -0.00000
-41.90208 -0.00000
-41.84542 -0.00000
-41.84521 -0.00000
-41.75733 -0.00000
-41.75724 -0.00000
-41.74538 -0.00000
-41.74510 -0.00000
-41.73902 -0.00000
-41.72900 -0.00000
-41.70410 -0.00000
-41.67245 -0.00000
-41.33400 -0.00000
-41.25030 -0.00000
-41.25024 -0.00000
-41.21947 -0.00000
-41.20478 -0.00000
-41.14097 -0.00000
-41.13553 -0.00000
-41.12229 -0.00000
-41.12220 -0.00000
-41.06027 -0.00000
-41.06019 -0.00000
-40.98539 -0.00000
-40.98065 -0.00000
-40.58869 -0.00000
-40.43187 -0.00000
-40.32135 -0.00000
-40.20564 -0.00000
-40.16245 -0.00000
-40.11794 -0.00000
-40.09181 -0.00000
-39.98563 -0.00000
-39.95666 -0.00000
-39.79594 -0.00000
-39.67894 -0.00000
-39.66090 -0.00000
-39.62798 -0.00000
-39.53329 -0.00000
-39.53318 -0.00000
-39.50064 -0.00000
-39.39894 -0.00000
-39.35859 -0.00000
-39.33633 -0.00000
-39.33617 -0.00000
-39.27165 -0.00000
-39.22853 -0.00000
-39.19145 -0.00000
-39.06980 -0.00000
-39.05370 -0.00000
-38.95233 -0.00000
-38.95211 -0.00000
-38.90849 -0.00000
-38.84261 -0.00000
-38.81328 -0.00000
-38.81320 -0.00000
-38.76659 -0.00000
-38.57780 -0.00000
-38.52262 -0.00000
-38.41830 -0.00000
-38.40217 -0.00000
-38.37483 -0.00000
-38.34653 -0.00000
-38.32286 -0.00000
-38.25174 -0.00000
-38.21769 -0.00000
-38.21374 -0.00000
-38.13714 -0.00000
-38.09583 -0.00000
-38.09155 -0.00000
-38.01900 -0.00000
-37.95111 -0.00000
-37.92437 -0.00000
-37.89665 -0.00000
-37.87488 -0.00000
-37.84428 -0.00000
-37.81710 -0.00000
-37.79231 -0.00000
-37.75098 -0.00000
-37.72140 -0.00000
-37.71147 -0.00000
-37.70837 -0.00000
-37.69357 -0.00000
-37.68020 -0.00000
-37.66366 -0.00000
-37.65883 -0.00000
-37.58747 -0.00000
-37.56452 -0.00000
-37.53680 -0.00000
-37.52082 -0.00000
-37.50498 -0.00000
-37.43451 -0.00000
-37.43401 -0.00000
-37.40451 -0.00000
-37.37741 -0.00000
-37.36616 -0.00000
-37.26769 -0.00000
-37.20694 -0.00000
-37.19411 -0.00000
-37.18435 -0.00000
-37.10257 -0.00000
-37.09332 -0.00000
-37.09321 -0.00000
-37.09044 -0.00000
-37.06535 -0.00000
-36.99530 -0.00000
-36.99524 -0.00000
-36.92096 -0.00000
-36.90436 -0.00000
-36.88662 -0.00000
-36.86266 -0.00000
-36.83755 -0.00000
-36.83384 -0.00000
-36.76981 -0.00000
-36.76268 -0.00000
-36.74096 -0.00000
-36.72396 -0.00000
-36.65839 -0.00000
-36.65479 -0.00000
-36.63494 -0.00000
-36.62606 -0.00000
-36.61331 -0.00000
-36.61316 -0.00000
-36.58763 -0.00000
-36.57269 -0.00000
-36.56116 -0.00000
-36.55774 -0.00000
-36.55018 -0.00000
-36.49422 -0.00000
-36.46552 -0.00000
-36.46488 -0.00000
-36.42356 -0.00000
-36.39536 -0.00000
-36.34132 -0.00000
-36.34121 -0.00000
-36.31440 -0.00000
-36.31417 -0.00000
-36.30539 -0.00000
-36.30511 -0.00000
-36.30247 -0.00000
-36.29770 -0.00000
-36.27238 -0.00000
-36.27212 -0.00000
-36.24641 -0.00000
-36.23343 -0.00000
-36.22188 -0.00000
-36.17974 -0.00000
-36.16488 -0.00000
-36.14355 -0.00000
-36.12377 -0.00000
-36.10668 -0.00000
-36.10550 -0.00000
-36.07351 -0.00000
-36.04031 -0.00000
-36.04008 -0.00000
-36.03828 -0.00000
-36.02660 -0.00000
-36.01369 -0.00000
-36.01284 -0.00000
-35.97297 -0.00000
-35.96230 -0.00000
-35.95568 -0.00000
-35.93658 -0.00000
-35.92905 -0.00000
-35.86628 -0.00000
-35.86622 -0.00000
-35.84194 -0.00000
-35.83832 -0.00000
-35.83794 -0.00000
-35.81187 -0.00000
-35.81053 -0.00000
-35.79296 -0.00000
-35.78598 -0.00000
-35.71666 -0.00000
-35.70386 -0.00000
-35.68415 -0.00000
-35.67751 -0.00000
-35.67300 -0.00000
-35.61593 -0.00000
-35.59801 -0.00000
-35.58566 -0.00000
-35.56292 -0.00000
-35.53827 -0.00000
-35.53818 -0.00000
-35.52593 -0.00000
-35.51516 -0.00000
-35.50488 -0.00000
-35.50136 -0.00000
-35.50115 -0.00000
-35.48660 -0.00000
-35.48450 -0.00000
-35.47992 -0.00000
-35.46768 -0.00000
-35.45413 -0.00000
-35.42611 -0.00000
-35.36728 -0.00000
-35.36718 -0.00000
-35.34636 -0.00000
-35.34585 -0.00000
-35.33630 -0.00000
-35.29733 -0.00000
-35.29640 -0.00000
-35.26646 -0.00000
-35.25311 -0.00000
-35.25061 -0.00000
-35.24531 -0.00000
-35.24517 -0.00000
-35.24147 -0.00000
-35.19583 -0.00000
-35.17347 -0.00000
-35.13932 -0.00000
-35.13921 -0.00000
-35.12637 -0.00000
-35.09171 -0.00000
-35.08572 -0.00000
-35.05514 -0.00000
-35.03330 -0.00000
-35.03318 -0.00000
-35.02330 -0.00000
-35.01967 -0.00000
-34.97946 -0.00000
-34.96381 -0.00000
-34.95589 -0.00000
-34.94910 -0.00000
-34.94074 -0.00000
-34.91282 -0.00000
-34.90828 -0.00000
-34.88031 -0.00000
-34.88021 -0.00000
-34.86491 -0.00000
-34.83241 -0.00000
-34.82131 -0.00000
-34.82119 -0.00000
-34.80496 -0.00000
-34.74051 -0.00000
-34.72480 -0.00000
-34.71807 -0.00000
-34.70639 -0.00000
-34.70520 -0.00000
-34.69587 -0.00000
-34.67835 -0.00000
-34.65777 -0.00000
-34.64265 -0.00000
-34.63328 -0.00000
-34.63317 -0.00000
-34.63195 -0.00000
-34.57680 -0.00000
-34.56894 -0.00000
-34.55650 -0.00000
-34.55621 -0.00000
-34.54837 -0.00000
-34.53696 -0.00000
-34.48798 -0.00000
-34.47860 -0.00000
-34.47061 -0.00000
-34.45656 -0.00000
-34.44229 -0.00000
-34.44221 -0.00000
-34.43096 -0.00000
-34.41869 -0.00000
-34.40856 -0.00000
-34.39985 -0.00000
-34.38264 -0.00000
-34.37766 -0.00000
-34.35899 -0.00000
-34.34618 -0.00000
-34.33932 -0.00000
-34.33919 -0.00000
-34.33628 -0.00000
-34.32118 -0.00000
-34.30892 -0.00000
-34.29802 -0.00000
-34.29531 -0.00000
-34.27231 -0.00000
-34.27197 -0.00000
-34.27078 -0.00000
-34.26456 -0.00000
-34.24631 -0.00000
-34.24623 -0.00000
-34.22887 -0.00000
-34.19752 -0.00000
-34.19659 -0.00000
-34.19620 -0.00000
-34.18412 -0.00000
-34.16956 -0.00000
-34.15940 -0.00000
-34.15922 -0.00000
-34.14035 -0.00000
-34.14024 -0.00000
-34.13843 -0.00000
-34.13479 -0.00000
-34.12931 -0.00000
-34.12917 -0.00000
-34.08775 -0.00000
-34.07795 -0.00000
-34.06176 -0.00000
-34.05853 -0.00000
-34.05553 -0.00000
-34.03777 -0.00000
-34.02576 -0.00000
-33.98071 -0.00000
-33.97446 -0.00000
-33.96841 -0.00000
-33.96456 -0.00000
-33.95887 -0.00000
-33.95483 -0.00000
-33.94688 -0.00000
-33.94042 -0.00000
-33.92630 -0.00000
-33.92625 -0.00000
-33.90024 -0.00000
-33.89339 -0.00000
-33.89318 -0.00000
-33.88214 -0.00000
-33.87332 -0.00000
-33.85771 -0.00000
-33.85292 -0.00000
-33.85171 -0.00000
-33.83014 -0.00000
-33.81548 -0.00000
-33.81056 -0.00000
-33.78063 -0.00000
-33.74881 -0.00000
-33.74479 -0.00000
-33.71790 -0.00000
-33.71429 -0.00000
-33.71421 -0.00000
-33.69931 -0.00000
-33.69918 -0.00000
-33.69526 -0.00000
-33.69503 -0.00000
-33.69313 -0.00000
-33.66109 -0.00000
-33.65629 -0.00000
-33.63334 -0.00000
-33.63308 -0.00000
-33.61337 -0.00000
-33.58861 -0.00000
-33.58052 -0.00000
-33.55375 -0.00000
-33.55035 -0.00000
-33.54127 -0.00000
-33.51828 -0.00000
-33.51815 -0.00000
-33.49545 -0.00000
-33.49486 -0.00000
-33.49152 -0.00000
-33.43163 -0.00000
-33.37250 -0.00000
-33.36951 -0.00000
-33.36576 -0.00000
-33.36012 -0.00000
-33.34565 -0.00000
-33.28653 -0.00000
-33.28085 -0.00000
-33.27377 -0.00000
-33.25735 -0.00000
-33.25715 -0.00000
-33.25534 -0.00000
-33.24578 -0.00000
-33.23050 -0.00000
-33.22798 -0.00000
-33.19464 -0.00000
-33.15535 -0.00000
-33.14780 -0.00000
-33.12628 -0.00000
-33.12625 -0.00000
-33.11236 -0.00000
-33.07684 -0.00000
-33.07275 -0.00000
-33.06054 -0.00000
-33.05888 -0.00000
-33.05607 -0.00000
-33.05399 -0.00000
-33.02776 -0.00000
-33.02412 -0.00000
-33.00548 -0.00000
-32.99528 -0.00000
-32.99511 -0.00000
-32.97454 -0.00000
-32.95441 -0.00000
-32.94136 -0.00000
-32.94116 -0.00000
-32.92697 -0.00000
-32.91134 -0.00000
-32.87336 -0.00000
-32.87324 -0.00000
-32.86653 -0.00000
-32.85904 -0.00000
-32.85209 -0.00000
-32.82912 -0.00000
-32.81591 -0.00000
-32.78419 -0.00000
-32.76226 -0.00000
-32.76224 -0.00000
-32.74503 -0.00000
-32.74035 -0.00000
-32.73200 -0.00000
-32.72078 -0.00000
-32.70490 -0.00000
-32.70258 -0.00000
-32.69534 -0.00000
-32.67253 -0.00000
-32.66899 -0.00000
-32.64165 -0.00000
-32.63210 -0.00000
-32.60338 -0.00000
-32.58300 -0.00000
-32.57766 -0.00000
-32.56033 -0.00000
-32.56020 -0.00000
-32.51155 -0.00000
-32.51098 -0.00000
-32.49588 -0.00000
-32.48755 -0.00000
-32.48606 -0.00000
-32.45994 -0.00000
-32.44709 -0.00000
-32.43881 -0.00000
-32.39804 -0.00000
-32.37959 -0.00000
-32.35848 -0.00000
-32.35752 -0.00000
-32.34935 -0.00000
-32.34192 -0.00000
-32.33755 -0.00000
-32.32459 -0.00000
-32.29438 -0.00000
-32.29422 -0.00000
-32.26842 -0.00000
-32.26574 -0.00000
-32.26073 -0.00000
-32.25645 -0.00000
-32.25602 -0.00000
-32.25494 -0.00000
-32.23291 -0.00000
-32.21992 -0.00000
-32.19910 -0.00000
-32.16856 -0.00000
-32.15760 -0.00000
-32.13445 -0.00000
-32.12531 -0.00000
-32.12520 -0.00000
-32.11605 -0.00000
-32.07864 -0.00000
-32.07714 -0.00000
-32.07618 -0.00000
-32.06744 -0.00000
-32.06693 -0.00000
-32.03252 -0.00000
-32.01895 -0.00000
-31.99941 -0.00000
-31.97859 -0.00000
-31.97385 -0.00000
-31.97134 -0.00000
-31.97070 -0.00000
-31.96856 -0.00000
-31.95637 -0.00000
-31.94849 -0.00000
-31.93566 -0.00000
-31.93145 -0.00000
-31.92040 -0.00000
-31.89557 -0.00000
-31.88431 -0.00000
-31.88416 -0.00000
-31.87682 -0.00000
-31.86731 -0.00000
-31.86715 -0.00000
-31.84235 -0.00000
-31.83252 -0.00000
-31.80167 -0.00000
-31.77897 -0.00000
-31.75374 -0.00000
-31.74255 -0.00000
-31.73008 -0.00000
-31.68050 -0.00000
-31.66505 -0.00000
-31.65554 -0.00000
-31.64330 -0.00000
-31.64317 -0.00000
-31.62755 -0.00000
-31.61930 -0.00000
-31.61918 -0.00000
-31.61250 -0.00000
-31.60795 -0.00000
-31.60294 -0.00000
-31.59849 -0.00000
-31.55558 -0.00000
-31.51734 -0.00000
-31.49751 -0.00000
-31.49432 -0.00000
-31.47472 -0.00000
-31.45553 -0.00000
-31.43869 -0.00000
-31.43449 -0.00000
-31.41196 -0.00000
-31.39954 -0.00000
-31.39643 -0.00000
-31.36099 -0.00000
-31.33830 -0.00000
-31.33800 -0.00000
-31.32311 -0.00000
-31.30685 -0.00000
-31.29618 -0.00000
-31.28003 -0.00000
-31.25611 -0.00000
-31.25294 -0.00000
-31.19072 -0.00000
-31.18844 -0.00000
-31.17947 -0.00000
-31.12011 -0.00000
-31.06506 -0.00000
-31.02841 -0.00000
-31.01132 -0.00000
-31.01116 -0.00000
-31.00730 -0.00000
-30.98000 -0.00000
-30.97092 -0.00000
-30.95046 -0.00000
-30.86815 -0.00000
-30.83974 -0.00000
-30.79159 -0.00000
-30.75149 -0.00000
-30.74003 -0.00000
-30.73732 -0.00000
-30.73721 -0.00000
-30.72532 -0.00000
-30.64457 -0.00000
-30.64204 -0.00000
-30.56177 -0.00000
-30.53428 -0.00000
-30.53417 -0.00000
-30.51518 -0.00000
-30.44550 -0.00000
-30.44110 -0.00000
-30.41637 -0.00000
-30.35991 -0.00000
-30.35643 -0.00000
-30.33763 -0.00000
-30.33302 -0.00000
-30.27790 -0.00000
-30.26408 -0.00000
-30.22974 -0.00000
-30.22432 -0.00000
-30.22385 -0.00000
-30.20769 -0.00000
-30.17943 -0.00000
-30.17924 -0.00000
-30.12060 -0.00000
-30.11934 -0.00000
-30.11921 -0.00000
-30.10877 -0.00000
-30.10608 -0.00000
-30.05586 -0.00000
-30.05234 -0.00000
-30.03974 -0.00000
-30.03366 -0.00000
-30.00959 -0.00000
-29.99541 -0.00000
-29.98164 -0.00000
-29.96043 -0.00000
-29.95038 -0.00000
-29.95019 -0.00000
-29.90880 -0.00000
-29.90611 -0.00000
-29.90397 -0.00000
-29.83957 -0.00000
-29.83713 -0.00000
-29.83622 -0.00000
-29.79159 -0.00000
-29.77033 -0.00000
-29.72350 -0.00000
-29.70707 -0.00000
-29.70372 -0.00000
-29.66155 -0.00000
-29.64691 -0.00000
-29.63886 -0.00000
-29.62258 -0.00000
-29.60590 -0.00000
-29.58667 -0.00000
-29.57682 -0.00000
-29.55731 -0.00000
-29.55713 -0.00000
-29.46448 -0.00000
-29.44676 -0.00000
-29.41682 -0.00000
-29.38102 -0.00000
-29.36080 -0.00000
-29.28981 -0.00000
-29.26629 -0.00000
-29.24818 -0.00000
-29.18487 -0.00000
-29.18141 -0.00000
-29.16042 -0.00000
-29.15104 -0.00000
-29.05382 -0.00000
-29.04083 -0.00000
-28.96003 -0.00000
-28.94909 -0.00000
-28.94186 -0.00000
-28.87687 -0.00000
-28.83401 -0.00000
-28.70690 -0.00000
-28.67465 -0.00000
-28.64945 -0.00000
-28.63892 -0.00000
-28.56650 -0.00000
-28.54779 -0.00000
-28.53710 -0.00000
-28.53567 -0.00000
-28.48252 -0.00000
-28.48187 -0.00000
-28.31713 -0.00000
-28.30238 -0.00000
-28.30221 -0.00000
-28.28472 -0.00000
-28.24143 -0.00000
-28.24124 -0.00000
-28.21209 -0.00000
-28.16448 -0.00000
-28.14274 -0.00000
-28.08284 -0.00000
-28.07706 -0.00000
-28.07180 -0.00000
-28.01611 -0.00000
-28.01294 -0.00000
-27.83729 -0.00000
-27.83725 -0.00000
-27.77989 -0.00000
-27.67437 -0.00000
-27.63921 -0.00000
-27.62038 -0.00000
-27.57321 -0.00000
-27.56313 -0.00000
-27.55474 -0.00000
-27.46753 -0.00000
-27.43648 -0.00000
-27.43617 -0.00000
-27.43306 -0.00000
-27.41406 -0.00000
-27.38352 -0.00000
-27.36454 -0.00000
-27.32786 -0.00000
-27.31455 -0.00000
-27.26301 -0.00000
-27.26067 -0.00000
-27.21652 -0.00000
-27.19831 -0.00000
-27.19819 -0.00000
-26.98152 -0.00000
-26.97506 -0.00000
-26.90945 -0.00000
-26.87130 -0.00000
-26.87119 -0.00000
-26.78889 -0.00000
-26.74055 -0.00000
-26.55095 -0.00000
-26.54802 -0.00000
-26.49531 -0.00000
-26.45932 -0.00000
-26.38903 -0.00000
-26.38533 -0.00000
-26.38520 -0.00000
-26.38095 -0.00000
-26.37438 -0.00000
-26.28550 -0.00000
-26.26438 -0.00000
-26.16073 -0.00000
-26.07514 -0.00000
-26.07083 -0.00000
-26.03136 -0.00000
-26.03119 -0.00000
-26.01774 -0.00000
-25.97090 -0.00000
-25.87161 -0.00000
-25.80591 -0.00000
-25.67129 -0.00000
-25.67125 -0.00000
-25.60722 -0.00000
-25.56765 -0.00000
-25.51242 -0.00000
-25.51216 -0.00000
-25.50103 -0.00000
-25.44778 -0.00000
-25.30605 -0.00000
-25.24271 -0.00000
-25.21479 -0.00000
-25.15010 -0.00000
-25.12545 -0.00000
-25.07129 -0.00000
-25.07122 -0.00000
-25.04545 -0.00000
-24.99210 -0.00000
-24.97996 -0.00000
-24.94767 -0.00000
-24.86453 -0.00000
-24.84659 -0.00000
-24.82037 -0.00000
-24.76974 -0.00000
-24.76608 -0.00000
-24.75451 -0.00000
-24.72713 -0.00000
-24.71097 -0.00000
-24.66233 -0.00000
-24.66220 -0.00000
-24.64669 -0.00000
-24.63868 -0.00000
-24.62550 -0.00000
-24.62130 -0.00000
-24.62119 -0.00000
-24.61111 -0.00000
-24.60128 -0.00000
-24.60118 -0.00000
-24.56606 -0.00000
-24.55250 -0.00000
-24.40444 -0.00000
-24.32952 -0.00000
-24.29826 -0.00000
-24.29816 -0.00000
-24.14326 -0.00000
-24.14318 -0.00000
-24.03600 -0.00000
-23.99723 -0.00000
-23.94009 -0.00000
-23.92170 -0.00000
-23.88478 -0.00000
-23.87907 -0.00000
-23.86891 -0.00000
-23.83371 -0.00000
-23.81680 -0.00000
-23.78272 -0.00000
-23.77133 -0.00000
-23.77118 -0.00000
-23.67528 -0.00000
-23.67520 -0.00000
-23.65733 -0.00000
-23.62965 -0.00000
-23.56995 -0.00000
-23.56648 -0.00001
-23.50588 -0.00000
-23.47129 -0.00000
-23.47110 -0.00000
-23.45709 -0.00000
-23.39970 -0.00000
-23.36433 -0.00000
-23.36417 -0.00000
-23.34153 -0.00000
-23.29687 -0.00000
-23.26973 -0.00000
-23.25837 -0.00000
-23.25825 -0.00000
-23.23979 -0.00000
-23.18643 -0.00000
-23.17785 -0.00000
-23.16362 -0.00000
-23.16043 -0.00000
-23.05684 -0.00000
-23.04286 -0.00000
-22.94805 -0.00000
-22.93407 -0.00000
-22.90898 -0.00000
-22.85353 -0.00000
-22.74702 -0.00000
-22.74358 -0.00000
-22.62123 -0.00000
-22.58956 -0.00000
-22.57183 -0.00000
-22.52004 -0.00000
-22.51487 -0.00000
-22.46540 -0.00000
-22.41515 -0.00000
-22.41229 -0.00000
-22.41207 -0.00000
-22.41052 -0.00000
-22.39407 -0.00000
-22.35969 -0.00000
-22.34782 -0.00000
-22.24414 -0.00000
-22.18671 -0.00000
-22.15335 -0.00000
-22.09815 -0.00000
-22.08007 -0.00000
-21.85568 -0.00000
-21.85026 -0.00000
-21.77600 -0.00000
-21.77406 -0.00000
-21.75696 -0.00000
-21.74457 -0.00000
-21.69386 -0.00000
-21.64188 -0.00000
-21.62740 -0.00000
-21.62082 -0.00000
-21.58663 -0.00000
-21.53916 -0.00000
-21.52455 -0.00000
-21.52307 -0.00000
-21.51869 -0.00000
-21.51814 -0.00000
-21.43236 -0.00000
-21.32571 -0.00000
-21.31991 -0.00000
-21.28834 -0.00000
-21.25617 -0.00000
-21.18176 -0.00000
-21.16826 -0.00000
-21.03672 -0.00000
-21.00374 -0.00000
-20.98618 -0.00000
-20.97346 -0.00000
-20.92989 -0.00000
-20.92066 -0.00000
-20.88297 -0.00000
-20.81312 -0.00000
-20.80457 -0.00000
-20.79725 -0.00000
-20.79718 -0.00000
-20.79463 -0.00000
-20.69773 -0.00000
-20.68903 -0.00000
-20.67406 -0.00000
-20.60546 -0.00000
-20.53695 -0.00000
-20.49850 -0.00000
-20.44778 -0.00000
-20.34150 -0.00000
-20.26584 -0.00000
-20.25270 -0.00000
-20.20944 -0.00000
-20.15979 -0.00000
-20.14627 -0.00000
-20.14614 -0.00000
-19.99282 -0.00000
-19.90217 -0.00000
-19.89762 -0.00000
-19.83445 -0.00000
-19.76221 -0.00000
-19.58511 -0.00000
-19.55901 -0.00000
-19.48826 -0.00000
-19.48825 -0.00000
-19.46369 -0.00000
-19.38079 -0.00000
-19.37377 -0.00000
-19.32175 -0.00000
-19.25980 -0.00000
-19.22412 -0.00000
-19.18087 -0.00000
-19.07328 -0.00000
-19.07318 -0.00000
-19.06970 -0.00000
-19.04129 -0.00000
-18.93440 -0.00000
-18.86399 -0.00000
-18.80667 -0.00000
-18.75657 -0.00000
-18.74260 -0.00000
-18.65310 -0.00000
-18.63539 -0.00000
-18.57612 -0.00000
-18.54667 -0.00000
-18.53814 -0.00000
-18.42999 -0.00000
-18.41018 -0.00000
-18.37725 -0.00000
-18.37715 -0.00000
-18.29686 -0.00000
-18.17811 -0.00000
-18.17571 -0.00000
-18.07588 -0.01185
-17.98589 -0.00000
-17.97941 -0.00000
-17.97923 -0.00000
-17.90647 -0.00000
-17.81908 -0.00000
-17.63627 -0.00000
-17.63605 -0.00000
-17.62583 -0.00000
-17.18495 -0.00000
-17.16060 -0.00000
-17.08390 -0.00000
-17.07712 -0.00000
-16.96290 -0.00000
-16.86410 -0.00000
-16.68239 -0.00000
-16.60735 -0.00000
-16.57148 -0.00000
-16.55735 -0.00000
-16.43912 -0.00000
-16.41528 -0.00000
-16.41521 -0.00000
-16.33130 -0.00000
-16.33113 -0.00000
-16.30488 -0.02322
-16.24128 -0.00000
-16.23952 -0.00000
-16.15868 -0.00000
-16.13316 -0.00000
-16.11748 -0.00000
-16.02600 -0.00000
-15.98327 -0.00000
-15.98318 -0.00000
-15.91803 -0.00000
-15.84981 -0.00000
-15.74181 -0.00000
-15.72530 -0.00000
-15.66918 -0.00000
-15.49471 -0.04293
-15.46329 -0.00000
-15.26804 -0.00000
-15.19153 -0.00000
-14.94760 -0.00000
-14.83955 -0.00000
-14.74410 -0.05847
-14.56376 -0.00000
-14.54639 -0.00000
-14.47000 -0.00000
-14.43846 -0.00000
-14.41205 -0.00000
-14.36231 -0.00000
-14.36217 -0.00000
-14.19966 -0.00288
-14.10464 -0.00000
-14.04154 -0.00000
-14.02260 -0.00000
-13.91467 -0.00000
-13.81785 -0.00000
-13.76615 -0.01178
-13.62129 -0.00000
-13.62123 -0.00000
-13.43122 -0.05184
-13.35688 -0.00006
-13.27665 -0.32896
-13.22959 -0.00000
-13.01366 -0.01376
-12.99778 -0.00001
-12.61729 -0.00000
-12.61712 -0.00000
-12.50383 -0.00027
-12.38519 -0.02795
-12.38269 -0.00000
-12.32708 -0.00000
-12.27612 -0.00000
-12.18649 -0.00000
-12.16828 -0.00000
-12.16821 -0.00000
-12.02610 -0.00269
-11.94247 -0.00000
-11.92627 -0.00000
-11.92624 -0.00001
-11.84842 -0.00000
-11.84327 -0.00000
-11.84312 -0.00000
-11.83265 -0.46183
-11.40234 -0.00000
-11.40217 -0.00000
-11.22077 -0.00000
-11.11287 -0.00000
-11.07108 -0.13264
-10.76452 -0.00000
-10.62221 -0.00073
-10.44671 -0.00000
-10.32452 -0.00264
-10.23266 -0.56848
-10.12479 -0.00000
-9.65628 -0.00000
-9.65598 -0.00000
-8.77044 -0.46758
-8.60048 -0.00000
-8.60020 -0.00000
-8.02453 -0.00000
-7.82788 -0.11619
-7.43623 -0.53052
-6.53367 -0.09032
-6.13288 -0.84512
-6.05506 -0.00000
-5.60880 -0.37374
-3.86260 -0.22932
-2.80685 -0.60416
