-104.14523 0.00000
-103.14670 0.00000
-79.36716 0.00000
-79.30025 0.00000
-78.54027 0.00000
-78.47628 0.00000
-78.26920 0.00000
-77.72181 0.00000
-77.58659 0.00000
-76.93750 0.00000
-76.92561 0.00000
-76.89023 0.00000
-76.76187 0.00000
-76.68156 0.00000
-76.32554 0.00000
-76.24936 0.00000
-76.20706 0.00000
-76.15799 0.00000
-75.99167 0.00000
-75.81661 0.00000
-75.81636 0.00000
-75.79660 0.00000
-75.79636 0.00000
-75.71056 0.00000
-75.69849 0.00000
-75.63763 0.00000
-75.55339 0.00000
-75.44547 0.00000
-75.44536 0.00000
-75.44180 0.00000
-75.43372 0.00000
-75.38673 0.00000
-75.27299 0.00000
-74.92520 0.00000
-74.79586 0.00000
-74.77130 0.00000
-74.69421 0.00000
-74.56644 0.00000
-74.56625 0.00000
-74.56155 0.00000
-74.55767 0.00000
-74.45371 0.00000
-74.43703 0.00000
-74.43211 0.00000
-74.32010 0.00000
-74.26199 0.00000
-74.25880 0.00000
-74.20665 0.00000
-74.14950 0.00000
-74.05491 0.00000
-73.63358 0.00000
-73.53638 0.00000
-73.47581 0.00000
-73.44788 0.00000
-73.32419 0.00000
-73.29240 0.00000
-73.29227 0.00000
-73.25594 0.00000
-72.63856 0.00000
-72.61080 0.00000
-72.50298 0.00000
-72.47900 0.00000
-72.34467 0.00000
-72.34415 0.00000
-72.34061 0.00000
-72.18979 0.00000
-72.11224 0.00000
-72.03562 0.00000
-71.95667 0.00000
-71.85090 0.00000
-71.75787 0.00000
-71.57586 0.00000
-71.41766 0.00000
-71.27062 0.00000
-71.03922 0.00000
-70.90431 0.00000
-70.75931 0.00000
-70.74616 0.00000
-70.72552 0.00000
-70.62587 0.00000
-70.57708 0.00000
-70.51619 0.00000
-70.47308 0.00000
-70.24094 0.00000
-69.81770 0.00000
-69.55466 0.00000
-69.49812 0.00000
-69.34274 0.00000
-69.26508 0.00000
-69.12550 0.00000
-69.10841 0.00000
-69.10834 0.00000
-68.86066 0.00000
-67.90054 0.00000
-67.90038 0.00000
-67.81998 0.00000
-67.68769 0.00000
-67.66801 0.00000
-67.62492 0.00000
-67.39168 0.00000
-66.35010 0.00000
-66.21568 0.00000
-66.20393 0.00000
-65.96406 0.00000
-64.72652 0.00000
-64.48822 0.00000
-60.84331 0.00000
-60.69189 0.00000
-60.14555 0.00000
-59.97262 0.00000
-59.82692 0.00000
-59.76836 0.00000
-59.20248 0.00000
-59.11483 0.00000
-59.09704 0.00000
-59.08184 0.00000
-58.94713 0.00000
-58.88710 0.00000
-58.84596 0.00000
-58.64375 0.00000
-58.59319 0.00000
-58.40450 0.00000
-58.32517 0.00000
-58.31007 0.00000
-58.28056 0.00000
-58.24494 0.00000
-58.20080 0.00000
-58.15421 0.00000
-58.13122 0.00000
-58.10502 0.00000
-58.01894 0.00000
-57.97922 0.00000
-57.97795 0.00000
-57.92717 0.00000
-57.91254 0.00000
-57.88827 0.00000
-57.78422 0.00000
-57.72389 0.00000
-57.69841 0.00000
-57.69838 0.00000
-57.67997 0.00000
-57.53383 0.00000
-57.47419 0.00000
-57.45546 0.00000
-57.45536 0.00000
-57.42380 0.00000
-57.36966 0.00000
-57.32940 0.00000
-57.32806 0.00000
-57.27312 0.00000
-57.27077 0.00000
-57.24763 0.00000
-57.21314 0.00000
-57.19814 0.00000
-57.19311 0.00000
-57.17482 0.00000
-57.14320 0.00000
-57.14079 0.00000
-57.12804 0.00000
-57.11880 0.00000
-57.09668 0.00000
-57.06576 0.00000
-57.03592 0.00000
-56.99413 0.00000
-56.95521 0.00000
-56.93076 0.00000
-56.90226 0.00000
-56.89741 0.00000
-56.89732 0.00000
-56.89087 0.00000
-56.87271 0.00000
-56.85480 0.00000
-56.84931 0.00000
-56.83724 0.00000
-56.81263 0.00000
-56.78129 0.00000
-56.77533 0.00000
-56.75335 0.00000
-56.71789 0.00000
-56.69718 0.00000
-56.67099 0.00000
-56.66643 0.00000
-56.63051 0.00000
-56.61562 0.00000
-56.61161 0.00000
-56.59192 0.00000
-56.55822 0.00000
-56.54492 0.00000
-56.53086 0.00000
-56.44256 0.00000
-56.42141 0.00000
-56.41613 0.00000
-56.38716 0.00000
-56.38302 0.00000
-56.37727 0.00000
-56.35434 0.00000
-56.30404 0.00000
-56.28423 0.00000
-56.26074 0.00000
-56.25750 0.00000
-56.25055 0.00000
-56.19020 0.00000
-56.18731 0.00000
-56.16333 0.00000
-56.10991 0.00000
-56.10882 0.00000
-56.04487 0.00000
-56.04040 0.00000
-56.02060 0.00000
-56.01506 0.00000
-56.00850 0.00000
-55.99825 0.00000
-55.98981 0.00000
-55.97662 0.00000
-55.93672 0.00000
-55.92921 0.00000
-55.92284 0.00000
-55.81863 0.00000
-55.81408 0.00000
-55.81059 0.00000
-55.80798 0.00000
-55.80439 0.00000
-55.76502 0.00000
-55.74946 0.00000
-55.74931 0.00000
-55.74825 0.00000
-55.74297 0.00000
-55.73700 0.00000
-55.72279 0.00000
-55.71056 0.00000
-55.70914 0.00000
-55.69195 0.00000
-55.69040 0.00000
-55.69026 0.00000
-55.67266 0.00000
-55.66847 0.00000
-55.62941 0.00000
-55.62346 0.00000
-55.61873 0.00000
-55.61679 0.00000
-55.60778 0.00000
-55.59562 0.00000
-55.59350 0.00000
-55.58953 0.00000
-55.54702 0.00000
-55.51764 0.00000
-55.50755 0.00000
-55.49874 0.00000
-55.49339 0.00000
-55.49090 0.00000
-55.48001 0.00000
-55.43256 0.00000
-55.42810 0.00000
-55.41430 0.00000
-55.39023 0.00000
-55.38330 0.00000
-55.37879 0.00000
-55.36484 0.00000
-55.36175 0.00000
-55.35913 0.00000
-55.30560 0.00000
-55.29387 0.00000
-55.27983 0.00000
-55.26457 0.00000
-55.25740 0.00000
-55.25731 0.00000
-55.22383 0.00000
-55.22335 0.00000
-55.19356 0.00000
-55.18969 0.00000
-55.18119 0.00000
-55.17932 0.00000
-55.16354 0.00000
-55.15742 0.00000
-55.14883 0.00000
-55.14743 0.00000
-55.13744 0.00000
-55.13737 0.00000
-55.09961 0.00000
-55.06663 0.00000
-55.03793 0.00000
-55.01684 0.00000
-55.01397 0.00000
-55.00481 0.00000
-54.96305 0.00000
-54.95887 0.00000
-54.95013 0.00000
-54.92678 0.00000
-54.92515 0.00000
-54.91120 0.00000
-54.90301 0.00000
-54.88917 0.00000
-54.88281 0.00000
-54.87927 0.00000
-54.86910 0.00000
-54.86743 0.00000
-54.86737 0.00000
-54.84811 0.00000
-54.82374 0.00000
-54.81622 0.00000
-54.76714 0.00000
-54.75513 0.00000
-54.75166 0.00000
-54.74980 0.00000
-54.74279 0.00000
-54.73278 0.00000
-54.73084 0.00000
-54.72975 0.00000
-54.71894 0.00000
-54.70612 0.00000
-54.66254 0.00000
-54.63104 0.00000
-54.63004 0.00000
-54.61544 0.00000
-54.61441 0.00000
-54.61424 0.00000
-54.60855 0.00000
-54.59983 0.00000
-54.59513 0.00000
-54.58649 0.00000
-54.56251 0.00000
-54.55903 0.00000
-54.55628 0.00000
-54.54763 0.00000
-54.52845 0.00000
-54.52836 0.00000
-54.52574 0.00000
-54.51484 0.00000
-54.50717 0.00000
-54.49767 0.00000
-54.49681 0.00000
-54.49600 0.00000
-54.49347 0.00000
-54.47248 0.00000
-54.45971 0.00000
-54.43227 0.00000
-54.39758 0.00000
-54.38815 0.00000
-54.37149 0.00000
-54.37133 0.00000
-54.36348 0.00000
-54.36330 0.00000
-54.34985 0.00000
-54.33345 0.00000
-54.33335 0.00000
-54.32010 0.00000
-54.29878 0.00000
-54.29785 0.00000
-54.28614 0.00000
-54.27362 0.00000
-54.26389 0.00000
-54.24685 0.00000
-54.24133 0.00000
-54.23898 0.00000
-54.22819 0.00000
-54.22079 0.00000
-54.16750 0.00000
-54.16576 0.00000
-54.14279 0.00000
-54.14134 0.00000
-54.13458 0.00000
-54.13123 0.00000
-54.08943 0.00000
-54.08934 0.00000
-54.08471 0.00000
-54.08323 0.00000
-54.06210 0.00000
-54.05536 0.00000
-54.04762 0.00000
-54.03129 0.00000
-54.01577 0.00000
-53.97937 0.00000
-53.97613 0.00000
-53.97514 0.00000
-53.95822 0.00000
-53.95066 0.00000
-53.92563 0.00000
-53.91765 0.00000
-53.89931 0.00000
-53.86494 0.00000
-53.85318 0.00000
-53.85023 0.00000
-53.83049 0.00000
-53.81802 0.00000
-53.80930 0.00000
-53.78944 0.00000
-53.78937 0.00000
-53.78046 0.00000
-53.76498 0.00000
-53.73459 0.00000
-53.72947 0.00000
-53.72296 0.00000
-53.72009 0.00000
-53.71685 0.00000
-53.67996 0.00000
-53.67778 0.00000
-53.67308 0.00000
-53.66917 0.00000
-53.65752 0.00000
-53.64459 0.00000
-53.63977 0.00000
-53.63504 0.00000
-53.60142 0.00000
-53.60120 0.00000
-53.59646 0.00000
-53.57048 0.00000
-53.53207 0.00000
-53.51179 0.00000
-53.50154 0.00000
-53.49861 0.00000
-53.46608 0.00000
-53.46183 0.00000
-53.43623 0.00000
-53.41885 0.00000
-53.41561 0.00000
-53.41526 0.00000
-53.38993 0.00000
-53.38345 0.00000
-53.34658 0.00000
-53.33441 0.00000
-53.32767 0.00000
-53.32739 0.00000
-53.31900 0.00000
-53.31233 0.00000
-53.30539 0.00000
-53.29960 0.00000
-53.29163 0.00000
-53.28540 0.00000
-53.28535 0.00000
-53.28362 0.00000
-53.25843 0.00000
-53.25836 0.00000
-53.25541 0.00000
-53.24591 0.00000
-53.20371 0.00000
-53.16550 0.00000
-53.16533 0.00000
-53.14148 0.00000
-53.14009 0.00000
-53.13102 0.00000
-53.09407 0.00000
-53.08944 0.00000
-53.08355 0.00000
-53.08316 0.00000
-53.08148 0.00000
-53.08136 0.00000
-53.07017 0.00000
-53.05119 0.00000
-53.04622 0.00000
-53.04346 0.00000
-53.04336 0.00000
-53.02485 0.00000
-53.01561 0.00000
-52.99334 0.00000
-52.98991 0.00000
-52.98825 0.00000
-52.96802 0.00000
-52.95065 0.00000
-52.95032 0.00000
-52.92723 0.00000
-52.91322 0.00000
-52.91034 0.00000
-52.90087 0.00000
-52.88644 0.00000
-52.88629 0.00000
-52.87107 0.00000
-52.86291 0.00000
-52.84663 0.00000
-52.84427 0.00000
-52.83742 0.00000
-52.83734 0.00000
-52.82114 0.00000
-52.80243 0.00000
-52.80238 0.00000
-52.80125 0.00000
-52.78959 0.00000
-52.77615 0.00000
-52.77054 0.00000
-52.75381 0.00000
-52.75246 0.00000
-52.75234 0.00000
-52.73461 0.00000
-52.72134 0.00000
-52.70750 0.00000
-52.70721 0.00000
-52.69702 0.00000
-52.69184 0.00000
-52.68864 0.00000
-52.67081 0.00000
-52.65449 0.00000
-52.64598 0.00000
-52.63559 0.00000
-52.63112 0.00000
-52.62030 0.00000
-52.61455 0.00000
-52.59173 0.00000
-52.58517 0.00000
-52.58195 0.00000
-52.55399 0.00000
-52.53849 0.00000
-52.52406 0.00000
-52.52297 0.00000
-52.49772 0.00000
-52.49475 0.00000
-52.49193 0.00000
-52.48974 0.00000
-52.46424 0.00000
-52.45626 0.00000
-52.44606 0.00000
-52.44278 0.00000
-52.41726 0.00000
-52.39159 0.00000
-52.39085 0.00000
-52.38250 0.00000
-52.38234 0.00000
-52.38113 0.00000
-52.34441 0.00000
-52.34436 0.00000
-52.33133 0.00000
-52.30627 0.00000
-52.29770 0.00000
-52.24654 0.00000
-52.24616 0.00000
-52.24081 0.00000
-52.23301 0.00000
-52.23156 0.00000
-52.16389 0.00000
-52.13342 0.00000
-52.13326 0.00000
-52.12405 0.00000
-52.09474 0.00000
-52.08682 0.00000
-52.07544 0.00000
-52.07535 0.00000
-52.04511 0.00000
-52.02872 0.00000
-51.96676 0.00000
-51.95717 0.00000
-51.92132 0.00000
-51.89352 0.00000
-51.88379 0.00000
-51.85962 0.00000
-51.84346 0.00000
-51.84330 0.00000
-51.82904 0.00000
-51.77755 0.00000
-51.73108 0.00000
-51.72985 0.00000
-51.72227 0.00000
-51.71244 0.00000
-51.70514 0.00000
-51.68494 0.00000
-51.66802 0.00000
-51.61053 0.00000
-51.59534 0.00000
-51.57940 0.00000
-51.57935 0.00000
-51.54539 0.00000
-51.53843 0.00000
-51.53836 0.00000
-51.53180 0.00000
-51.51245 0.00000
-51.51229 0.00000
-51.48843 0.00000
-51.48831 0.00000
-51.45948 0.00000
-51.43871 0.00000
-51.42389 0.00000
-51.40812 0.00000
-51.37481 0.00000
-51.36122 0.00000
-51.35406 0.00000
-51.34745 0.00000
-51.34177 0.00000
-51.34067 0.00000
-51.33915 0.00000
-51.32014 0.00000
-51.29827 0.00000
-51.29071 0.00000
-51.26110 0.00000
-51.25932 0.00000
-51.24647 0.00000
-51.24626 0.00000
-51.21426 0.00000
-51.16183 0.00000
-51.15277 0.00000
-51.14442 0.00000
-51.14430 0.00000
-51.13609 0.00000
-51.11755 0.00000
-51.10649 0.00000
-51.10626 0.00000
-51.09623 0.00000
-51.08708 0.00000
-51.07499 0.00000
-51.06759 0.00000
-51.06184 0.00000
-51.05668 0.00000
-51.04890 0.00000
-51.04527 0.00000
-51.03743 0.00000
-50.99866 0.00000
-50.96530 0.00000
-50.96090 0.00000
-50.95303 0.00000
-50.93814 0.00000
-50.93605 0.00000
-50.90880 0.00000
-50.90556 0.00000
-50.90249 0.00000
-50.90233 0.00000
-50.88556 0.00000
-50.88533 0.00000
-50.87991 0.00000
-50.83300 0.00000
-50.82193 0.00000
-50.77370 0.00000
-50.77226 0.00000
-50.77000 0.00000
-50.76783 0.00000
-50.75814 0.00000
-50.75686 0.00000
-50.75424 0.00000
-50.75151 0.00000
-50.70966 0.00000
-50.69512 0.00000
-50.69268 0.00000
-50.68581 0.00000
-50.65907 0.00000
-50.64418 0.00000
-50.59814 0.00000
-50.57780 0.00000
-50.57079 0.00000
-50.56437 0.00000
-50.55618 0.00000
-50.55376 0.00000
-50.54195 0.00000
-50.52787 0.00000
-50.49958 0.00000
-50.49923 0.00000
-50.48965 0.00000
-50.47851 0.00000
-50.47837 0.00000
-50.42594 0.00000
-50.36335 0.00000
-50.35609 0.00000
-50.35247 0.00000
-50.35067 0.00000
-50.34018 0.00000
-50.30217 0.00000
-50.28746 0.00000
-50.20235 0.00000
-50.15878 0.00000
-50.15585 0.00000
-50.15076 0.00000
-50.12799 0.00000
-50.11602 0.00000
-50.11139 0.00000
-50.06687 0.00000
-50.06410 0.00000
-50.06192 0.00000
-50.02412 0.00000
-49.99389 0.00000
-49.94593 0.00000
-49.94010 0.00000
-49.93306 0.00000
-49.91539 0.00000
-49.87002 0.00000
-49.85499 0.00000
-49.84097 0.00000
-49.83487 0.00000
-49.82520 0.00000
-49.80077 0.00000
-49.78613 0.00000
-49.77813 0.00000
-49.73614 0.00000
-49.72277 0.00000
-49.70402 0.00000
-49.69783 0.00000
-49.69674 0.00000
-49.68549 0.00000
-49.63540 0.00000
-49.63535 0.00000
-49.63379 0.00000
-49.62751 0.00000
-49.62288 0.00000
-49.61220 0.00000
-49.59766 0.00000
-49.55183 0.00000
-49.54742 0.00000
-49.54736 0.00000
-49.51056 0.00000
-49.49830 0.00000
-49.47895 0.00000
-49.46876 0.00000
-49.46672 0.00000
-49.44987 0.00000
-49.42613 0.00000
-49.41794 0.00000
-49.41121 0.00000
-49.33587 0.00000
-49.33255 0.00000
-49.31744 0.00000
-49.30117 0.00000
-49.29765 0.00000
-49.29247 0.00000
-49.27653 0.00000
-49.27636 0.00000
-49.27198 0.00000
-49.26495 0.00000
-49.26281 0.00000
-49.24327 0.00000
-49.23596 0.00000
-49.23413 0.00000
-49.23154 0.00000
-49.23134 0.00000
-49.22895 0.00000
-49.21299 0.00000
-49.20467 0.00000
-49.17298 0.00000
-49.15760 0.00000
-49.14223 0.00000
-49.10027 0.00000
-49.07571 0.00000
-49.07109 0.00000
-49.07029 0.00000
-49.06282 0.00000
-49.06143 0.00000
-49.05377 0.00000
-49.04304 0.00000
-49.04170 0.00000
-49.03585 0.00000
-49.00022 0.00000
-48.99644 0.00000
-48.96942 0.00000
-48.96932 0.00000
-48.94495 0.00000
-48.94180 0.00000
-48.93730 0.00000
-48.92683 0.00000
-48.91856 0.00000
-48.88786 0.00000
-48.88521 0.00000
-48.87007 0.00000
-48.86779 0.00000
-48.83868 0.00000
-48.83615 0.00000
-48.81141 0.00000
-48.81130 0.00000
-48.79504 0.00000
-48.75652 0.00000
-48.73589 0.00000
-48.72203 0.00000
-48.68533 0.00000
-48.65181 0.00000
-48.64803 0.00000
-48.64612 0.00000
-48.63047 0.00000
-48.63032 0.00000
-48.62210 0.00000
-48.62045 0.00000
-48.62033 0.00000
-48.59492 0.00000
-48.58126 0.00000
-48.56082 0.00000
-48.51155 0.00000
-48.49427 0.00000
-48.46833 0.00000
-48.45563 0.00000
-48.44843 0.00000
-48.44834 0.00000
-48.44269 0.00000
-48.43809 0.00000
-48.43249 0.00000
-48.41140 0.00000
-48.40291 0.00000
-48.40151 0.00000
-48.39798 0.00000
-48.37104 0.00000
-48.36880 0.00000
-48.36567 0.00000
-48.35125 0.00000
-48.33295 0.00000
-48.31076 0.00000
-48.29311 0.00000
-48.27726 0.00000
-48.25275 0.00000
-48.25031 0.00000
-48.23931 0.00000
-48.21264 0.00000
-48.19978 0.00000
-48.19595 0.00000
-48.18643 0.00000
-48.17804 0.00000
-48.17561 0.00000
-48.17318 0.00000
-48.16949 0.00000
-48.16238 0.00000
-48.15825 0.00000
-48.15042 0.00000
-48.15039 0.00000
-48.13662 0.00000
-48.12987 0.00000
-48.11303 0.00000
-48.10641 0.00000
-48.10630 0.00000
-48.08784 0.00000
-48.08647 0.00000
-48.08541 0.00000
-48.08004 0.00000
-48.07914 0.00000
-48.05905 0.00000
-48.04297 0.00000
-48.03187 0.00000
-48.02627 0.00000
-48.01136 0.00000
-48.00179 0.00000
-47.99485 0.00000
-47.98388 0.00000
-47.98174 0.00000
-47.97615 0.00000
-47.97061 0.00000
-47.96414 0.00000
-47.96096 0.00000
-47.93282 0.00000
-47.91088 0.00000
-47.89677 0.00000
-47.89425 0.00000
-47.88604 0.00000
-47.88243 0.00000
-47.88235 0.00000
-47.87982 0.00000
-47.87454 0.00000
-47.86908 0.00000
-47.86730 0.00000
-47.84857 0.00000
-47.84105 0.00000
-47.82946 0.00000
-47.81060 0.00000
-47.79478 0.00000
-47.78908 0.00000
-47.77740 0.00000
-47.77737 0.00000
-47.77359 0.00000
-47.77217 0.00000
-47.75747 0.00000
-47.75589 0.00000
-47.73199 0.00000
-47.71745 0.00000
-47.71738 0.00000
-47.69780 0.00000
-47.69625 0.00000
-47.68470 0.00000
-47.68306 0.00000
-47.67896 0.00000
-47.66663 0.00000
-47.65785 0.00000
-47.63858 0.00000
-47.63094 0.00000
-47.62949 0.00000
-47.62938 0.00000
-47.62568 0.00000
-47.61821 0.00000
-47.60525 0.00000
-47.59885 0.00000
-47.59568 0.00000
-47.58155 0.00000
-47.56343 0.00000
-47.56324 0.00000
-47.55606 0.00000
-47.55107 0.00000
-47.53700 0.00000
-47.52009 0.00000
-47.51078 0.00000
-47.49849 0.00000
-47.49570 0.00000
-47.46293 0.00000
-47.45949 0.00000
-47.45900 0.00000
-47.44201 0.00000
-47.42924 0.00000
-47.38714 0.00000
-47.38281 0.00000
-47.38191 0.00000
-47.37904 0.00000
-47.37579 0.00000
-47.36377 0.00000
-47.35497 0.00000
-47.35137 0.00000
-47.34656 0.00000
-47.34296 0.00000
-47.30511 0.00000
-47.30288 0.00000
-47.28175 0.00000
-47.26625 0.00000
-47.26528 0.00000
-47.26339 0.00000
-47.26059 0.00000
-47.25325 0.00000
-47.24073 0.00000
-47.22423 0.00000
-47.20192 0.00000
-47.19234 0.00000
-47.17906 0.00000
-47.17673 0.00000
-47.17535 0.00000
-47.15963 0.00000
-47.15607 0.00000
-47.15344 0.00000
-47.15330 0.00000
-47.14415 0.00000
-47.12883 0.00000
-47.12663 0.00000
-47.11845 0.00000
-47.11837 0.00000
-47.10820 0.00000
-47.08084 0.00000
-47.06616 0.00000
-47.06442 0.00000
-47.06428 0.00000
-47.04263 0.00000
-47.02136 0.00000
-47.00407 0.00000
-47.00153 0.00000
-46.98999 0.00000
-46.98018 0.00000
-46.97699 0.00000
-46.96142 0.00000
-46.96136 0.00000
-46.93481 0.00000
-46.93406 0.00000
-46.89065 0.00000
-46.86967 0.00000
-46.85888 0.00000
-46.85716 0.00000
-46.85223 0.00000
-46.81384 0.00000
-46.80865 0.00000
-46.80721 0.00000
-46.78957 0.00000
-46.77857 0.00000
-46.77113 0.00000
-46.76924 0.00000
-46.75652 0.00000
-46.75211 0.00000
-46.74748 0.00000
-46.73764 0.00000
-46.73609 0.00000
-46.73243 0.00000
-46.73231 0.00000
-46.72630 0.00000
-46.70200 0.00000
-46.70058 0.00000
-46.68932 0.00000
-46.68508 0.00000
-46.66924 0.00000
-46.64507 0.00000
-46.62999 0.00000
-46.61435 0.00000
-46.60449 0.00000
-46.60438 0.00000
-46.60036 0.00000
-46.59461 0.00000
-46.58664 0.00000
-46.57960 0.00000
-46.57824 0.00000
-46.56801 0.00000
-46.55983 0.00000
-46.54362 0.00000
-46.53544 0.00000
-46.53531 0.00000
-46.53429 0.00000
-46.53257 0.00000
-46.52499 0.00000
-46.51520 0.00000
-46.51375 0.00000
-46.50882 0.00000
-46.50742 0.00000
-46.50733 0.00000
-46.50024 0.00000
-46.48323 0.00000
-46.47444 0.00000
-46.46775 0.00000
-46.46527 0.00000
-46.44108 0.00000
-46.43055 0.00000
-46.42631 0.00000
-46.40870 0.00000
-46.40528 0.00000
-46.39448 0.00000
-46.39428 0.00000
-46.39071 0.00000
-46.36950 0.00000
-46.36091 0.00000
-46.35482 0.00000
-46.34503 0.00000
-46.33991 0.00000
-46.32555 0.00000
-46.32381 0.00000
-46.32211 0.00000
-46.32027 0.00000
-46.30617 0.00000
-46.30316 0.00000
-46.29919 0.00000
-46.29829 0.00000
-46.28728 0.00000
-46.28288 0.00000
-46.27295 0.00000
-46.27237 0.00000
-46.25032 0.00000
-46.24802 0.00000
-46.24266 0.00000
-46.22885 0.00000
-46.22626 0.00000
-46.21139 0.00000
-46.20362 0.00000
-46.17782 0.00000
-46.17353 0.00000
-46.17331 0.00000
-46.15445 0.00000
-46.15435 0.00000
-46.11717 0.00000
-46.11256 0.00000
-46.09586 0.00000
-46.08656 0.00000
-46.06625 0.00000
-46.05124 0.00000
-46.04802 0.00000
-46.02853 0.00000
-46.02011 0.00000
-46.01773 0.00000
-46.00091 0.00000
-45.99104 0.00000
-45.98320 0.00000
-45.97725 0.00000
-45.97407 0.00000
-45.93909 0.00000
-45.93147 0.00000
-45.92114 0.00000
-45.90629 0.00000
-45.87608 0.00000
-45.86683 0.00000
-45.86385 0.00000
-45.85217 0.00000
-45.82868 0.00000
-45.82534 0.00000
-45.81656 0.00000
-45.80972 0.00000
-45.78931 0.00000
-45.77946 0.00000
-45.77936 0.00000
-45.75810 0.00000
-45.75685 0.00000
-45.74704 0.00000
-45.73797 0.00000
-45.71626 0.00000
-45.69365 0.00000
-45.68922 0.00000
-45.68155 0.00000
-45.67704 0.00000
-45.67581 0.00000
-45.66924 0.00000
-45.66530 0.00000
-45.64154 0.00000
-45.59442 0.00000
-45.59433 0.00000
-45.58951 0.00000
-45.58935 0.00000
-45.55548 0.00000
-45.54559 0.00000
-45.52983 0.00000
-45.52689 0.00000
-45.51973 0.00000
-45.51902 0.00000
-45.51044 0.00000
-45.51031 0.00000
-45.50409 0.00000
-45.47773 0.00000
-45.43675 0.00000
-45.43242 0.00000
-45.43230 0.00000
-45.40145 0.00000
-45.40139 0.00000
-45.39743 0.00000
-45.39563 0.00000
-45.39211 0.00000
-45.37151 0.00000
-45.34944 0.00000
-45.34939 0.00000
-45.33718 0.00000
-45.33421 0.00000
-45.31977 0.00000
-45.31424 0.00000
-45.29313 0.00000
-45.24643 0.00000
-45.24626 0.00000
-45.23663 0.00000
-45.23006 0.00000
-45.19441 0.00000
-45.19432 0.00000
-45.14451 0.00000
-45.09201 0.00000
-45.06550 0.00000
-45.06533 0.00000
-45.05671 0.00000
-45.03416 0.00000
-45.03253 0.00000
-45.02390 0.00000
-44.98481 0.00000
-44.97631 0.00000
-44.87780 0.00000
-44.87505 0.00000
-44.87420 0.00000
-44.84798 0.00000
-44.82551 0.00000
-44.80407 0.00000
-44.78956 0.00000
-44.77391 0.00000
-44.73964 0.00000
-44.73451 0.00000
-44.73286 0.00000
-44.72816 0.00000
-44.72054 0.00000
-44.68657 0.00000
-44.68391 0.00000
-44.68189 0.00000
-44.64427 0.00000
-44.61035 0.00000
-44.59227 0.00000
-44.58119 0.00000
-44.57112 0.00000
-44.56579 0.00000
-44.56045 0.00000
-44.56038 0.00000
-44.54116 0.00000
-44.53541 0.00000
-44.53498 0.00000
-44.52546 0.00000
-44.52533 0.00000
-44.51768 0.00000
-44.47366 0.00000
-44.43281 0.00000
-44.42682 0.00000
-44.42609 0.00000
-44.41461 0.00000
-44.40321 0.00000
-44.39610 0.00000
-44.36707 0.00000
-44.36451 0.00000
-44.36436 0.00000
-44.30890 0.00000
-44.29914 0.00000
-44.24710 0.00000
-44.22801 0.00000
-44.11285 0.00000
-44.10154 0.00000
-44.10098 0.00000
-44.09402 0.00000
-44.04889 0.00000
-44.01171 0.00000
-43.99717 0.00000
-43.96677 0.00000
-43.95330 0.00000
-43.94079 0.00000
-43.92721 0.00000
-43.92546 0.00000
-43.92534 0.00000
-43.92337 0.00000
-43.91615 0.00000
-43.89818 0.00000
-43.89069 0.00000
-43.86268 0.00000
-43.85919 0.00000
-43.81316 0.00000
-43.77843 0.00000
-43.77833 0.00000
-43.77668 0.00000
-43.76902 0.00000
-43.76555 0.00000
-43.76089 0.00000
-43.75961 0.00000
-43.74501 0.00000
-43.72543 0.00000
-43.71356 0.00000
-43.67351 0.00000
-43.66711 0.00000
-43.59811 0.00000
-43.58344 0.00000
-43.58339 0.00000
-43.51287 0.00000
-43.49290 0.00000
-43.45906 0.00000
-43.40103 0.00000
-43.29106 0.00000
-43.27293 0.00000
-43.21920 0.00000
-43.06176 0.00000
-42.94901 0.00000
-42.89408 0.00000
-42.87851 0.00000
-42.78704 0.00000
-42.71527 0.00000
-42.65689 0.00000
-42.63405 0.00000
-42.48370 0.00000
-42.32378 0.00000
-42.28849 0.00000
-42.28822 0.00000
-42.28695 0.00000
-42.22424 0.00000
-42.21812 0.00000
-42.16656 0.00000
-42.14965 0.00000
-42.14361 0.00000
-42.12871 0.00000
-42.12835 0.00000
-42.10209 0.00000
-42.06656 0.00000
-42.06095 0.00000
-41.99343 0.00000
-41.98695 0.00000
-41.97208 0.00000
-41.96919 0.00000
-41.96756 0.00000
-41.96736 0.00000
-41.89323 0.00000
-41.82364 0.00000
-41.80648 0.00000
-41.80618 0.00000
-41.78084 0.00000
-41.58600 0.00000
-41.56107 0.00000
-41.05983 0.00000
-40.45317 0.00000
-40.38478 0.00000
-40.29279 0.00000
-40.15984 0.00000
-39.99962 0.00000
-39.95574 0.00000
-39.94418 0.00000
-39.94026 0.00000
-39.90399 0.00000
-39.87574 0.00000
-39.81552 0.00000
-39.72606 0.00000
-39.65881 0.00000
-39.63008 0.00000
-39.47380 0.00000
-39.45281 0.00000
-39.12084 0.00000
-39.09818 0.00000
-38.96450 0.00000
-38.81945 0.00000
-38.77578 0.00000
-38.64633 0.00000
-38.63917 0.00000
-38.60145 0.00000
-38.59246 0.00000
-38.59231 0.00000
-38.45847 0.00000
-38.43589 0.00000
-38.43350 0.00000
-38.43339 0.00000
-38.30658 0.00000
-38.26101 0.00000
-38.25027 0.00000
-38.11299 0.00000
-38.09851 0.00000
-38.09823 0.00000
-38.06955 0.00000
-38.06939 0.00000
-38.05241 0.00000
-38.04174 0.00000
-37.98506 0.00000
-37.98141 0.00000
-37.92387 0.00000
-37.85258 0.00000
-37.82458 0.00000
-37.80209 0.00000
-37.79095 0.00000
-37.78328 0.00000
-37.73462 0.00000
-37.72002 0.00000
-37.70115 0.00000
-37.68649 0.00000
-37.66547 0.00000
-37.59608 0.00000
-37.57792 0.00000
-37.56826 0.00000
-37.55595 0.00000
-37.49321 0.00000
-37.47499 0.00000
-37.44364 0.00000
-37.36625 0.00000
-37.31871 0.00000
-37.26851 0.00000
-37.26254 0.00000
-37.26232 0.00000
-37.20411 0.00000
-37.18469 0.00000
-37.18240 0.00000
-37.18228 0.00000
-37.17954 0.00000
-37.16185 0.00000
-37.16066 0.00000
-37.13249 0.00000
-37.09819 0.00000
-37.05063 0.00000
-37.02375 0.00000
-36.97999 0.00000
-36.95494 0.00000
-36.90318 0.00000
-36.88333 0.00000
-36.86346 0.00000
-36.81344 0.00000
-36.81323 0.00000
-36.81071 0.00000
-36.79173 0.00000
-36.77395 0.00000
-36.72800 0.00000
-36.71017 0.00000
-36.67879 0.00000
-36.67189 0.00000
-36.64158 0.00000
-36.62904 0.00000
-36.59591 0.00000
-36.58405 0.00000
-36.56186 0.00000
-36.52378 0.00000
-36.48501 0.00000
-36.48333 0.00000
-36.48004 0.00000
-36.47465 0.00000
-36.45501 0.00000
-36.41949 0.00000
-36.41851 0.00000
-36.36309 0.00000
-36.34410 0.00000
-36.32422 0.00000
-36.32016 0.00000
-36.30305 0.00000
-36.26222 0.00000
-36.25475 0.00000
-36.20775 0.00000
-36.20681 0.00000
-36.19715 0.00000
-36.18834 0.00000
-36.14488 0.00000
-36.14349 0.00000
-36.13935 0.00000
-36.11721 0.00000
-36.08986 0.00000
-36.07910 0.00000
-36.07795 0.00000
-36.07531 0.00000
-36.02792 0.00000
-36.00524 0.00000
-35.97826 0.00000
-35.97636 0.00000
-35.96206 0.00000
-35.95711 0.00000
-35.95199 0.00000
-35.92924 0.00000
-35.92622 0.00000
-35.91520 0.00000
-35.91009 0.00000
-35.89480 0.00000
-35.88947 0.00000
-35.87654 0.00000
-35.87288 0.00000
-35.84708 0.00000
-35.84361 0.00000
-35.80793 0.00000
-35.80312 0.00000
-35.79947 0.00000
-35.79921 0.00000
-35.78950 0.00000
-35.78099 0.00000
-35.77968 0.00000
-35.76917 0.00000
-35.75990 0.00000
-35.75477 0.00000
-35.73640 0.00000
-35.73632 0.00000
-35.73468 0.00000
-35.72635 0.00000
-35.69882 0.00000
-35.69660 0.00000
-35.68969 0.00000
-35.68286 0.00000
-35.65654 0.00000
-35.65634 0.00000
-35.65210 0.00000
-35.64981 0.00000
-35.62161 0.00000
-35.61886 0.00000
-35.60219 0.00000
-35.59512 0.00000
-35.58873 0.00000
-35.58020 0.00000
-35.55810 0.00000
-35.54568 0.00000
-35.53212 0.00000
-35.51729 0.00000
-35.51580 0.00000
-35.49001 0.00000
-35.46327 0.00000
-35.45982 0.00000
-35.44246 0.00000
-35.42874 0.00000
-35.40094 0.00000
-35.38185 0.00000
-35.37680 0.00000
-35.36241 0.00000
-35.36234 0.00000
-35.35749 0.00000
-35.35736 0.00000
-35.35226 0.00000
-35.31469 0.00000
-35.29597 0.00000
-35.29303 0.00000
-35.28999 0.00000
-35.23994 0.00000
-35.23355 0.00000
-35.21896 0.00000
-35.20610 0.00000
-35.18893 0.00000
-35.18313 0.00000
-35.18110 0.00000
-35.15527 0.00000
-35.12584 0.00000
-35.11364 0.00000
-35.09798 0.00000
-35.09019 0.00000
-35.06683 0.00000
-35.05592 0.00000
-35.02320 0.00000
-35.01856 0.00000
-34.98143 0.00000
-34.98124 0.00000
-34.96488 0.00000
-34.95255 0.00000
-34.91542 0.00000
-34.91533 0.00000
-34.91414 0.00000
-34.87796 0.00000
-34.87285 0.00000
-34.85220 0.00000
-34.84982 0.00000
-34.83497 0.00000
-34.81962 0.00000
-34.81361 0.00000
-34.81158 0.00000
-34.79742 0.00000
-34.79736 0.00000
-34.79568 0.00000
-34.79400 0.00000
-34.78608 0.00000
-34.78331 0.00000
-34.77441 0.00000
-34.77427 0.00000
-34.77040 0.00000
-34.77038 0.00000
-34.76247 0.00000
-34.73948 0.00000
-34.72362 0.00000
-34.68733 0.00000
-34.68444 0.00000
-34.66847 0.00000
-34.66551 0.00000
-34.63706 0.00000
-34.62962 0.00000
-34.62862 0.00000
-34.61780 0.00000
-34.61277 0.00000
-34.57418 0.00000
-34.57145 0.00000
-34.56769 0.00000
-34.56218 0.00000
-34.55998 0.00000
-34.54301 0.00000
-34.52253 0.00000
-34.52237 0.00000
-34.51762 0.00000
-34.51274 0.00000
-34.49445 0.00000
-34.48867 0.00000
-34.45859 0.00000
-34.44851 0.00000
-34.44010 0.00000
-34.43923 0.00000
-34.43318 0.00000
-34.41503 0.00000
-34.40904 0.00000
-34.37105 0.00000
-34.36665 0.00000
-34.35501 0.00000
-34.33202 0.00000
-34.32208 0.00000
-34.31821 0.00000
-34.31390 0.00000
-34.30684 0.00000
-34.30046 0.00000
-34.30037 0.00000
-34.29815 0.00000
-34.27845 0.00000
-34.27832 0.00000
-34.26746 0.00000
-34.26726 0.00000
-34.24196 0.00000
-34.23591 0.00000
-34.23481 0.00000
-34.22757 0.00000
-34.22558 0.00000
-34.21917 0.00000
-34.19970 0.00000
-34.19814 0.00000
-34.19698 0.00000
-34.19632 0.00000
-34.18573 0.00000
-34.16185 0.00000
-34.14828 0.00000
-34.14019 0.00000
-34.12149 0.00000
-34.11150 0.00000
-34.10505 0.00000
-34.10371 0.00000
-34.10150 0.00000
-34.09840 0.00000
-34.09820 0.00000
-34.08107 0.00000
-34.07260 0.00000
-34.07231 0.00000
-34.07074 0.00000
-34.05811 0.00000
-34.05490 0.00000
-34.04305 0.00000
-34.02907 0.00000
-34.01480 0.00000
-34.00492 0.00000
-34.00244 0.00000
-34.00217 0.00000
-34.00049 0.00000
-33.98059 0.00000
-33.98025 0.00000
-33.97810 0.00000
-33.96922 0.00000
-33.96109 0.00000
-33.95760 0.00000
-33.95412 0.00000
-33.94799 0.00000
-33.94577 0.00000
-33.94121 0.00000
-33.91568 0.00000
-33.90947 0.00000
-33.87883 0.00000
-33.87626 0.00000
-33.87440 0.00000
-33.87236 0.00000
-33.86323 0.00000
-33.85586 0.00000
-33.84753 0.00000
-33.81782 0.00000
-33.80447 0.00000
-33.80431 0.00000
-33.80114 0.00000
-33.78875 0.00000
-33.78444 0.00000
-33.78431 0.00000
-33.78167 0.00000
-33.77459 0.00000
-33.77436 0.00000
-33.75878 0.00000
-33.75817 0.00000
-33.75515 0.00000
-33.73646 0.00000
-33.73635 0.00000
-33.73288 0.00000
-33.72827 0.00000
-33.66966 0.00000
-33.65718 0.00000
-33.64767 0.00000
-33.63531 0.00000
-33.62344 0.00000
-33.59800 0.00000
-33.59343 0.00000
-33.58375 0.00000
-33.56897 0.00000
-33.56767 0.00000
-33.54672 0.00000
-33.54248 0.00000
-33.52987 0.00000
-33.52167 0.00000
-33.50716 0.00000
-33.49285 0.00000
-33.47135 0.00000
-33.46484 0.00000
-33.44914 0.00000
-33.42751 0.00000
-33.37681 0.00000
-33.36444 0.00000
-33.36439 0.00000
-33.35991 0.00000
-33.35843 0.00000
-33.35821 0.00000
-33.33603 0.00000
-33.31623 0.00000
-33.27459 0.00000
-33.25711 0.00000
-33.25354 0.00000
-33.19702 0.00000
-33.18069 0.00000
-33.16663 0.00000
-33.15248 0.00000
-33.13704 0.00000
-33.05779 0.00000
-33.02780 0.00000
-33.02227 0.00000
-33.02048 0.00000
-33.00740 0.00000
-33.00735 0.00000
-32.99289 0.00000
-32.97222 0.00000
-32.96714 0.00000
-32.95285 0.00000
-32.94855 0.00000
-32.93096 0.00000
-32.90623 0.00000
-32.89479 0.00000
-32.89219 0.00000
-32.88820 0.00000
-32.87853 0.00000
-32.87838 0.00000
-32.84782 0.00000
-32.80534 0.00000
-32.80258 0.00000
-32.79473 0.00000
-32.76903 0.00000
-32.76646 0.00000
-32.76635 0.00000
-32.75005 0.00000
-32.71643 0.00000
-32.71635 0.00000
-32.70515 0.00000
-32.70154 0.00000
-32.69586 0.00000
-32.69232 0.00000
-32.67643 0.00000
-32.67637 0.00000
-32.66684 0.00000
-32.65815 0.00000
-32.65530 0.00000
-32.65045 0.00000
-32.63321 0.00000
-32.60965 0.00000
-32.60819 0.00000
-32.60616 0.00000
-32.60410 0.00000
-32.59820 0.00000
-32.58152 0.00000
-32.57045 0.00000
-32.55255 0.00000
-32.53047 0.00000
-32.53031 0.00000
-32.52433 0.00000
-32.49829 0.00000
-32.49192 0.00000
-32.48523 0.00000
-32.46574 0.00000
-32.46046 0.00000
-32.43352 0.00000
-32.43234 0.00000
-32.43087 0.00000
-32.42506 0.00000
-32.40661 0.00000
-32.39719 0.00000
-32.38693 0.00000
-32.38307 0.00000
-32.36986 0.00000
-32.36401 0.00000
-32.36010 0.00000
-32.33925 0.00000
-32.31049 0.00000
-32.30972 0.00000
-32.25642 0.00000
-32.25639 0.00000
-32.25474 0.00000
-32.24791 0.00000
-32.22644 0.00000
-32.22292 0.00000
-32.20758 0.00000
-32.17820 0.00000
-32.16845 0.00000
-32.16835 0.00000
-32.16725 0.00000
-32.15687 0.00000
-32.15422 0.00000
-32.13622 0.00000
-32.11840 0.00000
-32.11836 0.00000
-32.09607 0.00000
-32.09090 0.00000
-32.08751 0.00000
-32.07672 0.00000
-32.07498 0.00000
-32.06730 0.00000
-32.05944 0.00000
-32.04629 0.00000
-32.03028 0.00000
-31.98968 0.00000
-31.98927 0.00000
-31.98304 0.00000
-31.97512 0.00000
-31.97343 0.00000
-31.97332 0.00000
-31.96748 0.00000
-31.96731 0.00000
-31.94748 0.00000
-31.94735 0.00000
-31.92448 0.00000
-31.87784 0.00000
-31.87159 0.00000
-31.82441 0.00000
-31.82434 0.00000
-31.76909 0.00000
-31.76069 0.00000
-31.75621 0.00000
-31.74885 0.00000
-31.69645 0.00000
-31.64297 0.00000
-31.64201 0.00000
-31.63326 0.00000
-31.62511 0.00000
-31.59171 0.00000
-31.54558 0.00000
-31.54077 0.00000
-31.51954 0.00000
-31.51926 0.00000
-31.50367 0.00000
-31.49406 0.00000
-31.40149 0.00000
-31.40133 0.00000
-31.39457 0.00000
-31.34510 0.00000
-31.32519 0.00000
-31.29787 0.00000
-31.29071 0.00000
-31.23928 0.00000
-31.18376 0.00000
-31.08541 0.00000
-31.08529 0.00000
-31.08346 0.00000
-31.06301 0.00000
-31.04418 0.00000
-30.99859 0.00000
-30.98441 0.00000
-30.95780 0.00000
-30.94742 0.00000
-30.80750 0.00000
-30.66107 0.00000
-30.64405 0.00000
-30.62998 0.00000
-30.54644 0.00000
-30.53109 0.00000
-30.49050 0.00000
-30.44194 0.00000
-30.39128 0.00000
-30.37527 0.00000
-30.33320 0.00000
-30.32827 0.00000
-30.28369 0.00000
-30.27342 0.00000
-30.27324 0.00000
-30.22228 0.00000
-30.17857 0.00000
-30.17824 0.00000
-30.17022 0.00000
-30.10880 0.00000
-30.10202 0.00000
-30.06554 0.00000
-30.06536 0.00000
-30.01690 0.00000
-29.99282 0.00000
-29.92509 0.00000
-29.90651 0.00000
-29.89222 0.00000
-29.88472 0.00000
-29.83223 0.00000
-29.78950 0.00000
-29.78620 0.00000
-29.78484 0.00000
-29.73331 0.00000
-29.72528 0.00000
-29.68666 0.00000
-29.68628 0.00000
-29.66558 0.00000
-29.66534 0.00000
-29.62298 0.00000
-29.61958 0.00000
-29.61932 0.00000
-29.57154 0.00000
-29.55548 0.00000
-29.55536 0.00000
-29.47577 0.00000
-29.44024 0.00000
-29.41450 0.00000
-29.41436 0.00000
-29.36426 0.00001
-29.32858 0.00000
-29.30691 0.00001
-29.22741 0.00000
-29.22735 0.00000
-29.13125 0.00000
-29.03122 0.00000
-28.96116 0.00000
-28.87736 0.00000
-28.86735 0.00000
-28.85956 0.00000
-28.85937 0.00000
-28.71144 0.00000
-28.67207 0.00000
-28.60653 0.00000
-28.59970 0.00000
-28.55355 0.00000
-28.28435 0.00001
-28.24357 0.00000
-28.21724 0.00000
-28.19686 0.00000
-28.19586 0.00000
-28.16691 0.00000
-28.13620 0.00000
-28.12273 0.00000
-28.09205 0.00000
-28.07264 0.00000
-28.03071 0.00000
-28.01968 0.00000
-28.00270 0.00000
-28.00038 0.00000
-27.99233 0.00000
-27.95881 0.00000
-27.92171 0.00000
-27.90020 0.00000
-27.89133 0.00000
-27.88839 0.00000
-27.88821 0.00000
-27.83925 0.00000
-27.82150 0.00000
-27.82064 0.00000
-27.77873 0.00000
-27.70588 0.00000
-27.67835 0.00000
-27.67486 0.00000
-27.61596 0.00000
-27.58758 0.00000
-27.57447 0.00000
-27.57435 0.00000
-27.47089 0.00000
-27.46918 0.00000
-27.44543 0.00000
-27.44532 0.00000
-27.39368 0.00000
-27.37864 0.00000
-27.31987 0.00000
-27.30378 0.00000
-27.21505 0.00000
-27.19890 0.00000
-27.09700 0.00000
-27.04150 0.00000
-27.01435 0.00000
-26.99983 0.00000
-26.93539 0.00000
-26.90455 0.00000
-26.89933 0.00000
-26.87870 0.00000
-26.83461 0.00000
-26.81799 0.00000
-26.80947 0.00000
-26.75309 0.00000
-26.73773 0.00000
-26.69951 0.00001
-26.68351 0.00000
-26.63745 0.00000
-26.62107 0.00000
-26.55590 0.00000
-26.55516 0.00000
-26.55134 0.00000
-26.51078 0.00000
-26.49978 0.00000
-26.48165 0.00000
-26.47410 0.00000
-26.46609 0.00000
-26.46419 0.00000
-26.36848 0.00000
-26.36838 0.00000
-26.34091 0.00000
-26.33937 0.00000
-26.30409 0.00000
-26.30337 0.00000
-26.26955 0.00000
-26.23730 0.00000
-26.23519 0.00000
-26.21684 0.00000
-26.18629 0.00000
-26.16926 0.00000
-26.13398 0.00000
-26.09583 0.00000
-26.06462 0.00000
-26.05145 0.00000
-26.03065 0.00000
-25.97248 0.00000
-25.94480 0.00000
-25.87294 0.00001
-25.84281 0.00000
-25.84105 0.00000
-25.75050 0.00000
-25.75036 0.00000
-25.73463 0.00000
-25.64360 0.00000
-25.62426 0.00000
-25.49625 0.00002
-25.48771 0.00000
-25.26296 0.00000
-25.24307 0.00000
-25.21059 0.00000
-25.17287 0.00000
-25.15806 0.00000
-25.13820 0.00000
-25.11492 0.00000
-25.03823 0.00000
-25.01158 0.00000
-25.00030 0.00000
-24.94717 0.00000
-24.93671 0.00000
-24.91040 0.00000
-24.91032 0.00000
-24.83364 0.00000
-24.79545 0.00000
-24.73526 0.00000
-24.67872 0.00000
-24.64250 0.00000
-24.63178 0.00000
-24.62808 0.00000
-24.62371 0.00000
-24.54568 0.00000
-24.53182 0.00000
-24.52877 0.00000
-24.46548 0.00000
-24.44246 0.00000
-24.44231 0.00000
-24.43659 0.00000
-24.40298 0.00000
-24.39882 0.00000
-24.33797 0.00000
-24.32043 0.00001
-24.31779 0.00000
-24.31381 0.00000
-24.31047 0.00000
-24.30255 0.00000
-24.25454 0.00000
-24.21862 0.00000
-24.18700 0.00000
-24.18042 0.00000
-24.12892 0.00000
-24.11408 0.00000
-24.01967 0.00000
-23.88478 0.00002
-23.82896 0.00000
-23.81862 0.00000
-23.81679 0.00000
-23.78920 0.00000
-23.76768 0.00000
-23.62034 0.00000
-23.60670 0.00000
-23.48864 0.00000
-23.48690 0.00000
-23.40303 0.00000
-23.33530 0.00000
-23.31781 0.00000
-23.30297 0.00000
-23.27749 0.00000
-23.27737 0.00000
-23.21202 0.00000
-23.13485 0.00000
-23.05861 0.00000
-23.00362 0.00000
-22.95955 0.00000
-22.91690 0.00000
-22.90098 0.00000
-22.89918 0.00000
-22.85673 0.00000
-22.83512 0.00000
-22.82975 0.00000
-22.81781 0.00000
-22.81202 0.00000
-22.76843 0.00000
-22.76837 0.00000
-22.74842 0.00000
-22.74833 0.00000
-22.70481 0.00000
-22.69642 0.00000
-22.69635 0.00000
-22.64651 0.00000
-22.64631 0.00000
-22.64060 0.00000
-22.60778 0.00000
-22.57500 0.00000
-22.55523 0.00000
-22.52166 0.00000
-22.46777 0.00000
-22.46501 0.00000
-22.43084 0.00000
-22.41281 0.00000
-22.35303 0.00000
-22.34497 0.00000
-22.30850 0.00000
-22.27784 0.00000
-22.26899 0.00000
-22.25485 0.00000
-22.25047 0.00000
-22.21966 0.00000
-22.16212 0.00000
-22.16012 0.00000
-22.15242 0.00000
-22.14733 0.00000
-22.07316 0.00000
-22.05107 0.00000
-21.98321 0.00000
-21.95041 0.00000
-21.95031 0.00000
-21.93646 0.00000
-21.93635 0.00000
-21.90097 0.00000
-21.87755 0.00000
-21.84002 0.00000
-21.67804 0.00000
-21.66306 0.00000
-21.46800 0.00000
-21.46504 0.00000
-21.45291 0.00000
-21.41829 0.00000
-21.39596 0.00000
-21.35516 0.00000
-21.33307 0.00000
-21.33039 0.00000
-21.33036 0.00000
-21.31282 0.00000
-21.25425 0.00000
-21.24765 0.00000
-21.16298 0.00000
-21.16190 0.00000
-21.14772 0.00000
-21.12196 0.00000
-21.04659 0.00000
-21.03663 0.00000
-20.98570 0.00000
-20.95277 0.00000
-20.94098 0.00000
-20.93685 0.00000
-20.90365 0.00000
-20.84182 0.00000
-20.83066 0.00000
-20.74545 0.00000
-20.69303 0.00000
-20.67714 0.00000
-20.67461 0.00000
-20.61249 0.00000
-20.60461 0.00000
-20.56098 0.00000
-20.54954 0.00000
-20.53382 0.00000
-20.50073 0.00000
-20.46804 0.04079
-20.46388 0.00000
-20.45576 0.00000
-20.41665 0.00024
-20.40258 0.00000
-20.40042 0.00000
-20.40025 0.00000
-20.33857 0.00000
-20.32676 0.00000
-20.32626 0.00000
-20.31057 0.00000
-20.30073 0.00000
-20.19035 0.00000
-20.10057 0.00000
-20.00530 0.00000
-19.84163 0.00000
-19.79542 0.00000
-19.79534 0.00000
-19.74612 0.00000
-19.72280 0.00000
-19.68489 0.00000
-19.53590 0.00000
-19.51290 0.00000
-19.47401 0.00000
-19.31312 0.00000
-19.17521 0.00000
-19.15807 0.00000
-19.10309 0.00000
-19.06086 0.02721
-19.00678 0.00000
-18.96579 0.00023
-18.96387 0.00000
-18.94793 0.00000
-18.89141 0.00000
-18.89137 0.00000
-18.86026 0.00000
-18.79601 0.00000
-18.78573 0.00000
-18.68042 0.00000
-18.68033 0.00000
-18.66771 0.00001
-18.57669 0.00000
-18.57484 0.00000
-18.48237 0.00000
-18.39084 0.00138
-18.38057 0.00000
-18.32100 0.00000
-18.27122 0.00000
-18.17176 0.00000
-17.96173 0.00000
-17.79201 0.00000
-17.74646 0.01496
-17.41652 0.00621
-17.04725 0.00000
-16.88553 0.00147
-16.81131 0.00000
-16.78856 0.00000
-16.70565 0.00000
-16.68867 0.00000
-16.60101 0.00000
-16.57374 0.00017
-16.56712 0.00000
-16.49647 0.00000
-16.49634 0.00000
-16.43058 0.00000
-16.37997 0.00004
-16.20769 0.00000
-16.13337 0.00000
-16.11660 0.00000
-16.08632 0.00066
-16.07535 0.00041
-15.90755 0.00000
-15.87639 0.00000
-15.65376 0.00000
-15.59489 0.03191
-15.40053 0.00001
-15.39714 0.00000
-15.39343 0.00871
-15.26291 0.03304
-15.24423 0.00000
-15.17533 0.03298
-15.09492 0.00000
-15.07669 0.00269
-14.93319 0.00000
-14.92082 0.00000
-14.89245 0.00000
-14.83497 0.00000
-14.76298 0.00000
-14.68322 0.00000
-14.66954 0.00060
-14.60347 0.00052
-14.53376 0.00000
-14.47872 0.00000
-14.45067 0.00000
-14.33328 0.00127
-14.32430 0.00000
-14.24266 0.01285
-14.16513 0.00000
-13.97869 0.00001
-13.93800 0.15614
-13.79307 0.00000
-13.76955 0.00000
-13.72172 0.00000
-13.68518 0.00000
-13.67798 0.00001
-13.65620 0.00010
-13.61473 0.00000
-13.57826 0.00000
-13.51265 0.00000
-13.31482 0.00000
-13.24576 0.00034
-13.09947 0.00000
-13.09932 0.00000
-13.09724 0.35122
-13.09107 0.00000
-13.08940 0.00000
-13.03668 0.00000
-12.93581 0.00053
-12.87980 0.00000
-12.81983 0.00000
-12.77829 0.00000
-12.71471 0.01432
-12.56826 0.00000
-12.09887 0.14254
-12.01045 0.00002
-11.80124 0.00000
-11.63858 0.00000
-11.42980 0.00000
-11.42362 0.00000
-11.27519 0.00000
-11.21471 0.00000
-10.79487 0.00000
-10.74045 0.10812
-10.64146 0.00044
-10.64136 0.00087
-10.05280 0.03260
-9.52066 0.00000
-9.12050 0.00000
-9.12034 0.00000
-9.03975 0.00000
-8.91113 0.00000
-8.82734 0.04977
-8.46777 0.00000
-7.91446 0.03524
-7.91430 0.01762
-7.65797 0.00305
-7.36595 0.00000
-7.18121 0.03552
-7.15645 0.00000
-7.15634 0.00000
-7.02278 0.01103
-6.71024 0.00000
-5.94526 0.08358
-5.57582 0.11354
-5.36002 1.05989
-3.05513 1.08154
-1.30000 0.48346
0.33956 0.71796
6.19240 0.00000
6.40055 0.00000
8.07817 0.00000
8.55512 0.00000
14.65855 0.00000
14.76126 0.00889
16.09995 0.00077
16.37943 0.03041
17.55335 0.00000
17.63556 0.00000
19.29723 0.00000
19.38869 0.00000
19.47519 0.00000
19.56771 0.00000
20.51147 0.00000
20.61434 0.00000
20.71968 0.00000
20.82253 0.00000
21.25814 0.00000
21.95312 0.00000
22.16132 0.00000
22.23245 0.00000
22.39706 0.00000
22.44072 0.00000
22.49993 0.00000
22.87420 0.00000
22.97709 0.00000
23.83869 0.00000
24.11823 0.00000
24.31574 0.00000
24.59525 0.00000
31.87285 0.00000
31.95543 0.00000
31.97612 0.00000
32.05880 0.00000
33.31403 0.00000
33.39632 0.00000
33.59409 0.00000
33.61632 0.00000
33.67669 0.00000
33.70799 0.00000
33.71935 0.00000
33.79473 0.00000
33.81115 0.00000
33.88769 0.00000
33.89802 0.00000
33.99117 0.00000
34.77350 0.00000
35.05783 0.00000
35.14936 0.00000
35.23587 0.00000
35.32854 0.00000
35.33744 0.00000
35.42920 0.00000
35.45269 0.00000
35.51088 0.00002
35.51598 0.00000
35.57748 0.00000
35.60915 0.00000
35.68053 0.00000
36.45324 0.00000
36.49819 0.00000
36.54619 0.00000
36.59145 0.00000
36.77454 0.00000
36.77463 0.00000
36.83966 0.00001
36.91996 0.00000
36.98444 0.00023
37.01880 0.00000
37.29866 0.00000
38.24070 0.00000
38.26877 0.00016
38.28888 0.00000
41.30618 0.00000
41.36496 0.00000
41.51506 0.00000
41.57399 0.00000
42.62773 0.00000
42.69303 0.00000
42.77359 0.00000
42.77364 0.00000
42.83620 0.00000
42.83870 0.00000
42.90168 0.00000
42.98246 0.00000
43.04776 0.00000
43.19143 0.00000
43.24993 0.00000
43.66958 0.00000
43.72853 0.00000
44.12221 0.00000
44.33078 0.00000
44.51325 0.00000
44.57842 0.00000
44.65871 0.00000
44.72345 0.00000
44.99057 0.00000
45.05608 0.00000
45.13681 0.00000
45.20226 0.00000
46.00751 0.00000
46.48519 0.00000
49.11872 0.00000
49.23433 0.00000
50.54157 0.00000
50.78288 0.00000
50.83460 0.00000
50.83467 0.00000
50.85033 0.00000
50.89022 0.00000
50.89588 0.00000
50.94359 0.00000
50.94365 0.00000
50.94869 0.00000
51.00563 0.00000
51.05996 0.00000
52.21506 0.00000
52.26242 0.00000
52.31321 0.00000
52.36296 0.00000
52.51011 0.00000
52.56400 0.00000
52.57276 0.00000
52.62180 0.00000
52.62842 0.00000
52.67643 0.00000
52.68613 0.00000
52.68668 0.00000
52.74318 0.00000
52.75428 0.00000
52.77819 0.00000
52.84711 0.00000
53.99370 0.00000
54.00332 0.00000
54.05445 0.00000
54.06585 0.00000
54.08142 0.00000
54.15558 0.00000
54.15567 0.00000
54.23213 0.00000
54.24793 0.00000
54.30024 0.00000
54.32576 0.00000
54.35848 0.00000
54.41583 0.00000
54.47972 0.00000
54.51494 0.00000
54.58075 0.00000
54.61043 0.00000
54.67855 0.00000
54.71489 0.00000
54.78452 0.00000
55.49456 0.00000
55.49462 0.00000
55.58396 0.00000
55.73269 0.00000
55.79961 0.00000
55.79967 0.00000
55.82613 0.00000
55.88257 0.00000
55.88263 0.00000
55.89609 0.00000
55.91508 0.00000
55.95501 0.00000
55.98302 0.00000
55.98849 0.00000
56.01550 0.00000
56.05750 0.00000
56.08002 0.00000
56.09101 0.00000
56.15723 0.00000
56.18526 0.00000
56.26389 0.00000
56.38382 0.00000
56.44944 0.00000
57.22907 0.00000
57.32502 0.00000
57.41708 0.00000
57.51911 0.00000
57.69590 0.00000
57.76537 0.00000
57.85170 0.00000
57.92586 0.00000
59.19442 0.00000
59.64708 0.00000
59.72559 0.00000
61.35419 0.00000
61.39258 0.00000
62.85595 0.00000
64.10558 0.00000
64.14693 0.00000
64.19856 0.00000
64.24025 0.00000
65.46215 0.00000
65.50716 0.00000
68.73962 0.00000
68.96202 0.00000
69.97041 0.00000
70.01952 0.00000
70.08037 0.00000
70.13139 0.00000
70.19022 0.00000
70.23997 0.00000
70.29980 0.00000
70.35228 0.00000
70.57783 0.00000
70.60170 0.00000
70.72975 0.00000
71.12016 0.00000
71.32848 0.00000
71.38276 0.00000
71.53137 0.00000
71.54603 0.00000
71.60187 0.00000
71.77400 0.00000
71.84398 0.00000
71.88792 0.00000
71.93846 0.00000
71.98747 0.00000
72.00345 0.00000
72.10358 0.00000
72.10362 0.00000
72.16324 0.00000
72.16701 0.00000
72.26973 0.00000
72.31715 0.00000
72.34387 0.00000
72.34598 0.00000
72.39534 0.00000
72.44415 0.00000
72.49426 0.00000
72.50748 0.00000
72.50905 0.00000
72.64310 0.00000
72.95380 0.00000
73.12242 0.00000
73.19922 0.00000
73.21613 0.00000
73.24890 0.00000
73.25197 0.00000
73.31618 0.00000
73.36397 0.00000
73.47057 0.00000
73.54577 0.00000
73.59319 0.00000
73.66439 0.00000
73.68434 0.00000
73.69569 0.00000
73.75583 0.00000
73.75908 0.00000
73.82094 0.00000
73.83769 0.00000
73.85638 0.00000
73.93045 0.00000
73.97021 0.00000
74.03004 0.00000
74.08879 0.00000
74.18762 0.00000
74.69970 0.00000
74.74858 0.00000
74.79285 0.00000
74.83965 0.00000
74.87108 0.00000
75.00120 0.00000
75.00354 0.00000
75.00365 0.00000
75.00543 0.00000
75.03642 0.00000
75.09842 0.00000
75.17209 0.00000
75.21666 0.00000
75.36769 0.00000
75.46088 0.00000
75.53906 0.00000
75.63040 0.00000
75.64142 0.00000
75.90889 0.00000
76.42597 0.00000
76.53374 0.00000
76.59624 0.00000
76.64586 0.00000
76.66930 0.00000
76.71150 0.00000
76.82747 0.00000
77.00220 0.00000
77.34716 0.00000
77.51279 0.00000
78.45296 0.00000
78.65709 0.00000
80.74986 0.00000
80.92818 0.00000
81.67960 0.00000
81.67966 0.00000
81.86256 0.00000
81.88444 0.00000
82.06531 0.00000
82.12582 0.00000
82.18842 0.00000
82.29552 0.00000
82.30467 0.00000
82.43953 0.00000
82.47343 0.00000
82.74436 0.00000
82.94618 0.00000
83.11736 0.00000
83.13040 0.00000
83.31278 0.00000
83.31811 0.00000
83.37742 0.00000
83.42418 0.00000
83.55721 0.00000
83.57478 0.00000
83.60274 0.00000
83.69156 0.00000
83.69167 0.00000
83.72410 0.00000
83.81033 0.00000
83.88717 0.00000
83.89787 0.00000
83.97591 0.00000
84.09129 0.00000
84.11980 0.00000
84.28500 0.00000
84.32180 0.00000
84.32600 0.00000
84.48621 0.00000
84.55885 0.00000
84.81925 0.00000
84.84546 0.00000
85.09964 0.00000
85.13731 0.00000
85.28040 0.00000
85.34256 0.00000
85.34264 0.00000
85.41395 0.00000
85.46953 0.00000
85.61516 0.00000
85.69720 0.00000
85.85893 0.00000
86.71827 0.00000
86.98370 0.00000
91.67986 0.00000
98.24725 0.00000
98.36227 0.00000
99.52644 0.00000
99.58244 0.00000
104.61200 0.00000
104.87550 0.00000
104.94151 0.00000
104.94171 0.00000
105.20006 0.00000
105.89275 0.00000
106.10977 0.00000
106.11069 0.00000
106.15630 0.00000
106.36777 0.00000
106.43854 0.00000
107.22629 0.00000
107.38960 0.00000
107.38968 0.00000
107.51970 0.00000
107.60475 0.00000
108.50776 0.00000
108.68921 0.00000
141.55508 0.00000
