-20.00000 0.03381
-19.95000 0.03367
-19.90000 0.03354
-19.85000 0.03343
-19.80000 0.03334
-19.75000 0.03329
-19.70000 0.03328
-19.65000 0.03330
-19.60000 0.03335
-19.55000 0.03344
-19.50000 0.03356
-19.45000 0.03370
-19.40000 0.03385
-19.35000 0.03402
-19.30000 0.03419
-19.25000 0.03435
-19.20000 0.03450
-19.15000 0.03464
-19.10000 0.03475
-19.05000 0.03484
-19.00000 0.03490
-18.95000 0.03494
-18.90000 0.03495
-18.85000 0.03494
-18.80000 0.03490
-18.75000 0.03486
-18.70000 0.03481
-18.65000 0.03475
-18.60000 0.03470
-18.55000 0.03466
-18.50000 0.03463
-18.45000 0.03462
-18.40000 0.03464
-18.35000 0.03468
-18.30000 0.03475
-18.25000 0.03485
-18.20000 0.03497
-18.15000 0.03513
-18.10000 0.03530
-18.05000 0.03550
-18.00000 0.03571
-17.95000 0.03594
-17.90000 0.03617
-17.85000 0.03641
-17.80000 0.03665
-17.75000 0.03688
-17.70000 0.03712
-17.65000 0.03734
-17.60000 0.03756
-17.55000 0.03777
-17.50000 0.03798
-17.45000 0.03819
-17.40000 0.03840
-17.35000 0.03862
-17.30000 0.03885
-17.25000 0.03910
-17.20000 0.03937
-17.15000 0.03967
-17.10000 0.04001
-17.05000 0.04040
-17.00000 0.04084
-16.95000 0.04135
-16.90000 0.04192
-16.85000 0.04257
-16.80000 0.04330
-16.75000 0.04412
-16.70000 0.04504
-16.65000 0.04606
-16.60000 0.04719
-16.55000 0.04844
-16.50000 0.04980
-16.45000 0.05128
-16.40000 0.05289
-16.35000 0.05462
-16.30000 0.05648
-16.25000 0.05845
-16.20000 0.06054
-16.15000 0.06274
-16.10000 0.06504
-16.05000 0.06743
-16.00000 0.06991
-15.95000 0.07244
-15.90000 0.07503
-15.85000 0.07765
-15.80000 0.08029
-15.75000 0.08293
-15.70000 0.08554
-15.65000 0.08813
-15.60000 0.09066
-15.55000 0.09313
-15.50000 0.09553
-15.45000 0.09786
-15.40000 0.10011
-15.35000 0.10228
-15.30000 0.10439
-15.25000 0.10644
-15.20000 0.10845
-15.15000 0.11044
-15.10000 0.11244
-15.05000 0.11448
-15.00000 0.11657
-14.95000 0.11875
-14.90000 0.12105
-14.85000 0.12350
-14.80000 0.12612
-14.75000 0.12893
-14.70000 0.13196
-14.65000 0.13522
-14.60000 0.13871
-14.55000 0.14244
-14.50000 0.14641
-14.45000 0.15060
-14.40000 0.15502
-14.35000 0.15963
-14.30000 0.16442
-14.25000 0.16938
-14.20000 0.17447
-14.15000 0.17967
-14.10000 0.18496
-14.05000 0.19030
-14.00000 0.19568
-13.95000 0.20106
-13.90000 0.20643
-13.85000 0.21175
-13.80000 0.21700
-13.75000 0.22214
-13.70000 0.22714
-13.65000 0.23197
-13.60000 0.23658
-13.55000 0.24095
-13.50000 0.24502
-13.45000 0.24875
-13.40000 0.25210
-13.35000 0.25502
-13.30000 0.25747
-13.25000 0.25943
-13.20000 0.26086
-13.15000 0.26174
-13.10000 0.26207
-13.05000 0.26185
-13.00000 0.26109
-12.95000 0.25980
-12.90000 0.25803
-12.85000 0.25581
-12.80000 0.25319
-12.75000 0.25021
-12.70000 0.24694
-12.65000 0.24341
-12.60000 0.23970
-12.55000 0.23584
-12.50000 0.23188
-12.45000 0.22785
-12.40000 0.22380
-12.35000 0.21974
-12.30000 0.21569
-12.25000 0.21168
-12.20000 0.20771
-12.15000 0.20381
-12.10000 0.19997
-12.05000 0.19621
-12.00000 0.19254
-11.95000 0.18897
-11.90000 0.18553
-11.85000 0.18221
-11.80000 0.17905
-11.75000 0.17607
-11.70000 0.17328
-11.65000 0.17069
-11.60000 0.16834
-11.55000 0.16624
-11.50000 0.16438
-11.45000 0.16279
-11.40000 0.16145
-11.35000 0.16037
-11.30000 0.15953
-11.25000 0.15892
-11.20000 0.15851
-11.15000 0.15828
-11.10000 0.15820
-11.05000 0.15824
-11.00000 0.15835
-10.95000 0.15852
-10.90000 0.15870
-10.85000 0.15887
-10.80000 0.15900
-10.75000 0.15906
-10.70000 0.15905
-10.65000 0.15895
-10.60000 0.15874
-10.55000 0.15845
-10.50000 0.15805
-10.45000 0.15758
-10.40000 0.15703
-10.35000 0.15643
-10.30000 0.15580
-10.25000 0.15515
-10.20000 0.15452
-10.15000 0.15393
-10.10000 0.15339
-10.05000 0.15295
-10.00000 0.15262
-9.95000 0.15242
-9.90000 0.15238
-9.85000 0.15252
-9.80000 0.15286
-9.75000 0.15341
-9.70000 0.15421
-9.65000 0.15526
-9.60000 0.15658
-9.55000 0.15818
-9.50000 0.16009
-9.45000 0.16231
-9.40000 0.16487
-9.35000 0.16778
-9.30000 0.17106
-9.25000 0.17474
-9.20000 0.17883
-9.15000 0.18337
-9.10000 0.18839
-9.05000 0.19393
-9.00000 0.20004
-8.95000 0.20676
-8.90000 0.21416
-8.85000 0.22229
-8.80000 0.23124
-8.75000 0.24107
-8.70000 0.25188
-8.65000 0.26374
-8.60000 0.27676
-8.55000 0.29104
-8.50000 0.30666
-8.45000 0.32373
-8.40000 0.34236
-8.35000 0.36263
-8.30000 0.38464
-8.25000 0.40848
-8.20000 0.43423
-8.15000 0.46198
-8.10000 0.49179
-8.05000 0.52374
-8.00000 0.55787
-7.95000 0.59425
-7.90000 0.63292
-7.85000 0.67393
-7.80000 0.71733
-7.75000 0.76316
-7.70000 0.81147
-7.65000 0.86231
-7.60000 0.91574
-7.55000 0.97182
-7.50000 1.03063
-7.45000 1.09227
-7.40000 1.15682
-7.35000 1.22441
-7.30000 1.29517
-7.25000 1.36922
-7.20000 1.44674
-7.15000 1.52786
-7.10000 1.61277
-7.05000 1.70163
-7.00000 1.79461
-6.95000 1.89187
-6.90000 1.99358
-6.85000 2.09989
-6.80000 2.21092
-6.75000 2.32678
-6.70000 2.44758
-6.65000 2.57338
-6.60000 2.70424
-6.55000 2.84017
-6.50000 2.98118
-6.45000 3.12725
-6.40000 3.27834
-6.35000 3.43438
-6.30000 3.59529
-6.25000 3.76097
-6.20000 3.93131
-6.15000 4.10617
-6.10000 4.28540
-6.05000 4.46883
-6.00000 4.65626
-5.95000 4.84748
-5.90000 5.04224
-5.85000 5.24025
-5.80000 5.44118
-5.75000 5.64465
-5.70000 5.85023
-5.65000 6.05742
-5.60000 6.26565
-5.55000 6.47427
-5.50000 6.68253
-5.45000 6.88961
-5.40000 7.09457
-5.35000 7.29637
-5.30000 7.49389
-5.25000 7.68587
-5.20000 7.87098
-5.15000 8.04777
-5.10000 8.21475
-5.05000 8.37033
-5.00000 8.51290
-4.95000 8.64084
-4.90000 8.75252
-4.85000 8.84638
-4.80000 8.92094
-4.75000 8.97484
-4.70000 9.00687
-4.65000 9.01604
-4.60000 9.00157
-4.55000 8.96295
-4.50000 8.89998
-4.45000 8.81272
-4.40000 8.70158
-4.35000 8.56730
-4.30000 8.41089
-4.25000 8.23371
-4.20000 8.03735
-4.15000 7.82366
-4.10000 7.59471
-4.05000 7.35269
-4.00000 7.09993
-3.95000 6.83882
-3.90000 6.57173
-3.85000 6.30102
-3.80000 6.02893
-3.75000 5.75758
-3.70000 5.48892
-3.65000 5.22467
-3.60000 4.96635
-3.55000 4.71523
-3.50000 4.47232
-3.45000 4.23841
-3.40000 4.01403
-3.35000 3.79951
-3.30000 3.59498
-3.25000 3.40039
-3.20000 3.21557
-3.15000 3.04025
-3.10000 2.87407
-3.05000 2.71662
-3.00000 2.56749
-2.95000 2.42626
-2.90000 2.29255
-2.85000 2.16599
-2.80000 2.04628
-2.75000 1.93314
-2.70000 1.82637
-2.65000 1.72578
-2.60000 1.63124
-2.55000 1.54264
-2.50000 1.45988
-2.45000 1.38288
-2.40000 1.31155
-2.35000 1.24579
-2.30000 1.18549
-2.25000 1.13051
-2.20000 1.08067
-2.15000 1.03578
-2.10000 0.99561
-2.05000 0.95990
-2.00000 0.92834
-1.95000 0.90061
-1.90000 0.87639
-1.85000 0.85529
-1.80000 0.83696
-1.75000 0.82102
-1.70000 0.80708
-1.65000 0.79478
-1.60000 0.78377
-1.55000 0.77371
-1.50000 0.76431
-1.45000 0.75529
-1.40000 0.74643
-1.35000 0.73753
-1.30000 0.72846
-1.25000 0.71911
-1.20000 0.70945
-1.15000 0.69947
-1.10000 0.68919
-1.05000 0.67871
-1.00000 0.66813
-0.95000 0.65757
-0.90000 0.64719
-0.85000 0.63715
-0.80000 0.62761
-0.75000 0.61874
-0.70000 0.61069
-0.65000 0.60359
-0.60000 0.59755
-0.55000 0.59266
-0.50000 0.58897
-0.45000 0.58650
-0.40000 0.58525
-0.35000 0.58518
-0.30000 0.58621
-0.25000 0.58826
-0.20000 0.59121
-0.15000 0.59493
-0.10000 0.59930
-0.05000 0.60421
0.00000 0.60956
0.05000 0.61529
0.10000 0.62140
0.15000 0.62794
0.20000 0.63508
0.25000 0.64304
0.30000 0.65220
0.35000 0.66305
0.40000 0.67620
0.45000 0.69243
0.50000 0.71260
0.55000 0.73773
0.60000 0.76889
0.65000 0.80719
0.70000 0.85373
0.75000 0.90952
0.80000 0.97540
0.85000 1.05195
0.90000 1.13941
0.95000 1.23756
1.00000 1.34572
1.05000 1.46259
1.10000 1.58631
1.15000 1.71444
1.20000 1.84399
1.25000 1.97153
1.30000 2.09334
1.35000 2.20554
1.40000 2.30428
1.45000 2.38601
1.50000 2.44759
1.55000 2.48655
1.60000 2.50121
1.65000 2.49081
1.70000 2.45555
1.75000 2.39658
1.80000 2.31596
1.85000 2.21654
1.90000 2.10182
1.95000 1.97574
2.00000 1.84250
2.05000 1.70637
2.10000 1.57150
2.15000 1.44177
2.20000 1.32066
2.25000 1.21115
2.30000 1.11570
2.35000 1.03618
2.40000 0.97388
2.45000 0.92955
2.50000 0.90339
2.55000 0.89513
2.60000 0.90398
2.65000 0.92874
2.70000 0.96779
2.75000 1.01912
2.80000 1.08039
2.85000 1.14895
2.90000 1.22189
2.95000 1.29617
3.00000 1.36866
3.05000 1.43627
3.10000 1.49605
3.15000 1.54534
3.20000 1.58187
3.25000 1.60386
3.30000 1.61009
3.35000 1.59998
3.40000 1.57362
3.45000 1.53169
3.50000 1.47545
3.55000 1.40666
3.60000 1.32746
3.65000 1.24023
3.70000 1.14748
3.75000 1.05170
3.80000 0.95527
3.85000 0.86032
3.90000 0.76872
3.95000 0.68195
4.00000 0.60117
4.05000 0.52713
4.10000 0.46028
4.15000 0.40073
4.20000 0.34835
4.25000 0.30282
4.30000 0.26366
4.35000 0.23029
4.40000 0.20209
4.45000 0.17841
4.50000 0.15863
4.55000 0.14217
4.60000 0.12849
4.65000 0.11712
4.70000 0.10765
4.75000 0.09973
4.80000 0.09307
4.85000 0.08742
4.90000 0.08258
4.95000 0.07841
5.00000 0.07477
5.05000 0.07156
5.10000 0.06871
5.15000 0.06614
5.20000 0.06382
5.25000 0.06171
5.30000 0.05976
5.35000 0.05796
5.40000 0.05630
5.45000 0.05474
5.50000 0.05329
5.55000 0.05192
5.60000 0.05063
5.65000 0.04941
5.70000 0.04826
5.75000 0.04717
5.80000 0.04613
5.85000 0.04514
5.90000 0.04419
5.95000 0.04329
6.00000 0.04243
6.05000 0.04160
6.10000 0.04080
6.15000 0.04004
6.20000 0.03931
6.25000 0.03860
6.30000 0.03792
6.35000 0.03727
6.40000 0.03663
6.45000 0.03602
6.50000 0.03543
6.55000 0.03486
6.60000 0.03430
6.65000 0.03377
6.70000 0.03325
6.75000 0.03275
6.80000 0.03226
6.85000 0.03178
6.90000 0.03132
6.95000 0.03087
7.00000 0.03044
7.05000 0.03001
7.10000 0.02960
7.15000 0.02920
7.20000 0.02881
7.25000 0.02843
7.30000 0.02805
7.35000 0.02769
7.40000 0.02734
7.45000 0.02699
7.50000 0.02666
7.55000 0.02633
7.60000 0.02601
7.65000 0.02569
7.70000 0.02538
7.75000 0.02509
7.80000 0.02479
7.85000 0.02451
7.90000 0.02423
7.95000 0.02395
8.00000 0.02368
8.05000 0.02342
8.10000 0.02316
8.15000 0.02291
8.20000 0.02266
8.25000 0.02242
8.30000 0.02219
8.35000 0.02195
8.40000 0.02173
8.45000 0.02150
8.50000 0.02129
8.55000 0.02107
8.60000 0.02086
8.65000 0.02066
8.70000 0.02045
8.75000 0.02026
8.80000 0.02006
8.85000 0.01987
8.90000 0.01968
8.95000 0.01950
9.00000 0.01932
9.05000 0.01914
9.10000 0.01897
9.15000 0.01880
9.20000 0.01863
9.25000 0.01847
9.30000 0.01831
9.35000 0.01815
9.40000 0.01800
9.45000 0.01785
9.50000 0.01770
9.55000 0.01755
9.60000 0.01741
9.65000 0.01727
9.70000 0.01713
9.75000 0.01700
9.80000 0.01687
9.85000 0.01674
9.90000 0.01661
9.95000 0.01649
10.00000 0.01637
10.05000 0.01625
10.10000 0.01613
10.15000 0.01602
10.20000 0.01591
10.25000 0.01580
10.30000 0.01570
10.35000 0.01559
10.40000 0.01549
10.45000 0.01540
10.50000 0.01530
10.55000 0.01521
10.60000 0.01512
10.65000 0.01504
10.70000 0.01496
10.75000 0.01488
10.80000 0.01480
10.85000 0.01473
10.90000 0.01466
10.95000 0.01460
11.00000 0.01454
11.05000 0.01449
11.10000 0.01444
11.15000 0.01440
11.20000 0.01436
11.25000 0.01433
11.30000 0.01431
11.35000 0.01430
11.40000 0.01430
11.45000 0.01431
11.50000 0.01434
11.55000 0.01439
11.60000 0.01445
11.65000 0.01455
11.70000 0.01467
11.75000 0.01484
11.80000 0.01504
11.85000 0.01530
11.90000 0.01561
11.95000 0.01599
12.00000 0.01645
12.05000 0.01699
12.10000 0.01763
12.15000 0.01836
12.20000 0.01921
12.25000 0.02016
12.30000 0.02122
12.35000 0.02238
12.40000 0.02365
12.45000 0.02499
12.50000 0.02641
12.55000 0.02786
12.60000 0.02933
12.65000 0.03078
12.70000 0.03218
12.75000 0.03349
12.80000 0.03468
12.85000 0.03571
12.90000 0.03656
12.95000 0.03720
13.00000 0.03763
13.05000 0.03782
13.10000 0.03778
13.15000 0.03753
13.20000 0.03708
13.25000 0.03646
13.30000 0.03571
13.35000 0.03487
13.40000 0.03399
13.45000 0.03311
13.50000 0.03229
13.55000 0.03157
13.60000 0.03100
13.65000 0.03063
13.70000 0.03050
13.75000 0.03065
13.80000 0.03112
13.85000 0.03193
13.90000 0.03310
13.95000 0.03465
14.00000 0.03658
14.05000 0.03890
14.10000 0.04159
14.15000 0.04462
14.20000 0.04798
14.25000 0.05160
14.30000 0.05543
14.35000 0.05940
14.40000 0.06342
14.45000 0.06742
14.50000 0.07127
14.55000 0.07490
14.60000 0.07820
14.65000 0.08108
14.70000 0.08345
14.75000 0.08524
14.80000 0.08640
14.85000 0.08690
14.90000 0.08672
14.95000 0.08588
15.00000 0.08441
15.05000 0.08235
15.10000 0.07979
15.15000 0.07681
15.20000 0.07349
15.25000 0.06995
15.30000 0.06629
15.35000 0.06260
15.40000 0.05898
15.45000 0.05551
15.50000 0.05226
15.55000 0.04929
15.60000 0.04664
15.65000 0.04433
15.70000 0.04238
15.75000 0.04080
15.80000 0.03957
15.85000 0.03866
15.90000 0.03804
15.95000 0.03768
16.00000 0.03754
16.05000 0.03756
16.10000 0.03770
16.15000 0.03791
16.20000 0.03813
16.25000 0.03833
16.30000 0.03847
16.35000 0.03850
16.40000 0.03840
16.45000 0.03815
16.50000 0.03774
16.55000 0.03715
16.60000 0.03639
16.65000 0.03547
16.70000 0.03440
16.75000 0.03320
16.80000 0.03190
16.85000 0.03051
16.90000 0.02907
16.95000 0.02760
17.00000 0.02613
17.05000 0.02468
17.10000 0.02327
17.15000 0.02191
17.20000 0.02062
17.25000 0.01941
17.30000 0.01829
17.35000 0.01724
17.40000 0.01629
17.45000 0.01542
17.50000 0.01463
17.55000 0.01391
17.60000 0.01326
17.65000 0.01268
17.70000 0.01216
17.75000 0.01168
17.80000 0.01126
17.85000 0.01087
17.90000 0.01052
17.95000 0.01020
18.00000 0.00991
18.05000 0.00964
18.10000 0.00939
18.15000 0.00917
18.20000 0.00896
18.25000 0.00876
18.30000 0.00858
18.35000 0.00841
18.40000 0.00825
18.45000 0.00810
18.50000 0.00796
18.55000 0.00783
18.60000 0.00770
18.65000 0.00758
18.70000 0.00747
18.75000 0.00736
18.80000 0.00726
18.85000 0.00716
18.90000 0.00707
18.95000 0.00698
19.00000 0.00689
19.05000 0.00681
19.10000 0.00673
19.15000 0.00665
19.20000 0.00658
19.25000 0.00651
19.30000 0.00644
19.35000 0.00637
19.40000 0.00631
19.45000 0.00625
19.50000 0.00619
19.55000 0.00613
19.60000 0.00607
19.65000 0.00602
19.70000 0.00596
19.75000 0.00591
19.80000 0.00586
19.85000 0.00581
19.90000 0.00577
19.95000 0.00572
20.00000 0.00567
