-5.00000 0.00008
-4.90000 0.00008
-4.80000 0.00008
-4.70000 0.00008
-4.60000 0.00009
-4.50000 0.00009
-4.40000 0.00009
-4.30000 0.00009
-4.20000 0.00010
-4.10000 0.00010
-4.00000 0.00010
-3.90000 0.00011
-3.80000 0.00011
-3.70000 0.00011
-3.60000 0.00012
-3.50000 0.00012
-3.40000 0.00012
-3.30000 0.00013
-3.20000 0.00013
-3.10000 0.00014
-3.00000 0.00014
-2.90000 0.00015
-2.80000 0.00015
-2.70000 0.00016
-2.60000 0.00016
-2.50000 0.00017
-2.40000 0.00018
-2.30000 0.00018
-2.20000 0.00019
-2.10000 0.00020
-2.00000 0.00020
-1.90000 0.00021
-1.80000 0.00022
-1.70000 0.00023
-1.60000 0.00024
-1.50000 0.00025
-1.40000 0.00026
-1.30000 0.00027
-1.20000 0.00029
-1.10000 0.00030
-1.00000 0.00032
-0.90000 0.00033
-0.80000 0.00035
-0.70000 0.00037
-0.60000 0.00039
-0.50000 0.00041
-0.40000 0.00043
-0.30000 0.00046
-0.20000 0.00048
-0.10000 0.00051
0.00000 0.00055
0.10000 0.00058
0.20000 0.00062
0.30000 0.00067
0.40000 0.00072
0.50000 0.00078
0.60000 0.00084
0.70000 0.00092
0.80000 0.00101
0.90000 0.00111
1.00000 0.00124
1.10000 0.00140
1.20000 0.00161
1.30000 0.00188
1.40000 0.00227
1.50000 0.00282
1.60000 0.00362
1.70000 0.00478
1.80000 0.00645
1.90000 0.00877
2.00000 0.01188
2.10000 0.01586
2.20000 0.02069
2.30000 0.02623
2.40000 0.03219
2.50000 0.03816
2.60000 0.04371
2.70000 0.04853
2.80000 0.05247
2.90000 0.05569
3.00000 0.05863
3.10000 0.06187
3.20000 0.06600
3.30000 0.07135
3.40000 0.07785
3.50000 0.08496
3.60000 0.09168
3.70000 0.09684
3.80000 0.09929
3.90000 0.09828
4.00000 0.09360
4.10000 0.08563
4.20000 0.07527
4.30000 0.06369
4.40000 0.05211
4.50000 0.04155
4.60000 0.03275
4.70000 0.02608
4.80000 0.02161
4.90000 0.01919
5.00000 0.01851
5.10000 0.01918
5.20000 0.02077
5.30000 0.02283
5.40000 0.02493
5.50000 0.02670
5.60000 0.02785
5.70000 0.02821
5.80000 0.02773
5.90000 0.02648
6.00000 0.02462
6.10000 0.02234
6.20000 0.01984
6.30000 0.01729
6.40000 0.01483
6.50000 0.01257
6.60000 0.01056
6.70000 0.00884
6.80000 0.00743
6.90000 0.00631
7.00000 0.00547
7.10000 0.00487
7.20000 0.00446
7.30000 0.00418
7.40000 0.00397
7.50000 0.00379
7.60000 0.00360
7.70000 0.00338
7.80000 0.00312
7.90000 0.00282
8.00000 0.00250
8.10000 0.00217
8.20000 0.00185
8.30000 0.00156
8.40000 0.00131
8.50000 0.00110
8.60000 0.00093
8.70000 0.00080
8.80000 0.00070
8.90000 0.00064
9.00000 0.00061
9.10000 0.00061
9.20000 0.00064
9.30000 0.00070
9.40000 0.00080
9.50000 0.00093
9.60000 0.00110
9.70000 0.00129
9.80000 0.00150
9.90000 0.00170
10.00000 0.00187
10.10000 0.00199
10.20000 0.00205
10.30000 0.00202
10.40000 0.00193
10.50000 0.00177
10.60000 0.00156
10.70000 0.00133
10.80000 0.00111
10.90000 0.00090
11.00000 0.00072
11.10000 0.00057
11.20000 0.00045
11.30000 0.00037
11.40000 0.00030
11.50000 0.00026
11.60000 0.00022
11.70000 0.00020
11.80000 0.00018
11.90000 0.00017
12.00000 0.00015
12.10000 0.00015
12.20000 0.00014
12.30000 0.00013
12.40000 0.00012
12.50000 0.00012
12.60000 0.00011
12.70000 0.00011
12.80000 0.00010
12.90000 0.00010
13.00000 0.00010
13.10000 0.00009
13.20000 0.00009
13.30000 0.00009
13.40000 0.00008
13.50000 0.00008
13.60000 0.00008
13.70000 0.00008
13.80000 0.00007
13.90000 0.00007
14.00000 0.00007
14.10000 0.00007
14.20000 0.00007
14.30000 0.00006
14.40000 0.00006
14.50000 0.00006
14.60000 0.00006
14.70000 0.00006
14.80000 0.00005
14.90000 0.00005
15.00000 0.00005
15.10000 0.00005
15.20000 0.00005
15.30000 0.00005
15.40000 0.00005
15.50000 0.00005
15.60000 0.00004
15.70000 0.00004
15.80000 0.00004
15.90000 0.00004
16.00000 0.00004
16.10000 0.00004
16.20000 0.00004
16.30000 0.00004
16.40000 0.00004
16.50000 0.00003
16.60000 0.00003
16.70000 0.00003
16.80000 0.00003
16.90000 0.00003
17.00000 0.00003
17.10000 0.00003
17.20000 0.00003
17.30000 0.00003
17.40000 0.00003
17.50000 0.00003
17.60000 0.00003
17.70000 0.00003
17.80000 0.00002
17.90000 0.00002
18.00000 0.00002
18.10000 0.00002
18.20000 0.00002
18.30000 0.00002
18.40000 0.00002
18.50000 0.00002
18.60000 0.00002
18.70000 0.00002
18.80000 0.00002
18.90000 0.00002
19.00000 0.00002
19.10000 0.00002
19.20000 0.00002
19.30000 0.00002
19.40000 0.00002
19.50000 0.00002
19.60000 0.00001
19.70000 0.00001
19.80000 0.00001
19.90000 0.00001
20.00000 0.00001
20.10000 0.00001
20.20000 0.00001
20.30000 0.00001
20.40000 0.00001
20.50000 0.00001
20.60000 0.00001
20.70000 0.00001
20.80000 0.00001
20.90000 0.00001
21.00000 0.00001
21.10000 0.00001
21.20000 0.00001
21.30000 0.00001
21.40000 0.00001
21.50000 0.00001
21.60000 0.00001
21.70000 0.00001
21.80000 0.00001
21.90000 0.00001
22.00000 0.00001
22.10000 0.00001
22.20000 0.00001
22.30000 0.00001
22.40000 0.00001
22.50000 0.00001
22.60000 0.00000
22.70000 0.00000
22.80000 0.00000
22.90000 0.00000
23.00000 0.00000
23.10000 0.00000
23.20000 0.00000
23.30000 0.00000
23.40000 0.00000
23.50000 0.00000
23.60000 0.00000
23.70000 0.00000
23.80000 0.00000
23.90000 0.00000
24.00000 0.00000
24.10000 0.00000
24.20000 0.00000
24.30000 0.00000
24.40000 0.00000
24.50000 0.00000
24.60000 0.00000
24.70000 0.00000
24.80000 0.00000
24.90000 0.00000
25.00000 0.00000
