-20.00000 -0.00432
-19.95000 -0.00435
-19.90000 -0.00438
-19.85000 -0.00441
-19.80000 -0.00444
-19.75000 -0.00447
-19.70000 -0.00450
-19.65000 -0.00453
-19.60000 -0.00456
-19.55000 -0.00460
-19.50000 -0.00463
-19.45000 -0.00466
-19.40000 -0.00469
-19.35000 -0.00473
-19.30000 -0.00476
-19.25000 -0.00480
-19.20000 -0.00483
-19.15000 -0.00487
-19.10000 -0.00490
-19.05000 -0.00494
-19.00000 -0.00497
-18.95000 -0.00501
-18.90000 -0.00505
-18.85000 -0.00509
-18.80000 -0.00513
-18.75000 -0.00516
-18.70000 -0.00520
-18.65000 -0.00524
-18.60000 -0.00528
-18.55000 -0.00533
-18.50000 -0.00537
-18.45000 -0.00541
-18.40000 -0.00545
-18.35000 -0.00549
-18.30000 -0.00554
-18.25000 -0.00558
-18.20000 -0.00563
-18.15000 -0.00567
-18.10000 -0.00572
-18.05000 -0.00576
-18.00000 -0.00581
-17.95000 -0.00586
-17.90000 -0.00590
-17.85000 -0.00595
-17.80000 -0.00600
-17.75000 -0.00605
-17.70000 -0.00610
-17.65000 -0.00615
-17.60000 -0.00621
-17.55000 -0.00626
-17.50000 -0.00631
-17.45000 -0.00637
-17.40000 -0.00643
-17.35000 -0.00648
-17.30000 -0.00654
-17.25000 -0.00660
-17.20000 -0.00666
-17.15000 -0.00673
-17.10000 -0.00679
-17.05000 -0.00686
-17.00000 -0.00692
-16.95000 -0.00699
-16.90000 -0.00706
-16.85000 -0.00713
-16.80000 -0.00721
-16.75000 -0.00728
-16.70000 -0.00736
-16.65000 -0.00744
-16.60000 -0.00752
-16.55000 -0.00760
-16.50000 -0.00769
-16.45000 -0.00777
-16.40000 -0.00786
-16.35000 -0.00795
-16.30000 -0.00804
-16.25000 -0.00813
-16.20000 -0.00823
-16.15000 -0.00833
-16.10000 -0.00842
-16.05000 -0.00852
-16.00000 -0.00863
-15.95000 -0.00873
-15.90000 -0.00883
-15.85000 -0.00893
-15.80000 -0.00904
-15.75000 -0.00914
-15.70000 -0.00925
-15.65000 -0.00936
-15.60000 -0.00946
-15.55000 -0.00957
-15.50000 -0.00967
-15.45000 -0.00978
-15.40000 -0.00989
-15.35000 -0.01000
-15.30000 -0.01011
-15.25000 -0.01022
-15.20000 -0.01033
-15.15000 -0.01044
-15.10000 -0.01055
-15.05000 -0.01067
-15.00000 -0.01079
-14.95000 -0.01091
-14.90000 -0.01104
-14.85000 -0.01117
-14.80000 -0.01130
-14.75000 -0.01144
-14.70000 -0.01158
-14.65000 -0.01173
-14.60000 -0.01189
-14.55000 -0.01205
-14.50000 -0.01222
-14.45000 -0.01239
-14.40000 -0.01258
-14.35000 -0.01277
-14.30000 -0.01297
-14.25000 -0.01317
-14.20000 -0.01338
-14.15000 -0.01361
-14.10000 -0.01383
-14.05000 -0.01407
-14.00000 -0.01431
-13.95000 -0.01456
-13.90000 -0.01481
-13.85000 -0.01507
-13.80000 -0.01532
-13.75000 -0.01559
-13.70000 -0.01585
-13.65000 -0.01611
-13.60000 -0.01638
-13.55000 -0.01664
-13.50000 -0.01690
-13.45000 -0.01715
-13.40000 -0.01741
-13.35000 -0.01766
-13.30000 -0.01791
-13.25000 -0.01816
-13.20000 -0.01841
-13.15000 -0.01865
-13.10000 -0.01890
-13.05000 -0.01915
-13.00000 -0.01940
-12.95000 -0.01966
-12.90000 -0.01993
-12.85000 -0.02020
-12.80000 -0.02049
-12.75000 -0.02078
-12.70000 -0.02109
-12.65000 -0.02142
-12.60000 -0.02176
-12.55000 -0.02212
-12.50000 -0.02250
-12.45000 -0.02289
-12.40000 -0.02330
-12.35000 -0.02374
-12.30000 -0.02419
-12.25000 -0.02466
-12.20000 -0.02514
-12.15000 -0.02565
-12.10000 -0.02617
-12.05000 -0.02672
-12.00000 -0.02728
-11.95000 -0.02785
-11.90000 -0.02845
-11.85000 -0.02907
-11.80000 -0.02970
-11.75000 -0.03035
-11.70000 -0.03103
-11.65000 -0.03172
-11.60000 -0.03244
-11.55000 -0.03319
-11.50000 -0.03396
-11.45000 -0.03475
-11.40000 -0.03558
-11.35000 -0.03643
-11.30000 -0.03732
-11.25000 -0.03823
-11.20000 -0.03917
-11.15000 -0.04014
-11.10000 -0.04114
-11.05000 -0.04216
-11.00000 -0.04320
-10.95000 -0.04426
-10.90000 -0.04533
-10.85000 -0.04641
-10.80000 -0.04748
-10.75000 -0.04855
-10.70000 -0.04961
-10.65000 -0.05064
-10.60000 -0.05164
-10.55000 -0.05261
-10.50000 -0.05352
-10.45000 -0.05439
-10.40000 -0.05519
-10.35000 -0.05593
-10.30000 -0.05660
-10.25000 -0.05720
-10.20000 -0.05774
-10.15000 -0.05821
-10.10000 -0.05862
-10.05000 -0.05898
-10.00000 -0.05929
-9.95000 -0.05957
-9.90000 -0.05981
-9.85000 -0.06005
-9.80000 -0.06027
-9.75000 -0.06051
-9.70000 -0.06077
-9.65000 -0.06106
-9.60000 -0.06140
-9.55000 -0.06179
-9.50000 -0.06224
-9.45000 -0.06276
-9.40000 -0.06335
-9.35000 -0.06402
-9.30000 -0.06478
-9.25000 -0.06562
-9.20000 -0.06656
-9.15000 -0.06757
-9.10000 -0.06868
-9.05000 -0.06988
-9.00000 -0.07117
-8.95000 -0.07254
-8.90000 -0.07401
-8.85000 -0.07556
-8.80000 -0.07720
-8.75000 -0.07894
-8.70000 -0.08076
-8.65000 -0.08268
-8.60000 -0.08470
-8.55000 -0.08682
-8.50000 -0.08904
-8.45000 -0.09137
-8.40000 -0.09380
-8.35000 -0.09634
-8.30000 -0.09900
-8.25000 -0.10176
-8.20000 -0.10465
-8.15000 -0.10765
-8.10000 -0.11077
-8.05000 -0.11401
-8.00000 -0.11737
-7.95000 -0.12086
-7.90000 -0.12447
-7.85000 -0.12821
-7.80000 -0.13210
-7.75000 -0.13612
-7.70000 -0.14031
-7.65000 -0.14466
-7.60000 -0.14920
-7.55000 -0.15393
-7.50000 -0.15888
-7.45000 -0.16408
-7.40000 -0.16954
-7.35000 -0.17529
-7.30000 -0.18135
-7.25000 -0.18776
-7.20000 -0.19453
-7.15000 -0.20170
-7.10000 -0.20929
-7.05000 -0.21731
-7.00000 -0.22579
-6.95000 -0.23474
-6.90000 -0.24417
-6.85000 -0.25408
-6.80000 -0.26447
-6.75000 -0.27533
-6.70000 -0.28663
-6.65000 -0.29837
-6.60000 -0.31049
-6.55000 -0.32297
-6.50000 -0.33575
-6.45000 -0.34878
-6.40000 -0.36200
-6.35000 -0.37533
-6.30000 -0.38870
-6.25000 -0.40204
-6.20000 -0.41527
-6.15000 -0.42830
-6.10000 -0.44105
-6.05000 -0.45346
-6.00000 -0.46546
-5.95000 -0.47698
-5.90000 -0.48799
-5.85000 -0.49846
-5.80000 -0.50837
-5.75000 -0.51773
-5.70000 -0.52657
-5.65000 -0.53495
-5.60000 -0.54295
-5.55000 -0.55067
-5.50000 -0.55823
-5.45000 -0.56579
-5.40000 -0.57351
-5.35000 -0.58159
-5.30000 -0.59021
-5.25000 -0.59958
-5.20000 -0.60992
-5.15000 -0.62143
-5.10000 -0.63431
-5.05000 -0.64875
-5.00000 -0.66492
-4.95000 -0.68294
-4.90000 -0.70292
-4.85000 -0.72493
-4.80000 -0.74899
-4.75000 -0.77507
-4.70000 -0.80308
-4.65000 -0.83290
-4.60000 -0.86432
-4.55000 -0.89709
-4.50000 -0.93092
-4.45000 -0.96546
-4.40000 -1.00030
-4.35000 -1.03502
-4.30000 -1.06916
-4.25000 -1.10227
-4.20000 -1.13386
-4.15000 -1.16349
-4.10000 -1.19072
-4.05000 -1.21517
-4.00000 -1.23650
-3.95000 -1.25444
-3.90000 -1.26879
-3.85000 -1.27940
-3.80000 -1.28623
-3.75000 -1.28930
-3.70000 -1.28869
-3.65000 -1.28458
-3.60000 -1.27715
-3.55000 -1.26667
-3.50000 -1.25342
-3.45000 -1.23770
-3.40000 -1.21980
-3.35000 -1.20001
-3.30000 -1.17862
-3.25000 -1.15587
-3.20000 -1.13197
-3.15000 -1.10712
-3.10000 -1.08145
-3.05000 -1.05507
-3.00000 -1.02808
-2.95000 -1.00053
-2.90000 -0.97247
-2.85000 -0.94393
-2.80000 -0.91493
-2.75000 -0.88552
-2.70000 -0.85572
-2.65000 -0.82558
-2.60000 -0.79518
-2.55000 -0.76459
-2.50000 -0.73390
-2.45000 -0.70323
-2.40000 -0.67268
-2.35000 -0.64239
-2.30000 -0.61247
-2.25000 -0.58307
-2.20000 -0.55430
-2.15000 -0.52628
-2.10000 -0.49910
-2.05000 -0.47287
-2.00000 -0.44766
-1.95000 -0.42352
-1.90000 -0.40050
-1.85000 -0.37862
-1.80000 -0.35790
-1.75000 -0.33833
-1.70000 -0.31990
-1.65000 -0.30259
-1.60000 -0.28635
-1.55000 -0.27115
-1.50000 -0.25694
-1.45000 -0.24366
-1.40000 -0.23128
-1.35000 -0.21972
-1.30000 -0.20894
-1.25000 -0.19889
-1.20000 -0.18952
-1.15000 -0.18077
-1.10000 -0.17260
-1.05000 -0.16496
-1.00000 -0.15782
-0.95000 -0.15114
-0.90000 -0.14487
-0.85000 -0.13900
-0.80000 -0.13348
-0.75000 -0.12829
-0.70000 -0.12341
-0.65000 -0.11881
-0.60000 -0.11447
-0.55000 -0.11037
-0.50000 -0.10650
-0.45000 -0.10284
-0.40000 -0.09936
-0.35000 -0.09607
-0.30000 -0.09295
-0.25000 -0.08998
-0.20000 -0.08715
-0.15000 -0.08447
-0.10000 -0.08191
-0.05000 -0.07947
0.00000 -0.07714
0.05000 -0.07491
0.10000 -0.07279
0.15000 -0.07075
0.20000 -0.06880
0.25000 -0.06694
0.30000 -0.06515
0.35000 -0.06344
0.40000 -0.06179
0.45000 -0.06021
0.50000 -0.05870
0.55000 -0.05724
0.60000 -0.05583
0.65000 -0.05448
0.70000 -0.05318
0.75000 -0.05193
0.80000 -0.05072
0.85000 -0.04955
0.90000 -0.04843
0.95000 -0.04734
1.00000 -0.04629
1.05000 -0.04528
1.10000 -0.04430
1.15000 -0.04335
1.20000 -0.04244
1.25000 -0.04155
1.30000 -0.04069
1.35000 -0.03986
1.40000 -0.03905
1.45000 -0.03827
1.50000 -0.03752
1.55000 -0.03678
1.60000 -0.03607
1.65000 -0.03538
1.70000 -0.03471
1.75000 -0.03405
1.80000 -0.03342
1.85000 -0.03281
1.90000 -0.03221
1.95000 -0.03163
2.00000 -0.03106
2.05000 -0.03051
2.10000 -0.02997
2.15000 -0.02945
2.20000 -0.02895
2.25000 -0.02845
2.30000 -0.02797
2.35000 -0.02750
2.40000 -0.02704
2.45000 -0.02660
2.50000 -0.02616
2.55000 -0.02574
2.60000 -0.02533
2.65000 -0.02492
2.70000 -0.02453
2.75000 -0.02414
2.80000 -0.02377
2.85000 -0.02340
2.90000 -0.02305
2.95000 -0.02270
3.00000 -0.02236
3.05000 -0.02202
3.10000 -0.02170
3.15000 -0.02138
3.20000 -0.02106
3.25000 -0.02076
3.30000 -0.02046
3.35000 -0.02017
3.40000 -0.01988
3.45000 -0.01961
3.50000 -0.01933
3.55000 -0.01906
3.60000 -0.01880
3.65000 -0.01855
3.70000 -0.01829
3.75000 -0.01805
3.80000 -0.01781
3.85000 -0.01757
3.90000 -0.01734
3.95000 -0.01711
4.00000 -0.01689
4.05000 -0.01667
4.10000 -0.01646
4.15000 -0.01625
4.20000 -0.01604
4.25000 -0.01584
4.30000 -0.01564
4.35000 -0.01545
4.40000 -0.01526
4.45000 -0.01507
4.50000 -0.01489
4.55000 -0.01471
4.60000 -0.01453
4.65000 -0.01436
4.70000 -0.01419
4.75000 -0.01402
4.80000 -0.01386
4.85000 -0.01369
4.90000 -0.01354
4.95000 -0.01338
5.00000 -0.01323
5.05000 -0.01308
5.10000 -0.01293
5.15000 -0.01278
5.20000 -0.01264
5.25000 -0.01250
5.30000 -0.01236
5.35000 -0.01222
5.40000 -0.01209
5.45000 -0.01196
5.50000 -0.01183
5.55000 -0.01170
5.60000 -0.01158
5.65000 -0.01145
5.70000 -0.01133
5.75000 -0.01121
5.80000 -0.01110
5.85000 -0.01098
5.90000 -0.01087
5.95000 -0.01076
6.00000 -0.01065
6.05000 -0.01054
6.10000 -0.01043
6.15000 -0.01032
6.20000 -0.01022
6.25000 -0.01012
6.30000 -0.01002
6.35000 -0.00992
6.40000 -0.00982
6.45000 -0.00973
6.50000 -0.00963
6.55000 -0.00954
6.60000 -0.00945
6.65000 -0.00936
6.70000 -0.00927
6.75000 -0.00918
6.80000 -0.00909
6.85000 -0.00901
6.90000 -0.00892
6.95000 -0.00884
7.00000 -0.00876
7.05000 -0.00868
7.10000 -0.00860
7.15000 -0.00852
7.20000 -0.00844
7.25000 -0.00836
7.30000 -0.00829
7.35000 -0.00821
7.40000 -0.00814
7.45000 -0.00807
7.50000 -0.00800
7.55000 -0.00793
7.60000 -0.00786
7.65000 -0.00779
7.70000 -0.00772
7.75000 -0.00765
7.80000 -0.00759
7.85000 -0.00752
7.90000 -0.00746
7.95000 -0.00740
8.00000 -0.00733
8.05000 -0.00727
8.10000 -0.00721
8.15000 -0.00715
8.20000 -0.00709
8.25000 -0.00703
8.30000 -0.00697
8.35000 -0.00692
8.40000 -0.00686
8.45000 -0.00680
8.50000 -0.00675
8.55000 -0.00669
8.60000 -0.00664
8.65000 -0.00659
8.70000 -0.00653
8.75000 -0.00648
8.80000 -0.00643
8.85000 -0.00638
8.90000 -0.00633
8.95000 -0.00628
9.00000 -0.00623
9.05000 -0.00618
9.10000 -0.00614
9.15000 -0.00609
9.20000 -0.00604
9.25000 -0.00600
9.30000 -0.00595
9.35000 -0.00590
9.40000 -0.00586
9.45000 -0.00582
9.50000 -0.00577
9.55000 -0.00573
9.60000 -0.00569
9.65000 -0.00564
9.70000 -0.00560
9.75000 -0.00556
9.80000 -0.00552
9.85000 -0.00548
9.90000 -0.00544
9.95000 -0.00540
10.00000 -0.00536
10.05000 -0.00532
10.10000 -0.00529
10.15000 -0.00525
10.20000 -0.00521
10.25000 -0.00517
10.30000 -0.00514
10.35000 -0.00510
10.40000 -0.00507
10.45000 -0.00503
10.50000 -0.00499
10.55000 -0.00496
10.60000 -0.00493
10.65000 -0.00489
10.70000 -0.00486
10.75000 -0.00482
10.80000 -0.00479
10.85000 -0.00476
10.90000 -0.00473
10.95000 -0.00470
11.00000 -0.00466
11.05000 -0.00463
11.10000 -0.00460
11.15000 -0.00457
11.20000 -0.00454
11.25000 -0.00451
11.30000 -0.00448
11.35000 -0.00445
11.40000 -0.00442
11.45000 -0.00439
11.50000 -0.00436
11.55000 -0.00434
11.60000 -0.00431
11.65000 -0.00428
11.70000 -0.00425
11.75000 -0.00423
11.80000 -0.00420
11.85000 -0.00417
11.90000 -0.00415
11.95000 -0.00412
12.00000 -0.00409
12.05000 -0.00407
12.10000 -0.00404
12.15000 -0.00402
12.20000 -0.00399
12.25000 -0.00397
12.30000 -0.00394
12.35000 -0.00392
12.40000 -0.00389
12.45000 -0.00387
12.50000 -0.00385
12.55000 -0.00382
12.60000 -0.00380
12.65000 -0.00378
12.70000 -0.00376
12.75000 -0.00373
12.80000 -0.00371
12.85000 -0.00369
12.90000 -0.00367
12.95000 -0.00364
13.00000 -0.00362
13.05000 -0.00360
13.10000 -0.00358
13.15000 -0.00356
13.20000 -0.00354
13.25000 -0.00352
13.30000 -0.00350
13.35000 -0.00348
13.40000 -0.00346
13.45000 -0.00344
13.50000 -0.00342
13.55000 -0.00340
13.60000 -0.00338
13.65000 -0.00336
13.70000 -0.00334
13.75000 -0.00332
13.80000 -0.00330
13.85000 -0.00328
13.90000 -0.00327
13.95000 -0.00325
14.00000 -0.00323
14.05000 -0.00321
14.10000 -0.00319
14.15000 -0.00318
14.20000 -0.00316
14.25000 -0.00314
14.30000 -0.00312
14.35000 -0.00311
14.40000 -0.00309
14.45000 -0.00307
14.50000 -0.00306
14.55000 -0.00304
14.60000 -0.00302
14.65000 -0.00301
14.70000 -0.00299
14.75000 -0.00297
14.80000 -0.00296
14.85000 -0.00294
14.90000 -0.00293
14.95000 -0.00291
15.00000 -0.00290
15.05000 -0.00288
15.10000 -0.00287
15.15000 -0.00285
15.20000 -0.00284
15.25000 -0.00282
15.30000 -0.00281
15.35000 -0.00279
15.40000 -0.00278
15.45000 -0.00276
15.50000 -0.00275
15.55000 -0.00273
15.60000 -0.00272
15.65000 -0.00271
15.70000 -0.00269
15.75000 -0.00268
15.80000 -0.00267
15.85000 -0.00265
15.90000 -0.00264
15.95000 -0.00263
16.00000 -0.00261
16.05000 -0.00260
16.10000 -0.00259
16.15000 -0.00257
16.20000 -0.00256
16.25000 -0.00255
16.30000 -0.00254
16.35000 -0.00252
16.40000 -0.00251
16.45000 -0.00250
16.50000 -0.00249
16.55000 -0.00247
16.60000 -0.00246
16.65000 -0.00245
16.70000 -0.00244
16.75000 -0.00243
16.80000 -0.00241
16.85000 -0.00240
16.90000 -0.00239
16.95000 -0.00238
17.00000 -0.00237
17.05000 -0.00236
17.10000 -0.00235
17.15000 -0.00233
17.20000 -0.00232
17.25000 -0.00231
17.30000 -0.00230
17.35000 -0.00229
17.40000 -0.00228
17.45000 -0.00227
17.50000 -0.00226
17.55000 -0.00225
17.60000 -0.00224
17.65000 -0.00223
17.70000 -0.00222
17.75000 -0.00221
17.80000 -0.00220
17.85000 -0.00219
17.90000 -0.00218
17.95000 -0.00217
18.00000 -0.00216
18.05000 -0.00215
18.10000 -0.00214
18.15000 -0.00213
18.20000 -0.00212
18.25000 -0.00211
18.30000 -0.00210
18.35000 -0.00209
18.40000 -0.00208
18.45000 -0.00207
18.50000 -0.00206
18.55000 -0.00205
18.60000 -0.00204
18.65000 -0.00203
18.70000 -0.00203
18.75000 -0.00202
18.80000 -0.00201
18.85000 -0.00200
18.90000 -0.00199
18.95000 -0.00198
19.00000 -0.00197
19.05000 -0.00196
19.10000 -0.00196
19.15000 -0.00195
19.20000 -0.00194
19.25000 -0.00193
19.30000 -0.00192
19.35000 -0.00191
19.40000 -0.00191
19.45000 -0.00190
19.50000 -0.00189
19.55000 -0.00188
19.60000 -0.00187
19.65000 -0.00187
19.70000 -0.00186
19.75000 -0.00185
19.80000 -0.00184
19.85000 -0.00183
19.90000 -0.00183
19.95000 -0.00182
20.00000 -0.00181
