-5.00000 0.00021
-4.90000 0.00022
-4.80000 0.00023
-4.70000 0.00025
-4.60000 0.00026
-4.50000 0.00027
-4.40000 0.00028
-4.30000 0.00029
-4.20000 0.00031
-4.10000 0.00032
-4.00000 0.00034
-3.90000 0.00035
-3.80000 0.00037
-3.70000 0.00038
-3.60000 0.00040
-3.50000 0.00041
-3.40000 0.00043
-3.30000 0.00045
-3.20000 0.00047
-3.10000 0.00049
-3.00000 0.00051
-2.90000 0.00053
-2.80000 0.00055
-2.70000 0.00058
-2.60000 0.00060
-2.50000 0.00062
-2.40000 0.00065
-2.30000 0.00068
-2.20000 0.00071
-2.10000 0.00074
-2.00000 0.00077
-1.90000 0.00080
-1.80000 0.00084
-1.70000 0.00087
-1.60000 0.00091
-1.50000 0.00095
-1.40000 0.00100
-1.30000 0.00104
-1.20000 0.00109
-1.10000 0.00115
-1.00000 0.00120
-0.90000 0.00126
-0.80000 0.00132
-0.70000 0.00139
-0.60000 0.00146
-0.50000 0.00154
-0.40000 0.00163
-0.30000 0.00172
-0.20000 0.00182
-0.10000 0.00193
0.00000 0.00205
0.10000 0.00218
0.20000 0.00233
0.30000 0.00249
0.40000 0.00268
0.50000 0.00289
0.60000 0.00312
0.70000 0.00340
0.80000 0.00372
0.90000 0.00411
1.00000 0.00459
1.10000 0.00520
1.20000 0.00601
1.30000 0.00712
1.40000 0.00870
1.50000 0.01102
1.60000 0.01445
1.70000 0.01950
1.80000 0.02680
1.90000 0.03701
2.00000 0.05074
2.10000 0.06831
2.20000 0.08955
2.30000 0.11362
2.40000 0.13892
2.50000 0.16321
2.60000 0.18398
2.70000 0.19889
2.80000 0.20634
2.90000 0.20584
3.00000 0.19820
3.10000 0.18527
3.20000 0.16955
3.30000 0.15350
3.40000 0.13906
3.50000 0.12724
3.60000 0.11810
3.70000 0.11096
3.80000 0.10475
3.90000 0.09842
4.00000 0.09131
4.10000 0.08326
4.20000 0.07465
4.30000 0.06625
4.40000 0.05902
4.50000 0.05396
4.60000 0.05199
4.70000 0.05390
4.80000 0.06030
4.90000 0.07168
5.00000 0.08830
5.10000 0.11019
5.20000 0.13705
5.30000 0.16820
5.40000 0.20253
5.50000 0.23847
5.60000 0.27407
5.70000 0.30703
5.80000 0.33489
5.90000 0.35528
6.00000 0.36627
6.10000 0.36676
6.20000 0.35681
6.30000 0.33778
6.40000 0.31229
6.50000 0.28376
6.60000 0.25595
6.70000 0.23221
6.80000 0.21497
6.90000 0.20533
7.00000 0.20294
7.10000 0.20614
7.20000 0.21238
7.30000 0.21880
7.40000 0.22280
7.50000 0.22257
7.60000 0.21744
7.70000 0.20793
7.80000 0.19555
7.90000 0.18241
8.00000 0.17071
8.10000 0.16222
8.20000 0.15796
8.30000 0.15793
8.40000 0.16115
8.50000 0.16591
8.60000 0.17015
8.70000 0.17196
8.80000 0.17003
8.90000 0.16395
9.00000 0.15432
9.10000 0.14261
9.20000 0.13085
9.30000 0.12122
9.40000 0.11561
9.50000 0.11529
9.60000 0.12068
9.70000 0.13126
9.80000 0.14560
9.90000 0.16162
10.00000 0.17687
10.10000 0.18901
10.20000 0.19624
10.30000 0.19765
10.40000 0.19335
10.50000 0.18443
10.60000 0.17265
10.70000 0.16003
10.80000 0.14850
10.90000 0.13959
11.00000 0.13426
11.10000 0.13289
11.20000 0.13532
11.30000 0.14087
11.40000 0.14847
11.50000 0.15668
11.60000 0.16395
11.70000 0.16873
11.80000 0.16985
11.90000 0.16671
12.00000 0.15946
12.10000 0.14898
12.20000 0.13673
12.30000 0.12446
12.40000 0.11389
12.50000 0.10639
12.60000 0.10278
12.70000 0.10318
12.80000 0.10703
12.90000 0.11319
13.00000 0.12012
13.10000 0.12612
13.20000 0.12969
13.30000 0.12974
13.40000 0.12577
13.50000 0.11799
13.60000 0.10717
13.70000 0.09447
13.80000 0.08120
13.90000 0.06853
14.00000 0.05739
14.10000 0.04832
14.20000 0.04148
14.30000 0.03674
14.40000 0.03372
14.50000 0.03199
14.60000 0.03107
14.70000 0.03055
14.80000 0.03014
14.90000 0.02966
15.00000 0.02902
15.10000 0.02821
15.20000 0.02726
15.30000 0.02618
15.40000 0.02501
15.50000 0.02376
15.60000 0.02244
15.70000 0.02107
15.80000 0.01968
15.90000 0.01832
16.00000 0.01699
16.10000 0.01571
16.20000 0.01447
16.30000 0.01324
16.40000 0.01201
16.50000 0.01076
16.60000 0.00953
16.70000 0.00833
16.80000 0.00721
16.90000 0.00622
17.00000 0.00539
17.10000 0.00474
17.20000 0.00430
17.30000 0.00404
17.40000 0.00395
17.50000 0.00399
17.60000 0.00414
17.70000 0.00434
17.80000 0.00453
17.90000 0.00468
18.00000 0.00474
18.10000 0.00469
18.20000 0.00451
18.30000 0.00422
18.40000 0.00384
18.50000 0.00341
18.60000 0.00297
18.70000 0.00254
18.80000 0.00215
18.90000 0.00182
19.00000 0.00155
19.10000 0.00133
19.20000 0.00116
19.30000 0.00103
19.40000 0.00092
19.50000 0.00084
19.60000 0.00078
19.70000 0.00072
19.80000 0.00068
19.90000 0.00064
20.00000 0.00060
20.10000 0.00057
20.20000 0.00054
20.30000 0.00052
20.40000 0.00049
20.50000 0.00047
20.60000 0.00045
20.70000 0.00042
20.80000 0.00041
20.90000 0.00039
21.00000 0.00037
21.10000 0.00035
21.20000 0.00034
21.30000 0.00032
21.40000 0.00031
21.50000 0.00029
21.60000 0.00028
21.70000 0.00026
21.80000 0.00025
21.90000 0.00024
22.00000 0.00023
22.10000 0.00022
22.20000 0.00021
22.30000 0.00020
22.40000 0.00018
22.50000 0.00017
22.60000 0.00017
22.70000 0.00016
22.80000 0.00015
22.90000 0.00014
23.00000 0.00013
23.10000 0.00012
23.20000 0.00011
23.30000 0.00011
23.40000 0.00010
23.50000 0.00009
23.60000 0.00008
23.70000 0.00008
23.80000 0.00007
23.90000 0.00006
24.00000 0.00006
24.10000 0.00005
24.20000 0.00004
24.30000 0.00004
24.40000 0.00003
24.50000 0.00003
24.60000 0.00002
24.70000 0.00002
24.80000 0.00001
24.90000 0.00001
25.00000 0.00000
