-8.50000 0.00224 0.00080 0.00304
-8.42201 0.00227 0.00081 0.00308
-8.34402 0.00230 0.00082 0.00312
-8.26602 0.00233 0.00084 0.00317
-8.18803 0.00237 0.00085 0.00321
-8.11004 0.00240 0.00086 0.00326
-8.03205 0.00243 0.00087 0.00330
-7.95405 0.00247 0.00088 0.00335
-7.87606 0.00250 0.00089 0.00340
-7.79807 0.00254 0.00090 0.00344
-7.72008 0.00258 0.00092 0.00349
-7.64209 0.00261 0.00093 0.00354
-7.56409 0.00265 0.00094 0.00360
-7.48610 0.00269 0.00096 0.00365
-7.40811 0.00273 0.00097 0.00370
-7.33012 0.00278 0.00098 0.00376
-7.25213 0.00282 0.00100 0.00382
-7.17413 0.00286 0.00101 0.00387
-7.09614 0.00291 0.00103 0.00393
-7.01815 0.00295 0.00104 0.00399
-6.94016 0.00300 0.00106 0.00406
-6.86217 0.00305 0.00107 0.00412
-6.78417 0.00310 0.00109 0.00419
-6.70618 0.00315 0.00110 0.00425
-6.62819 0.00320 0.00112 0.00432
-6.55020 0.00326 0.00114 0.00439
-6.47221 0.00331 0.00116 0.00447
-6.39421 0.00337 0.00117 0.00454
-6.31622 0.00342 0.00119 0.00462
-6.23823 0.00348 0.00121 0.00469
-6.16024 0.00354 0.00123 0.00477
-6.08224 0.00361 0.00125 0.00486
-6.00425 0.00367 0.00127 0.00494
-5.92626 0.00374 0.00129 0.00503
-5.84827 0.00381 0.00131 0.00512
-5.77028 0.00388 0.00133 0.00521
-5.69228 0.00395 0.00136 0.00531
-5.61429 0.00402 0.00138 0.00540
-5.53630 0.00410 0.00140 0.00550
-5.45831 0.00418 0.00143 0.00561
-5.38032 0.00426 0.00145 0.00571
-5.30232 0.00434 0.00148 0.00582
-5.22433 0.00443 0.00150 0.00593
-5.14634 0.00452 0.00153 0.00605
-5.06835 0.00461 0.00156 0.00617
-4.99036 0.00471 0.00159 0.00629
-4.91236 0.00480 0.00161 0.00642
-4.83437 0.00491 0.00164 0.00655
-4.75638 0.00501 0.00167 0.00669
-4.67839 0.00512 0.00171 0.00683
-4.60039 0.00523 0.00174 0.00697
-4.52240 0.00535 0.00177 0.00712
-4.44441 0.00547 0.00181 0.00727
-4.36642 0.00559 0.00184 0.00743
-4.28843 0.00572 0.00188 0.00760
-4.21043 0.00586 0.00192 0.00777
-4.13244 0.00599 0.00195 0.00795
-4.05445 0.00614 0.00199 0.00813
-3.97646 0.00629 0.00204 0.00832
-3.89847 0.00644 0.00208 0.00852
-3.82047 0.00661 0.00212 0.00873
-3.74248 0.00677 0.00217 0.00894
-3.66449 0.00695 0.00221 0.00916
-3.58650 0.00713 0.00226 0.00940
-3.50851 0.00732 0.00231 0.00964
-3.43051 0.00752 0.00236 0.00989
-3.35252 0.00773 0.00242 0.01015
-3.27453 0.00795 0.00247 0.01042
-3.19654 0.00817 0.00253 0.01070
-3.11854 0.00841 0.00259 0.01100
-3.04055 0.00866 0.00265 0.01131
-2.96256 0.00892 0.00272 0.01164
-2.88457 0.00919 0.00278 0.01198
-2.80658 0.00948 0.00285 0.01233
-2.72858 0.00978 0.00292 0.01270
-2.65059 0.01010 0.00300 0.01310
-2.57260 0.01044 0.00307 0.01351
-2.49461 0.01079 0.00315 0.01394
-2.41662 0.01116 0.00324 0.01440
-2.33862 0.01155 0.00332 0.01488
-2.26063 0.01197 0.00341 0.01538
-2.18264 0.01241 0.00351 0.01592
-2.10465 0.01288 0.00360 0.01648
-2.02666 0.01338 0.00371 0.01708
-1.94866 0.01391 0.00381 0.01772
-1.87067 0.01447 0.00393 0.01840
-1.79268 0.01507 0.00404 0.01911
-1.71469 0.01572 0.00416 0.01988
-1.63669 0.01641 0.00429 0.02070
-1.55870 0.01714 0.00443 0.02157
-1.48071 0.01794 0.00457 0.02251
-1.40272 0.01880 0.00472 0.02351
-1.32473 0.01972 0.00487 0.02459
-1.24673 0.02072 0.00503 0.02576
-1.16874 0.02181 0.00521 0.02702
-1.09075 0.02299 0.00539 0.02838
-1.01276 0.02429 0.00558 0.02987
-0.93477 0.02570 0.00578 0.03148
-0.85677 0.02725 0.00600 0.03325
-0.77878 0.02896 0.00622 0.03518
-0.70079 0.03085 0.00646 0.03731
-0.62280 0.03295 0.00672 0.03967
-0.54481 0.03529 0.00699 0.04228
-0.46681 0.03792 0.00728 0.04519
-0.38882 0.04087 0.00758 0.04846
-0.31083 0.04422 0.00791 0.05214
-0.23284 0.04804 0.00826 0.05630
-0.15485 0.05242 0.00864 0.06106
-0.07685 0.05748 0.00905 0.06652
0.00114 0.06338 0.00948 0.07286
0.07913 0.07032 0.00995 0.08027
0.15712 0.07856 0.01046 0.08902
0.23512 0.08847 0.01101 0.09948
0.31311 0.10052 0.01160 0.11212
0.39110 0.11536 0.01225 0.12761
0.46909 0.13387 0.01297 0.14683
0.54708 0.15721 0.01375 0.17096
0.62508 0.18692 0.01460 0.20152
0.70307 0.22481 0.01555 0.24036
0.78106 0.27295 0.01660 0.28955
0.85905 0.33326 0.01778 0.35104
0.93705 0.40701 0.01909 0.42610
1.01504 0.49392 0.02057 0.51449
1.09303 0.59142 0.02225 0.61366
1.17102 0.69388 0.02416 0.71805
1.24901 0.79278 0.02636 0.81914
1.32701 0.87756 0.02891 0.90647
1.40500 0.93759 0.03190 0.96949
1.48299 0.96456 0.03544 1.00000
1.56098 0.95457 0.03967 0.99424
1.63897 0.90918 0.04480 0.95398
1.71697 0.83500 0.05110 0.88610
1.79496 0.74195 0.05894 0.80089
1.87295 0.64090 0.06880 0.70970
1.95094 0.54146 0.08126 0.62272
2.02893 0.45057 0.09702 0.54758
2.10693 0.37209 0.11679 0.48887
2.18492 0.30721 0.14112 0.44832
2.26291 0.25523 0.17018 0.42541
2.34090 0.21444 0.20344 0.41789
2.41889 0.18280 0.23942 0.42222
2.49689 0.15836 0.27559 0.43395
2.57488 0.13947 0.30855 0.44802
2.65287 0.12482 0.33464 0.45946
2.73086 0.11344 0.35063 0.46407
2.80886 0.10460 0.35458 0.45918
2.88685 0.09778 0.34635 0.44413
2.96484 0.09258 0.32767 0.42025
3.04283 0.08874 0.30168 0.39042
3.12082 0.08606 0.27221 0.35827
3.19882 0.08441 0.24295 0.32737
3.27681 0.08370 0.21690 0.30060
3.35480 0.08388 0.19605 0.27993
3.43279 0.08493 0.18148 0.26641
3.51078 0.08686 0.17358 0.26044
3.58878 0.08971 0.17236 0.26207
3.66677 0.09357 0.17765 0.27121
3.74476 0.09852 0.18926 0.28779
3.82275 0.10473 0.20694 0.31167
3.90074 0.11236 0.23023 0.34259
3.97874 0.12166 0.25827 0.37993
4.05673 0.13288 0.28962 0.42250
4.13472 0.14635 0.32210 0.46845
4.21271 0.16241 0.35291 0.51531
4.29071 0.18139 0.37885 0.56024
4.36870 0.20357 0.39688 0.60045
4.44669 0.22911 0.40460 0.63371
4.52468 0.25790 0.40083 0.65872
4.60267 0.28949 0.38581 0.67531
4.68067 0.32299 0.36119 0.68418
4.75866 0.35698 0.32957 0.68655
4.83665 0.38960 0.29402 0.68363
4.91464 0.41869 0.25748 0.67617
4.99263 0.44203 0.22234 0.66437
5.07063 0.45773 0.19021 0.64794
5.14862 0.46455 0.16197 0.62651
5.22661 0.46211 0.13784 0.59995
5.30460 0.45105 0.11764 0.56869
5.38259 0.43283 0.10092 0.53375
5.46059 0.40954 0.08717 0.49671
5.53858 0.38353 0.07586 0.45939
5.61657 0.35704 0.06652 0.42356
5.69456 0.33198 0.05877 0.39075
5.77256 0.30971 0.05229 0.36200
5.85055 0.29105 0.04683 0.33788
5.92854 0.27625 0.04219 0.31844
6.00653 0.26510 0.03822 0.30331
6.08452 0.25703 0.03479 0.29181
6.16252 0.25121 0.03181 0.28302
6.24051 0.24669 0.02921 0.27590
6.31850 0.24247 0.02692 0.26939
6.39649 0.23764 0.02489 0.26254
6.47448 0.23149 0.02310 0.25459
6.55248 0.22357 0.02149 0.24506
6.63047 0.21372 0.02005 0.23377
6.70846 0.20207 0.01875 0.22082
6.78645 0.18898 0.01758 0.20656
6.86444 0.17495 0.01652 0.19147
6.94244 0.16055 0.01555 0.17610
7.02043 0.14629 0.01467 0.16096
7.09842 0.13261 0.01386 0.14647
7.17641 0.11982 0.01312 0.13294
7.25441 0.10811 0.01244 0.12055
7.33240 0.09755 0.01181 0.10936
7.41039 0.08815 0.01123 0.09938
7.48838 0.07985 0.01069 0.09054
7.56637 0.07254 0.01019 0.08273
7.64437 0.06613 0.00973 0.07585
7.72236 0.06050 0.00929 0.06979
7.80035 0.05555 0.00889 0.06444
7.87834 0.05119 0.00851 0.05970
7.95634 0.04733 0.00816 0.05549
8.03433 0.04391 0.00782 0.05173
8.11232 0.04086 0.00751 0.04837
8.19031 0.03813 0.00722 0.04535
8.26830 0.03568 0.00694 0.04262
8.34629 0.03347 0.00668 0.04016
8.42429 0.03148 0.00644 0.03792
8.50228 0.02967 0.00621 0.03587
8.58027 0.02802 0.00599 0.03400
8.65826 0.02651 0.00578 0.03229
8.73626 0.02513 0.00558 0.03071
8.81425 0.02386 0.00540 0.02926
8.89224 0.02270 0.00522 0.02792
8.97023 0.02162 0.00505 0.02667
9.04822 0.02062 0.00489 0.02551
9.12621 0.01970 0.00474 0.02444
9.20421 0.01884 0.00459 0.02343
9.28220 0.01804 0.00445 0.02249
9.36019 0.01729 0.00432 0.02161
9.43818 0.01659 0.00420 0.02079
9.51618 0.01594 0.00408 0.02001
9.59417 0.01533 0.00396 0.01929
9.67216 0.01475 0.00385 0.01860
9.75015 0.01421 0.00374 0.01796
9.82814 0.01370 0.00364 0.01734
9.90614 0.01322 0.00354 0.01677
9.98413 0.01277 0.00345 0.01622
10.06212 0.01234 0.00336 0.01570
10.14011 0.01194 0.00328 0.01521
10.21810 0.01155 0.00319 0.01475
10.29610 0.01119 0.00311 0.01430
10.37409 0.01084 0.00304 0.01388
10.45208 0.01052 0.00296 0.01348
10.53007 0.01020 0.00289 0.01310
10.60807 0.00991 0.00282 0.01273
10.68606 0.00962 0.00276 0.01238
10.76405 0.00936 0.00270 0.01205
10.84204 0.00910 0.00263 0.01173
10.92003 0.00885 0.00258 0.01143
10.99803 0.00862 0.00252 0.01114
11.07602 0.00840 0.00246 0.01086
11.15401 0.00818 0.00241 0.01059
11.23200 0.00798 0.00236 0.01034
11.31000 0.00778 0.00231 0.01009
11.38799 0.00760 0.00226 0.00986
11.46598 0.00742 0.00222 0.00963
11.54397 0.00724 0.00217 0.00942
11.62196 0.00708 0.00213 0.00921
11.69995 0.00692 0.00209 0.00901
11.77795 0.00677 0.00205 0.00882
11.85594 0.00662 0.00201 0.00863
11.93393 0.00649 0.00197 0.00846
12.01192 0.00635 0.00194 0.00829
12.08992 0.00622 0.00190 0.00812
12.16791 0.00610 0.00187 0.00797
12.24590 0.00598 0.00183 0.00782
12.32389 0.00587 0.00180 0.00767
12.40188 0.00576 0.00177 0.00753
12.47988 0.00566 0.00174 0.00740
12.55787 0.00556 0.00171 0.00727
12.63586 0.00546 0.00168 0.00715
12.71385 0.00537 0.00166 0.00703
12.79185 0.00528 0.00163 0.00691
12.86984 0.00520 0.00161 0.00681
12.94783 0.00512 0.00158 0.00670
13.02582 0.00504 0.00156 0.00660
13.10381 0.00497 0.00154 0.00651
13.18180 0.00490 0.00152 0.00642
13.25980 0.00483 0.00150 0.00633
13.33779 0.00477 0.00148 0.00625
13.41578 0.00471 0.00146 0.00617
13.49377 0.00466 0.00144 0.00610
13.57177 0.00461 0.00143 0.00603
13.64976 0.00456 0.00141 0.00597
13.72775 0.00451 0.00140 0.00591
13.80574 0.00447 0.00138 0.00586
13.88373 0.00443 0.00137 0.00581
13.96173 0.00440 0.00136 0.00576
14.03972 0.00437 0.00135 0.00572
14.11771 0.00434 0.00134 0.00569
14.19570 0.00432 0.00134 0.00566
14.27369 0.00430 0.00133 0.00563
14.35169 0.00429 0.00133 0.00561
14.42968 0.00428 0.00132 0.00560
14.50767 0.00427 0.00132 0.00560
14.58566 0.00427 0.00132 0.00560
14.66366 0.00428 0.00132 0.00560
14.74165 0.00429 0.00133 0.00562
14.81964 0.00430 0.00133 0.00564
14.89763 0.00433 0.00134 0.00566
14.97562 0.00435 0.00135 0.00570
15.05362 0.00439 0.00135 0.00574
15.13161 0.00443 0.00136 0.00579
15.20960 0.00447 0.00137 0.00585
15.28759 0.00453 0.00138 0.00591
15.36559 0.00459 0.00139 0.00598
15.44358 0.00465 0.00140 0.00605
15.52157 0.00472 0.00141 0.00613
15.59956 0.00480 0.00141 0.00621
15.67755 0.00489 0.00141 0.00630
15.75554 0.00497 0.00141 0.00638
15.83354 0.00507 0.00140 0.00646
15.91153 0.00516 0.00139 0.00655
15.98952 0.00526 0.00137 0.00663
16.06751 0.00535 0.00135 0.00670
16.14551 0.00545 0.00133 0.00678
16.22350 0.00555 0.00130 0.00685
16.30149 0.00564 0.00127 0.00691
16.37948 0.00573 0.00124 0.00697
16.45747 0.00582 0.00121 0.00703
16.53547 0.00591 0.00117 0.00709
16.61346 0.00600 0.00114 0.00714
16.69145 0.00608 0.00111 0.00719
16.76944 0.00615 0.00108 0.00723
16.84743 0.00623 0.00105 0.00727
16.92543 0.00629 0.00102 0.00731
17.00342 0.00635 0.00099 0.00734
17.08141 0.00640 0.00096 0.00736
17.15940 0.00644 0.00094 0.00737
17.23739 0.00646 0.00091 0.00737
17.31539 0.00647 0.00089 0.00736
17.39338 0.00647 0.00087 0.00733
17.47137 0.00644 0.00085 0.00729
17.54936 0.00640 0.00083 0.00723
17.62735 0.00634 0.00081 0.00715
17.70535 0.00627 0.00079 0.00706
17.78334 0.00618 0.00078 0.00695
17.86133 0.00607 0.00076 0.00683
17.93932 0.00595 0.00075 0.00669
18.01732 0.00582 0.00073 0.00655
18.09531 0.00568 0.00072 0.00640
18.17330 0.00554 0.00070 0.00624
18.25129 0.00539 0.00069 0.00609
18.32928 0.00525 0.00068 0.00593
18.40728 0.00510 0.00067 0.00577
18.48527 0.00496 0.00066 0.00562
18.56326 0.00482 0.00065 0.00547
18.64125 0.00469 0.00064 0.00532
18.71925 0.00455 0.00063 0.00518
18.79724 0.00443 0.00062 0.00505
18.87523 0.00431 0.00061 0.00492
18.95322 0.00419 0.00060 0.00479
19.03121 0.00408 0.00059 0.00467
19.10921 0.00397 0.00059 0.00456
19.18720 0.00387 0.00058 0.00445
19.26519 0.00377 0.00057 0.00434
19.34318 0.00367 0.00056 0.00424
19.42118 0.00358 0.00056 0.00414
19.49917 0.00349 0.00055 0.00404
19.57716 0.00341 0.00054 0.00395
19.65515 0.00333 0.00054 0.00387
19.73314 0.00325 0.00053 0.00378
19.81113 0.00318 0.00052 0.00370
19.88913 0.00311 0.00052 0.00363
19.96712 0.00304 0.00051 0.00355
20.04511 0.00298 0.00050 0.00348
20.12310 0.00291 0.00050 0.00341
20.20109 0.00285 0.00049 0.00334
20.27909 0.00279 0.00049 0.00328
20.35708 0.00273 0.00048 0.00321
20.43507 0.00267 0.00048 0.00315
20.51306 0.00261 0.00047 0.00308
20.59105 0.00255 0.00047 0.00302
20.66905 0.00249 0.00046 0.00296
20.74704 0.00244 0.00046 0.00289
20.82503 0.00238 0.00045 0.00283
20.90302 0.00232 0.00045 0.00277
20.98101 0.00227 0.00044 0.00271
21.05901 0.00221 0.00044 0.00265
21.13700 0.00216 0.00043 0.00260
21.21499 0.00211 0.00043 0.00254
21.29298 0.00206 0.00043 0.00248
21.37098 0.00201 0.00042 0.00243
21.44897 0.00196 0.00042 0.00238
21.52696 0.00192 0.00041 0.00233
21.60495 0.00187 0.00041 0.00228
21.68294 0.00183 0.00041 0.00223
21.76094 0.00179 0.00040 0.00219
21.83893 0.00175 0.00040 0.00215
21.91692 0.00171 0.00039 0.00210
21.99491 0.00167 0.00039 0.00206
22.07291 0.00164 0.00039 0.00203
22.15090 0.00161 0.00038 0.00199
22.22889 0.00157 0.00038 0.00195
22.30688 0.00154 0.00038 0.00192
22.38487 0.00151 0.00037 0.00189
22.46287 0.00149 0.00037 0.00185
22.54086 0.00146 0.00037 0.00182
22.61885 0.00143 0.00036 0.00179
22.69684 0.00141 0.00036 0.00177
22.77484 0.00138 0.00036 0.00174
22.85283 0.00136 0.00035 0.00171
22.93082 0.00134 0.00035 0.00169
23.00881 0.00132 0.00035 0.00166
23.08680 0.00130 0.00034 0.00164
23.16479 0.00128 0.00034 0.00162
23.24279 0.00126 0.00034 0.00159
23.32078 0.00124 0.00034 0.00157
23.39877 0.00122 0.00033 0.00155
23.47676 0.00120 0.00033 0.00153
23.55476 0.00119 0.00033 0.00151
23.63275 0.00117 0.00032 0.00149
23.71074 0.00115 0.00032 0.00147
23.78873 0.00114 0.00032 0.00146
23.86672 0.00112 0.00032 0.00144
23.94472 0.00111 0.00031 0.00142
24.02271 0.00109 0.00031 0.00141
24.10070 0.00108 0.00031 0.00139
24.17869 0.00107 0.00031 0.00137
24.25668 0.00105 0.00030 0.00136
24.33468 0.00104 0.00030 0.00134
24.41267 0.00103 0.00030 0.00133
24.49066 0.00102 0.00030 0.00131
24.56865 0.00101 0.00029 0.00130
24.64664 0.00099 0.00029 0.00129
24.72464 0.00098 0.00029 0.00127
24.80263 0.00097 0.00029 0.00126
24.88062 0.00096 0.00028 0.00125
24.95861 0.00095 0.00028 0.00123
25.03661 0.00094 0.00028 0.00122
25.11460 0.00093 0.00028 0.00121
25.19259 0.00092 0.00028 0.00120
25.27058 0.00091 0.00027 0.00118
25.34857 0.00090 0.00027 0.00117
25.42656 0.00089 0.00027 0.00116
25.50455 0.00088 0.00027 0.00115
25.58255 0.00087 0.00027 0.00114
25.66055 0.00087 0.00026 0.00113
25.73854 0.00086 0.00026 0.00112
25.81653 0.00085 0.00026 0.00111
25.89452 0.00084 0.00026 0.00110
25.97251 0.00083 0.00026 0.00109
26.05050 0.00082 0.00025 0.00108
26.12849 0.00082 0.00025 0.00107
26.20649 0.00081 0.00025 0.00106
26.28448 0.00080 0.00025 0.00105
26.36247 0.00079 0.00025 0.00104
26.44046 0.00079 0.00025 0.00103
26.51846 0.00078 0.00024 0.00102
26.59645 0.00077 0.00024 0.00102
26.67444 0.00077 0.00024 0.00101
26.75243 0.00076 0.00024 0.00100
26.83042 0.00075 0.00024 0.00099
26.90841 0.00075 0.00024 0.00098
26.98641 0.00074 0.00023 0.00097
27.06440 0.00073 0.00023 0.00097
27.14239 0.00073 0.00023 0.00096
27.22038 0.00072 0.00023 0.00095
27.29838 0.00071 0.00023 0.00094
27.37637 0.00071 0.00023 0.00093
27.45436 0.00070 0.00022 0.00093
27.53235 0.00070 0.00022 0.00092
27.61034 0.00069 0.00022 0.00091
27.68834 0.00069 0.00022 0.00091
27.76633 0.00068 0.00022 0.00090
27.84432 0.00067 0.00022 0.00089
27.92231 0.00067 0.00022 0.00089
28.00031 0.00066 0.00021 0.00088
28.07830 0.00066 0.00021 0.00087
28.15629 0.00065 0.00021 0.00087
28.23428 0.00065 0.00021 0.00086
28.31227 0.00064 0.00021 0.00085
28.39027 0.00064 0.00021 0.00085
28.46826 0.00063 0.00021 0.00084
28.54625 0.00063 0.00020 0.00083
28.62424 0.00062 0.00020 0.00083
28.70223 0.00062 0.00020 0.00082
28.78022 0.00061 0.00020 0.00082
28.85822 0.00061 0.00020 0.00081
28.93621 0.00061 0.00020 0.00080
29.01421 0.00060 0.00020 0.00080
29.09220 0.00060 0.00020 0.00079
29.17019 0.00059 0.00019 0.00079
29.24818 0.00059 0.00019 0.00078
29.32617 0.00058 0.00019 0.00078
29.40416 0.00058 0.00019 0.00077
29.48215 0.00058 0.00019 0.00077
29.56015 0.00057 0.00019 0.00076
29.63814 0.00057 0.00019 0.00075
29.71613 0.00056 0.00019 0.00075
29.79412 0.00056 0.00018 0.00074
29.87212 0.00056 0.00018 0.00074
29.95011 0.00055 0.00018 0.00073
30.02810 0.00055 0.00018 0.00073
30.10609 0.00054 0.00018 0.00072
30.18408 0.00054 0.00018 0.00072
30.26207 0.00054 0.00018 0.00072
30.34007 0.00053 0.00018 0.00071
30.41806 0.00053 0.00018 0.00071
