-20.00000 0.02663
-19.95000 0.02644
-19.90000 0.02625
-19.85000 0.02609
-19.80000 0.02595
-19.75000 0.02584
-19.70000 0.02576
-19.65000 0.02572
-19.60000 0.02572
-19.55000 0.02575
-19.50000 0.02580
-19.45000 0.02588
-19.40000 0.02598
-19.35000 0.02608
-19.30000 0.02619
-19.25000 0.02629
-19.20000 0.02639
-19.15000 0.02646
-19.10000 0.02652
-19.05000 0.02655
-19.00000 0.02656
-18.95000 0.02654
-18.90000 0.02649
-18.85000 0.02643
-18.80000 0.02635
-18.75000 0.02625
-18.70000 0.02614
-18.65000 0.02604
-18.60000 0.02593
-18.55000 0.02584
-18.50000 0.02576
-18.45000 0.02570
-18.40000 0.02566
-18.35000 0.02565
-18.30000 0.02566
-18.25000 0.02571
-18.20000 0.02577
-18.15000 0.02587
-18.10000 0.02598
-18.05000 0.02611
-18.00000 0.02626
-17.95000 0.02642
-17.90000 0.02659
-17.85000 0.02675
-17.80000 0.02692
-17.75000 0.02709
-17.70000 0.02724
-17.65000 0.02739
-17.60000 0.02754
-17.55000 0.02767
-17.50000 0.02780
-17.45000 0.02793
-17.40000 0.02806
-17.35000 0.02819
-17.30000 0.02834
-17.25000 0.02850
-17.20000 0.02868
-17.15000 0.02890
-17.10000 0.02915
-17.05000 0.02944
-17.00000 0.02979
-16.95000 0.03019
-16.90000 0.03066
-16.85000 0.03121
-16.80000 0.03183
-16.75000 0.03254
-16.70000 0.03335
-16.65000 0.03426
-16.60000 0.03527
-16.55000 0.03639
-16.50000 0.03763
-16.45000 0.03898
-16.40000 0.04046
-16.35000 0.04205
-16.30000 0.04377
-16.25000 0.04560
-16.20000 0.04754
-16.15000 0.04959
-16.10000 0.05173
-16.05000 0.05397
-16.00000 0.05628
-15.95000 0.05865
-15.90000 0.06107
-15.85000 0.06352
-15.80000 0.06599
-15.75000 0.06845
-15.70000 0.07089
-15.65000 0.07329
-15.60000 0.07565
-15.55000 0.07794
-15.50000 0.08016
-15.45000 0.08230
-15.40000 0.08436
-15.35000 0.08635
-15.30000 0.08827
-15.25000 0.09013
-15.20000 0.09195
-15.15000 0.09374
-15.10000 0.09554
-15.05000 0.09737
-15.00000 0.09926
-14.95000 0.10122
-14.90000 0.10331
-14.85000 0.10553
-14.80000 0.10792
-14.75000 0.11050
-14.70000 0.11328
-14.65000 0.11629
-14.60000 0.11952
-14.55000 0.12298
-14.50000 0.12667
-14.45000 0.13058
-14.40000 0.13470
-14.35000 0.13901
-14.30000 0.14350
-14.25000 0.14814
-14.20000 0.15291
-14.15000 0.15778
-14.10000 0.16274
-14.05000 0.16774
-14.00000 0.17277
-13.95000 0.17780
-13.90000 0.18280
-13.85000 0.18776
-13.80000 0.19263
-13.75000 0.19739
-13.70000 0.20200
-13.65000 0.20644
-13.60000 0.21066
-13.55000 0.21462
-13.50000 0.21828
-13.45000 0.22160
-13.40000 0.22453
-13.35000 0.22703
-13.30000 0.22906
-13.25000 0.23058
-13.20000 0.23158
-13.15000 0.23203
-13.10000 0.23192
-13.05000 0.23126
-13.00000 0.23005
-12.95000 0.22832
-12.90000 0.22609
-12.85000 0.22341
-12.80000 0.22033
-12.75000 0.21689
-12.70000 0.21315
-12.65000 0.20916
-12.60000 0.20497
-12.55000 0.20064
-12.50000 0.19620
-12.45000 0.19171
-12.40000 0.18718
-12.35000 0.18266
-12.30000 0.17816
-12.25000 0.17370
-12.20000 0.16929
-12.15000 0.16495
-12.10000 0.16069
-12.05000 0.15651
-12.00000 0.15242
-11.95000 0.14845
-11.90000 0.14459
-11.85000 0.14086
-11.80000 0.13729
-11.75000 0.13387
-11.70000 0.13064
-11.65000 0.12761
-11.60000 0.12478
-11.55000 0.12218
-11.50000 0.11981
-11.45000 0.11767
-11.40000 0.11577
-11.35000 0.11409
-11.30000 0.11264
-11.25000 0.11138
-11.20000 0.11031
-11.15000 0.10939
-11.10000 0.10860
-11.05000 0.10792
-11.00000 0.10731
-10.95000 0.10673
-10.90000 0.10617
-10.85000 0.10559
-10.80000 0.10497
-10.75000 0.10429
-10.70000 0.10353
-10.65000 0.10268
-10.60000 0.10173
-10.55000 0.10068
-10.50000 0.09953
-10.45000 0.09828
-10.40000 0.09695
-10.35000 0.09555
-10.30000 0.09408
-10.25000 0.09258
-10.20000 0.09106
-10.15000 0.08952
-10.10000 0.08801
-10.05000 0.08652
-10.00000 0.08508
-9.95000 0.08371
-9.90000 0.08243
-9.85000 0.08123
-9.80000 0.08015
-9.75000 0.07918
-9.70000 0.07834
-9.65000 0.07763
-9.60000 0.07705
-9.55000 0.07662
-9.50000 0.07632
-9.45000 0.07616
-9.40000 0.07613
-9.35000 0.07623
-9.30000 0.07645
-9.25000 0.07678
-9.20000 0.07721
-9.15000 0.07774
-9.10000 0.07834
-9.05000 0.07902
-9.00000 0.07976
-8.95000 0.08055
-8.90000 0.08140
-8.85000 0.08228
-8.80000 0.08320
-8.75000 0.08415
-8.70000 0.08514
-8.65000 0.08616
-8.60000 0.08720
-8.55000 0.08828
-8.50000 0.08940
-8.45000 0.09055
-8.40000 0.09174
-8.35000 0.09298
-8.30000 0.09425
-8.25000 0.09557
-8.20000 0.09694
-8.15000 0.09836
-8.10000 0.09982
-8.05000 0.10134
-8.00000 0.10290
-7.95000 0.10453
-7.90000 0.10621
-7.85000 0.10795
-7.80000 0.10976
-7.75000 0.11165
-7.70000 0.11362
-7.65000 0.11569
-7.60000 0.11786
-7.55000 0.12016
-7.50000 0.12259
-7.45000 0.12518
-7.40000 0.12794
-7.35000 0.13091
-7.30000 0.13411
-7.25000 0.13757
-7.20000 0.14132
-7.15000 0.14540
-7.10000 0.14984
-7.05000 0.15468
-7.00000 0.15998
-6.95000 0.16577
-6.90000 0.17211
-6.85000 0.17905
-6.80000 0.18663
-6.75000 0.19489
-6.70000 0.20390
-6.65000 0.21368
-6.60000 0.22429
-6.55000 0.23573
-6.50000 0.24804
-6.45000 0.26122
-6.40000 0.27526
-6.35000 0.29014
-6.30000 0.30581
-6.25000 0.32221
-6.20000 0.33926
-6.15000 0.35684
-6.10000 0.37482
-6.05000 0.39305
-6.00000 0.41133
-5.95000 0.42948
-5.90000 0.44727
-5.85000 0.46447
-5.80000 0.48084
-5.75000 0.49615
-5.70000 0.51015
-5.65000 0.52262
-5.60000 0.53337
-5.55000 0.54220
-5.50000 0.54899
-5.45000 0.55361
-5.40000 0.55600
-5.35000 0.55616
-5.30000 0.55410
-5.25000 0.54990
-5.20000 0.54369
-5.15000 0.53562
-5.10000 0.52589
-5.05000 0.51473
-5.00000 0.50240
-4.95000 0.48915
-4.90000 0.47526
-4.85000 0.46101
-4.80000 0.44667
-4.75000 0.43250
-4.70000 0.41875
-4.65000 0.40564
-4.60000 0.39337
-4.55000 0.38212
-4.50000 0.37205
-4.45000 0.36328
-4.40000 0.35593
-4.35000 0.35006
-4.30000 0.34575
-4.25000 0.34303
-4.20000 0.34193
-4.15000 0.34243
-4.10000 0.34452
-4.05000 0.34816
-4.00000 0.35330
-3.95000 0.35985
-3.90000 0.36771
-3.85000 0.37678
-3.80000 0.38689
-3.75000 0.39790
-3.70000 0.40961
-3.65000 0.42183
-3.60000 0.43433
-3.55000 0.44687
-3.50000 0.45922
-3.45000 0.47112
-3.40000 0.48233
-3.35000 0.49260
-3.30000 0.50172
-3.25000 0.50947
-3.20000 0.51569
-3.15000 0.52024
-3.10000 0.52300
-3.05000 0.52393
-3.00000 0.52300
-2.95000 0.52025
-2.90000 0.51575
-2.85000 0.50962
-2.80000 0.50201
-2.75000 0.49310
-2.70000 0.48311
-2.65000 0.47225
-2.60000 0.46078
-2.55000 0.44892
-2.50000 0.43692
-2.45000 0.42500
-2.40000 0.41338
-2.35000 0.40224
-2.30000 0.39174
-2.25000 0.38202
-2.20000 0.37318
-2.15000 0.36529
-2.10000 0.35840
-2.05000 0.35251
-2.00000 0.34761
-1.95000 0.34365
-1.90000 0.34057
-1.85000 0.33827
-1.80000 0.33666
-1.75000 0.33563
-1.70000 0.33503
-1.65000 0.33476
-1.60000 0.33468
-1.55000 0.33468
-1.50000 0.33463
-1.45000 0.33446
-1.40000 0.33406
-1.35000 0.33339
-1.30000 0.33240
-1.25000 0.33107
-1.20000 0.32941
-1.15000 0.32743
-1.10000 0.32519
-1.05000 0.32274
-1.00000 0.32017
-0.95000 0.31757
-0.90000 0.31503
-0.85000 0.31265
-0.80000 0.31053
-0.75000 0.30878
-0.70000 0.30748
-0.65000 0.30670
-0.60000 0.30649
-0.55000 0.30691
-0.50000 0.30796
-0.45000 0.30965
-0.40000 0.31193
-0.35000 0.31476
-0.30000 0.31806
-0.25000 0.32174
-0.20000 0.32567
-0.15000 0.32973
-0.10000 0.33375
-0.05000 0.33760
0.00000 0.34112
0.05000 0.34414
0.10000 0.34652
0.15000 0.34812
0.20000 0.34881
0.25000 0.34850
0.30000 0.34711
0.35000 0.34458
0.40000 0.34089
0.45000 0.33604
0.50000 0.33007
0.55000 0.32302
0.60000 0.31498
0.65000 0.30604
0.70000 0.29632
0.75000 0.28594
0.80000 0.27504
0.85000 0.26375
0.90000 0.25220
0.95000 0.24053
1.00000 0.22885
1.05000 0.21728
1.10000 0.20591
1.15000 0.19483
1.20000 0.18411
1.25000 0.17380
1.30000 0.16395
1.35000 0.15459
1.40000 0.14574
1.45000 0.13740
1.50000 0.12957
1.55000 0.12224
1.60000 0.11540
1.65000 0.10903
1.70000 0.10311
1.75000 0.09762
1.80000 0.09252
1.85000 0.08779
1.90000 0.08340
1.95000 0.07934
2.00000 0.07556
2.05000 0.07206
2.10000 0.06881
2.15000 0.06578
2.20000 0.06296
2.25000 0.06034
2.30000 0.05789
2.35000 0.05560
2.40000 0.05346
2.45000 0.05145
2.50000 0.04956
2.55000 0.04779
2.60000 0.04613
2.65000 0.04456
2.70000 0.04307
2.75000 0.04168
2.80000 0.04035
2.85000 0.03910
2.90000 0.03791
2.95000 0.03678
3.00000 0.03571
3.05000 0.03469
3.10000 0.03372
3.15000 0.03280
3.20000 0.03191
3.25000 0.03107
3.30000 0.03026
3.35000 0.02949
3.40000 0.02876
3.45000 0.02805
3.50000 0.02737
3.55000 0.02672
3.60000 0.02610
3.65000 0.02550
3.70000 0.02492
3.75000 0.02437
3.80000 0.02383
3.85000 0.02332
3.90000 0.02282
3.95000 0.02234
4.00000 0.02188
4.05000 0.02144
4.10000 0.02100
4.15000 0.02059
4.20000 0.02019
4.25000 0.01980
4.30000 0.01942
4.35000 0.01905
4.40000 0.01870
4.45000 0.01836
4.50000 0.01803
4.55000 0.01770
4.60000 0.01739
4.65000 0.01709
4.70000 0.01679
4.75000 0.01651
4.80000 0.01623
4.85000 0.01596
4.90000 0.01570
4.95000 0.01544
5.00000 0.01519
5.05000 0.01495
5.10000 0.01471
5.15000 0.01448
5.20000 0.01426
5.25000 0.01404
5.30000 0.01383
5.35000 0.01362
5.40000 0.01342
5.45000 0.01322
5.50000 0.01303
5.55000 0.01284
5.60000 0.01266
5.65000 0.01248
5.70000 0.01231
5.75000 0.01214
5.80000 0.01197
5.85000 0.01181
5.90000 0.01165
5.95000 0.01149
6.00000 0.01134
6.05000 0.01119
6.10000 0.01104
6.15000 0.01090
6.20000 0.01076
6.25000 0.01063
6.30000 0.01049
6.35000 0.01036
6.40000 0.01023
6.45000 0.01011
6.50000 0.00999
6.55000 0.00986
6.60000 0.00975
6.65000 0.00963
6.70000 0.00952
6.75000 0.00941
6.80000 0.00930
6.85000 0.00919
6.90000 0.00909
6.95000 0.00898
7.00000 0.00888
7.05000 0.00878
7.10000 0.00869
7.15000 0.00859
7.20000 0.00850
7.25000 0.00841
7.30000 0.00832
7.35000 0.00823
7.40000 0.00814
7.45000 0.00805
7.50000 0.00797
7.55000 0.00789
7.60000 0.00781
7.65000 0.00773
7.70000 0.00765
7.75000 0.00757
7.80000 0.00750
7.85000 0.00742
7.90000 0.00735
7.95000 0.00728
8.00000 0.00721
8.05000 0.00714
8.10000 0.00707
8.15000 0.00701
8.20000 0.00694
8.25000 0.00688
8.30000 0.00681
8.35000 0.00675
8.40000 0.00669
8.45000 0.00663
8.50000 0.00657
8.55000 0.00651
8.60000 0.00645
8.65000 0.00640
8.70000 0.00634
8.75000 0.00629
8.80000 0.00623
8.85000 0.00618
8.90000 0.00613
8.95000 0.00608
9.00000 0.00602
9.05000 0.00598
9.10000 0.00593
9.15000 0.00588
9.20000 0.00583
9.25000 0.00578
9.30000 0.00574
9.35000 0.00569
9.40000 0.00565
9.45000 0.00561
9.50000 0.00556
9.55000 0.00552
9.60000 0.00548
9.65000 0.00544
9.70000 0.00540
9.75000 0.00536
9.80000 0.00532
9.85000 0.00528
9.90000 0.00525
9.95000 0.00521
10.00000 0.00517
10.05000 0.00514
10.10000 0.00510
10.15000 0.00507
10.20000 0.00504
10.25000 0.00500
10.30000 0.00497
10.35000 0.00494
10.40000 0.00491
10.45000 0.00488
10.50000 0.00485
10.55000 0.00482
10.60000 0.00479
10.65000 0.00476
10.70000 0.00474
10.75000 0.00471
10.80000 0.00468
10.85000 0.00466
10.90000 0.00463
10.95000 0.00461
11.00000 0.00458
11.05000 0.00456
11.10000 0.00454
11.15000 0.00452
11.20000 0.00450
11.25000 0.00448
11.30000 0.00446
11.35000 0.00444
11.40000 0.00442
11.45000 0.00440
11.50000 0.00439
11.55000 0.00437
11.60000 0.00435
11.65000 0.00434
11.70000 0.00433
11.75000 0.00431
11.80000 0.00430
11.85000 0.00429
11.90000 0.00428
11.95000 0.00427
12.00000 0.00426
12.05000 0.00426
12.10000 0.00425
12.15000 0.00425
12.20000 0.00424
12.25000 0.00424
12.30000 0.00424
12.35000 0.00424
12.40000 0.00424
12.45000 0.00425
12.50000 0.00425
12.55000 0.00426
12.60000 0.00427
12.65000 0.00428
12.70000 0.00429
12.75000 0.00431
12.80000 0.00433
12.85000 0.00435
12.90000 0.00437
12.95000 0.00440
13.00000 0.00443
13.05000 0.00446
13.10000 0.00450
13.15000 0.00454
13.20000 0.00459
13.25000 0.00464
13.30000 0.00469
13.35000 0.00475
13.40000 0.00482
13.45000 0.00489
13.50000 0.00497
13.55000 0.00505
13.60000 0.00514
13.65000 0.00524
13.70000 0.00534
13.75000 0.00546
13.80000 0.00557
13.85000 0.00570
13.90000 0.00583
13.95000 0.00597
14.00000 0.00611
14.05000 0.00626
14.10000 0.00641
14.15000 0.00657
14.20000 0.00673
14.25000 0.00689
14.30000 0.00705
14.35000 0.00721
14.40000 0.00737
14.45000 0.00753
14.50000 0.00769
14.55000 0.00784
14.60000 0.00799
14.65000 0.00813
14.70000 0.00827
14.75000 0.00841
14.80000 0.00854
14.85000 0.00867
14.90000 0.00880
14.95000 0.00893
15.00000 0.00906
15.05000 0.00920
15.10000 0.00934
15.15000 0.00948
15.20000 0.00964
15.25000 0.00981
15.30000 0.00998
15.35000 0.01017
15.40000 0.01038
15.45000 0.01060
15.50000 0.01083
15.55000 0.01107
15.60000 0.01133
15.65000 0.01159
15.70000 0.01187
15.75000 0.01214
15.80000 0.01242
15.85000 0.01269
15.90000 0.01295
15.95000 0.01320
16.00000 0.01344
16.05000 0.01365
16.10000 0.01383
16.15000 0.01398
16.20000 0.01409
16.25000 0.01417
16.30000 0.01420
16.35000 0.01419
16.40000 0.01414
16.45000 0.01404
16.50000 0.01389
16.55000 0.01370
16.60000 0.01348
16.65000 0.01321
16.70000 0.01291
16.75000 0.01258
16.80000 0.01223
16.85000 0.01185
16.90000 0.01146
16.95000 0.01105
17.00000 0.01064
17.05000 0.01023
17.10000 0.00982
17.15000 0.00941
17.20000 0.00901
17.25000 0.00862
17.30000 0.00824
17.35000 0.00787
17.40000 0.00752
17.45000 0.00719
17.50000 0.00688
17.55000 0.00658
17.60000 0.00630
17.65000 0.00603
17.70000 0.00579
17.75000 0.00555
17.80000 0.00534
17.85000 0.00513
17.90000 0.00494
17.95000 0.00477
18.00000 0.00460
18.05000 0.00445
18.10000 0.00430
18.15000 0.00417
18.20000 0.00404
18.25000 0.00392
18.30000 0.00381
18.35000 0.00371
18.40000 0.00361
18.45000 0.00352
18.50000 0.00344
18.55000 0.00336
18.60000 0.00328
18.65000 0.00321
18.70000 0.00314
18.75000 0.00308
18.80000 0.00302
18.85000 0.00296
18.90000 0.00290
18.95000 0.00285
19.00000 0.00280
19.05000 0.00275
19.10000 0.00271
19.15000 0.00266
19.20000 0.00262
19.25000 0.00258
19.30000 0.00255
19.35000 0.00251
19.40000 0.00247
19.45000 0.00244
19.50000 0.00241
19.55000 0.00238
19.60000 0.00235
19.65000 0.00232
19.70000 0.00229
19.75000 0.00226
19.80000 0.00224
19.85000 0.00221
19.90000 0.00219
19.95000 0.00216
20.00000 0.00214
