-20.00000 0.00001
-19.95000 0.00001
-19.90000 0.00001
-19.85000 0.00001
-19.80000 0.00001
-19.75000 0.00001
-19.70000 0.00001
-19.65000 0.00001
-19.60000 0.00001
-19.55000 0.00001
-19.50000 0.00001
-19.45000 0.00001
-19.40000 0.00001
-19.35000 0.00001
-19.30000 0.00001
-19.25000 0.00001
-19.20000 0.00001
-19.15000 0.00001
-19.10000 0.00001
-19.05000 0.00001
-19.00000 0.00001
-18.95000 0.00001
-18.90000 0.00001
-18.85000 0.00001
-18.80000 0.00001
-18.75000 0.00001
-18.70000 0.00001
-18.65000 0.00001
-18.60000 0.00001
-18.55000 0.00002
-18.50000 0.00002
-18.45000 0.00002
-18.40000 0.00002
-18.35000 0.00002
-18.30000 0.00002
-18.25000 0.00002
-18.20000 0.00002
-18.15000 0.00002
-18.10000 0.00002
-18.05000 0.00002
-18.00000 0.00002
-17.95000 0.00002
-17.90000 0.00002
-17.85000 0.00002
-17.80000 0.00002
-17.75000 0.00002
-17.70000 0.00002
-17.65000 0.00002
-17.60000 0.00002
-17.55000 0.00002
-17.50000 0.00002
-17.45000 0.00002
-17.40000 0.00002
-17.35000 0.00002
-17.30000 0.00002
-17.25000 0.00002
-17.20000 0.00002
-17.15000 0.00002
-17.10000 0.00002
-17.05000 0.00002
-17.00000 0.00002
-16.95000 0.00002
-16.90000 0.00002
-16.85000 0.00002
-16.80000 0.00002
-16.75000 0.00002
-16.70000 0.00002
-16.65000 0.00002
-16.60000 0.00002
-16.55000 0.00002
-16.50000 0.00002
-16.45000 0.00002
-16.40000 0.00002
-16.35000 0.00002
-16.30000 0.00002
-16.25000 0.00002
-16.20000 0.00002
-16.15000 0.00002
-16.10000 0.00002
-16.05000 0.00002
-16.00000 0.00002
-15.95000 0.00002
-15.90000 0.00002
-15.85000 0.00002
-15.80000 0.00002
-15.75000 0.00002
-15.70000 0.00002
-15.65000 0.00002
-15.60000 0.00002
-15.55000 0.00002
-15.50000 0.00002
-15.45000 0.00002
-15.40000 0.00002
-15.35000 0.00002
-15.30000 0.00002
-15.25000 0.00002
-15.20000 0.00002
-15.15000 0.00002
-15.10000 0.00002
-15.05000 0.00002
-15.00000 0.00002
-14.95000 0.00002
-14.90000 0.00002
-14.85000 0.00002
-14.80000 0.00002
-14.75000 0.00002
-14.70000 0.00002
-14.65000 0.00002
-14.60000 0.00002
-14.55000 0.00002
-14.50000 0.00002
-14.45000 0.00002
-14.40000 0.00002
-14.35000 0.00002
-14.30000 0.00002
-14.25000 0.00002
-14.20000 0.00002
-14.15000 0.00002
-14.10000 0.00002
-14.05000 0.00002
-14.00000 0.00002
-13.95000 0.00002
-13.90000 0.00002
-13.85000 0.00002
-13.80000 0.00003
-13.75000 0.00003
-13.70000 0.00003
-13.65000 0.00003
-13.60000 0.00003
-13.55000 0.00003
-13.50000 0.00003
-13.45000 0.00003
-13.40000 0.00003
-13.35000 0.00003
-13.30000 0.00003
-13.25000 0.00003
-13.20000 0.00003
-13.15000 0.00003
-13.10000 0.00003
-13.05000 0.00003
-13.00000 0.00003
-12.95000 0.00003
-12.90000 0.00003
-12.85000 0.00003
-12.80000 0.00003
-12.75000 0.00003
-12.70000 0.00003
-12.65000 0.00003
-12.60000 0.00003
-12.55000 0.00003
-12.50000 0.00003
-12.45000 0.00003
-12.40000 0.00003
-12.35000 0.00003
-12.30000 0.00003
-12.25000 0.00003
-12.20000 0.00003
-12.15000 0.00003
-12.10000 0.00003
-12.05000 0.00003
-12.00000 0.00003
-11.95000 0.00003
-11.90000 0.00003
-11.85000 0.00003
-11.80000 0.00003
-11.75000 0.00003
-11.70000 0.00003
-11.65000 0.00003
-11.60000 0.00003
-11.55000 0.00003
-11.50000 0.00003
-11.45000 0.00003
-11.40000 0.00003
-11.35000 0.00003
-11.30000 0.00004
-11.25000 0.00004
-11.20000 0.00004
-11.15000 0.00004
-11.10000 0.00004
-11.05000 0.00004
-11.00000 0.00004
-10.95000 0.00004
-10.90000 0.00004
-10.85000 0.00004
-10.80000 0.00004
-10.75000 0.00004
-10.70000 0.00004
-10.65000 0.00004
-10.60000 0.00004
-10.55000 0.00004
-10.50000 0.00004
-10.45000 0.00004
-10.40000 0.00004
-10.35000 0.00004
-10.30000 0.00004
-10.25000 0.00004
-10.20000 0.00004
-10.15000 0.00004
-10.10000 0.00004
-10.05000 0.00004
-10.00000 0.00004
-9.95000 0.00004
-9.90000 0.00004
-9.85000 0.00004
-9.80000 0.00004
-9.75000 0.00004
-9.70000 0.00004
-9.65000 0.00005
-9.60000 0.00005
-9.55000 0.00005
-9.50000 0.00005
-9.45000 0.00005
-9.40000 0.00005
-9.35000 0.00005
-9.30000 0.00005
-9.25000 0.00005
-9.20000 0.00005
-9.15000 0.00005
-9.10000 0.00005
-9.05000 0.00005
-9.00000 0.00005
-8.95000 0.00005
-8.90000 0.00005
-8.85000 0.00005
-8.80000 0.00005
-8.75000 0.00005
-8.70000 0.00005
-8.65000 0.00005
-8.60000 0.00005
-8.55000 0.00005
-8.50000 0.00006
-8.45000 0.00006
-8.40000 0.00006
-8.35000 0.00006
-8.30000 0.00006
-8.25000 0.00006
-8.20000 0.00006
-8.15000 0.00006
-8.10000 0.00006
-8.05000 0.00006
-8.00000 0.00006
-7.95000 0.00006
-7.90000 0.00006
-7.85000 0.00006
-7.80000 0.00006
-7.75000 0.00006
-7.70000 0.00006
-7.65000 0.00006
-7.60000 0.00007
-7.55000 0.00007
-7.50000 0.00007
-7.45000 0.00007
-7.40000 0.00007
-7.35000 0.00007
-7.30000 0.00007
-7.25000 0.00007
-7.20000 0.00007
-7.15000 0.00007
-7.10000 0.00007
-7.05000 0.00007
-7.00000 0.00007
-6.95000 0.00008
-6.90000 0.00008
-6.85000 0.00008
-6.80000 0.00008
-6.75000 0.00008
-6.70000 0.00008
-6.65000 0.00008
-6.60000 0.00008
-6.55000 0.00008
-6.50000 0.00008
-6.45000 0.00008
-6.40000 0.00008
-6.35000 0.00009
-6.30000 0.00009
-6.25000 0.00009
-6.20000 0.00009
-6.15000 0.00009
-6.10000 0.00009
-6.05000 0.00009
-6.00000 0.00009
-5.95000 0.00009
-5.90000 0.00010
-5.85000 0.00010
-5.80000 0.00010
-5.75000 0.00010
-5.70000 0.00010
-5.65000 0.00010
-5.60000 0.00010
-5.55000 0.00010
-5.50000 0.00011
-5.45000 0.00011
-5.40000 0.00011
-5.35000 0.00011
-5.30000 0.00011
-5.25000 0.00011
-5.20000 0.00011
-5.15000 0.00012
-5.10000 0.00012
-5.05000 0.00012
-5.00000 0.00012
-4.95000 0.00012
-4.90000 0.00012
-4.85000 0.00013
-4.80000 0.00013
-4.75000 0.00013
-4.70000 0.00013
-4.65000 0.00013
-4.60000 0.00013
-4.55000 0.00014
-4.50000 0.00014
-4.45000 0.00014
-4.40000 0.00014
-4.35000 0.00015
-4.30000 0.00015
-4.25000 0.00015
-4.20000 0.00015
-4.15000 0.00015
-4.10000 0.00016
-4.05000 0.00016
-4.00000 0.00016
-3.95000 0.00016
-3.90000 0.00017
-3.85000 0.00017
-3.80000 0.00017
-3.75000 0.00018
-3.70000 0.00018
-3.65000 0.00018
-3.60000 0.00018
-3.55000 0.00019
-3.50000 0.00019
-3.45000 0.00019
-3.40000 0.00020
-3.35000 0.00020
-3.30000 0.00021
-3.25000 0.00021
-3.20000 0.00021
-3.15000 0.00022
-3.10000 0.00022
-3.05000 0.00023
-3.00000 0.00023
-2.95000 0.00023
-2.90000 0.00024
-2.85000 0.00024
-2.80000 0.00025
-2.75000 0.00025
-2.70000 0.00026
-2.65000 0.00027
-2.60000 0.00027
-2.55000 0.00028
-2.50000 0.00028
-2.45000 0.00029
-2.40000 0.00030
-2.35000 0.00030
-2.30000 0.00031
-2.25000 0.00032
-2.20000 0.00032
-2.15000 0.00033
-2.10000 0.00034
-2.05000 0.00035
-2.00000 0.00036
-1.95000 0.00037
-1.90000 0.00038
-1.85000 0.00039
-1.80000 0.00040
-1.75000 0.00041
-1.70000 0.00042
-1.65000 0.00043
-1.60000 0.00044
-1.55000 0.00045
-1.50000 0.00047
-1.45000 0.00048
-1.40000 0.00050
-1.35000 0.00051
-1.30000 0.00053
-1.25000 0.00054
-1.20000 0.00056
-1.15000 0.00058
-1.10000 0.00060
-1.05000 0.00062
-1.00000 0.00064
-0.95000 0.00067
-0.90000 0.00069
-0.85000 0.00072
-0.80000 0.00075
-0.75000 0.00078
-0.70000 0.00081
-0.65000 0.00085
-0.60000 0.00088
-0.55000 0.00092
-0.50000 0.00097
-0.45000 0.00102
-0.40000 0.00107
-0.35000 0.00112
-0.30000 0.00119
-0.25000 0.00126
-0.20000 0.00134
-0.15000 0.00142
-0.10000 0.00153
-0.05000 0.00164
0.00000 0.00178
0.05000 0.00194
0.10000 0.00213
0.15000 0.00235
0.20000 0.00262
0.25000 0.00295
0.30000 0.00335
0.35000 0.00384
0.40000 0.00443
0.45000 0.00515
0.50000 0.00603
0.55000 0.00708
0.60000 0.00834
0.65000 0.00984
0.70000 0.01160
0.75000 0.01364
0.80000 0.01600
0.85000 0.01867
0.90000 0.02166
0.95000 0.02495
1.00000 0.02854
1.05000 0.03236
1.10000 0.03638
1.15000 0.04051
1.20000 0.04467
1.25000 0.04876
1.30000 0.05267
1.35000 0.05629
1.40000 0.05951
1.45000 0.06223
1.50000 0.06436
1.55000 0.06584
1.60000 0.06662
1.65000 0.06668
1.70000 0.06602
1.75000 0.06470
1.80000 0.06276
1.85000 0.06031
1.90000 0.05744
1.95000 0.05428
2.00000 0.05096
2.05000 0.04761
2.10000 0.04438
2.15000 0.04138
2.20000 0.03874
2.25000 0.03655
2.30000 0.03492
2.35000 0.03391
2.40000 0.03359
2.45000 0.03398
2.50000 0.03512
2.55000 0.03699
2.60000 0.03958
2.65000 0.04284
2.70000 0.04671
2.75000 0.05109
2.80000 0.05588
2.85000 0.06094
2.90000 0.06613
2.95000 0.07127
3.00000 0.07621
3.05000 0.08078
3.10000 0.08480
3.15000 0.08812
3.20000 0.09063
3.25000 0.09222
3.30000 0.09282
3.35000 0.09240
3.40000 0.09097
3.45000 0.08858
3.50000 0.08530
3.55000 0.08125
3.60000 0.07655
3.65000 0.07136
3.70000 0.06582
3.75000 0.06009
3.80000 0.05431
3.85000 0.04862
3.90000 0.04313
3.95000 0.03793
4.00000 0.03309
4.05000 0.02865
4.10000 0.02465
4.15000 0.02110
4.20000 0.01798
4.25000 0.01527
4.30000 0.01294
4.35000 0.01097
4.40000 0.00931
4.45000 0.00792
4.50000 0.00677
4.55000 0.00582
4.60000 0.00504
4.65000 0.00440
4.70000 0.00387
4.75000 0.00343
4.80000 0.00307
4.85000 0.00277
4.90000 0.00252
4.95000 0.00230
5.00000 0.00212
5.05000 0.00196
5.10000 0.00183
5.15000 0.00171
5.20000 0.00160
5.25000 0.00150
5.30000 0.00142
5.35000 0.00134
5.40000 0.00127
5.45000 0.00121
5.50000 0.00115
5.55000 0.00110
5.60000 0.00105
5.65000 0.00100
5.70000 0.00096
5.75000 0.00092
5.80000 0.00088
5.85000 0.00084
5.90000 0.00081
5.95000 0.00078
6.00000 0.00075
6.05000 0.00073
6.10000 0.00070
6.15000 0.00068
6.20000 0.00065
6.25000 0.00063
6.30000 0.00061
6.35000 0.00059
6.40000 0.00057
6.45000 0.00055
6.50000 0.00054
6.55000 0.00052
6.60000 0.00051
6.65000 0.00049
6.70000 0.00048
6.75000 0.00046
6.80000 0.00045
6.85000 0.00044
6.90000 0.00043
6.95000 0.00042
7.00000 0.00041
7.05000 0.00039
7.10000 0.00038
7.15000 0.00038
7.20000 0.00037
7.25000 0.00036
7.30000 0.00035
7.35000 0.00034
7.40000 0.00033
7.45000 0.00033
7.50000 0.00032
7.55000 0.00031
7.60000 0.00030
7.65000 0.00030
7.70000 0.00029
7.75000 0.00028
7.80000 0.00028
7.85000 0.00027
7.90000 0.00027
7.95000 0.00026
8.00000 0.00026
8.05000 0.00025
8.10000 0.00025
8.15000 0.00024
8.20000 0.00024
8.25000 0.00023
8.30000 0.00023
8.35000 0.00022
8.40000 0.00022
8.45000 0.00022
8.50000 0.00021
8.55000 0.00021
8.60000 0.00020
8.65000 0.00020
8.70000 0.00020
8.75000 0.00019
8.80000 0.00019
8.85000 0.00019
8.90000 0.00018
8.95000 0.00018
9.00000 0.00018
9.05000 0.00018
9.10000 0.00017
9.15000 0.00017
9.20000 0.00017
9.25000 0.00016
9.30000 0.00016
9.35000 0.00016
9.40000 0.00016
9.45000 0.00015
9.50000 0.00015
9.55000 0.00015
9.60000 0.00015
9.65000 0.00015
9.70000 0.00014
9.75000 0.00014
9.80000 0.00014
9.85000 0.00014
9.90000 0.00014
9.95000 0.00013
10.00000 0.00013
10.05000 0.00013
10.10000 0.00013
10.15000 0.00013
10.20000 0.00013
10.25000 0.00012
10.30000 0.00012
10.35000 0.00012
10.40000 0.00012
10.45000 0.00012
10.50000 0.00012
10.55000 0.00011
10.60000 0.00011
10.65000 0.00011
10.70000 0.00011
10.75000 0.00011
10.80000 0.00011
10.85000 0.00011
10.90000 0.00011
10.95000 0.00010
11.00000 0.00010
11.05000 0.00010
11.10000 0.00010
11.15000 0.00010
11.20000 0.00010
11.25000 0.00010
11.30000 0.00010
11.35000 0.00010
11.40000 0.00010
11.45000 0.00010
11.50000 0.00009
11.55000 0.00009
11.60000 0.00009
11.65000 0.00009
11.70000 0.00009
11.75000 0.00009
11.80000 0.00009
11.85000 0.00009
11.90000 0.00009
11.95000 0.00009
12.00000 0.00010
12.05000 0.00010
12.10000 0.00010
12.15000 0.00010
12.20000 0.00010
12.25000 0.00010
12.30000 0.00011
12.35000 0.00011
12.40000 0.00011
12.45000 0.00012
12.50000 0.00012
12.55000 0.00013
12.60000 0.00013
12.65000 0.00014
12.70000 0.00014
12.75000 0.00014
12.80000 0.00015
12.85000 0.00015
12.90000 0.00015
12.95000 0.00016
13.00000 0.00016
13.05000 0.00016
13.10000 0.00016
13.15000 0.00016
13.20000 0.00015
13.25000 0.00015
13.30000 0.00015
13.35000 0.00015
13.40000 0.00015
13.45000 0.00014
13.50000 0.00014
13.55000 0.00014
13.60000 0.00014
13.65000 0.00014
13.70000 0.00015
13.75000 0.00015
13.80000 0.00016
13.85000 0.00016
13.90000 0.00017
13.95000 0.00018
14.00000 0.00020
14.05000 0.00021
14.10000 0.00023
14.15000 0.00024
14.20000 0.00026
14.25000 0.00028
14.30000 0.00030
14.35000 0.00032
14.40000 0.00034
14.45000 0.00036
14.50000 0.00038
14.55000 0.00039
14.60000 0.00041
14.65000 0.00042
14.70000 0.00042
14.75000 0.00043
14.80000 0.00043
14.85000 0.00042
14.90000 0.00042
14.95000 0.00041
15.00000 0.00039
15.05000 0.00038
15.10000 0.00036
15.15000 0.00034
15.20000 0.00032
15.25000 0.00030
15.30000 0.00028
15.35000 0.00026
15.40000 0.00024
15.45000 0.00023
15.50000 0.00021
15.55000 0.00020
15.60000 0.00019
15.65000 0.00018
15.70000 0.00017
15.75000 0.00017
15.80000 0.00016
15.85000 0.00016
15.90000 0.00016
15.95000 0.00016
16.00000 0.00016
16.05000 0.00017
16.10000 0.00017
16.15000 0.00017
16.20000 0.00018
16.25000 0.00018
16.30000 0.00018
16.35000 0.00019
16.40000 0.00019
16.45000 0.00019
16.50000 0.00019
16.55000 0.00018
16.60000 0.00018
16.65000 0.00017
16.70000 0.00017
16.75000 0.00016
16.80000 0.00015
16.85000 0.00015
16.90000 0.00014
16.95000 0.00013
17.00000 0.00012
17.05000 0.00011
17.10000 0.00010
17.15000 0.00010
17.20000 0.00009
17.25000 0.00008
17.30000 0.00008
17.35000 0.00007
17.40000 0.00007
17.45000 0.00006
17.50000 0.00006
17.55000 0.00005
17.60000 0.00005
17.65000 0.00005
17.70000 0.00005
17.75000 0.00005
17.80000 0.00004
17.85000 0.00004
17.90000 0.00004
17.95000 0.00004
18.00000 0.00004
18.05000 0.00004
18.10000 0.00004
18.15000 0.00004
18.20000 0.00004
18.25000 0.00003
18.30000 0.00003
18.35000 0.00003
18.40000 0.00003
18.45000 0.00003
18.50000 0.00003
18.55000 0.00003
18.60000 0.00003
18.65000 0.00003
18.70000 0.00003
18.75000 0.00003
18.80000 0.00003
18.85000 0.00003
18.90000 0.00003
18.95000 0.00003
19.00000 0.00003
19.05000 0.00003
19.10000 0.00003
19.15000 0.00003
19.20000 0.00003
19.25000 0.00003
19.30000 0.00003
19.35000 0.00003
19.40000 0.00003
19.45000 0.00003
19.50000 0.00003
19.55000 0.00003
19.60000 0.00003
19.65000 0.00003
19.70000 0.00003
19.75000 0.00003
19.80000 0.00003
19.85000 0.00003
19.90000 0.00002
19.95000 0.00002
20.00000 0.00002
