-20.00000 0.00031
-19.95000 0.00032
-19.90000 0.00032
-19.85000 0.00032
-19.80000 0.00032
-19.75000 0.00032
-19.70000 0.00032
-19.65000 0.00032
-19.60000 0.00033
-19.55000 0.00033
-19.50000 0.00033
-19.45000 0.00033
-19.40000 0.00033
-19.35000 0.00033
-19.30000 0.00034
-19.25000 0.00034
-19.20000 0.00034
-19.15000 0.00034
-19.10000 0.00034
-19.05000 0.00034
-19.00000 0.00035
-18.95000 0.00035
-18.90000 0.00035
-18.85000 0.00035
-18.80000 0.00035
-18.75000 0.00035
-18.70000 0.00035
-18.65000 0.00036
-18.60000 0.00036
-18.55000 0.00036
-18.50000 0.00036
-18.45000 0.00036
-18.40000 0.00037
-18.35000 0.00037
-18.30000 0.00037
-18.25000 0.00037
-18.20000 0.00037
-18.15000 0.00037
-18.10000 0.00038
-18.05000 0.00038
-18.00000 0.00038
-17.95000 0.00038
-17.90000 0.00038
-17.85000 0.00039
-17.80000 0.00039
-17.75000 0.00039
-17.70000 0.00039
-17.65000 0.00039
-17.60000 0.00040
-17.55000 0.00040
-17.50000 0.00040
-17.45000 0.00040
-17.40000 0.00040
-17.35000 0.00041
-17.30000 0.00041
-17.25000 0.00041
-17.20000 0.00041
-17.15000 0.00041
-17.10000 0.00042
-17.05000 0.00042
-17.00000 0.00042
-16.95000 0.00042
-16.90000 0.00042
-16.85000 0.00043
-16.80000 0.00043
-16.75000 0.00043
-16.70000 0.00043
-16.65000 0.00044
-16.60000 0.00044
-16.55000 0.00044
-16.50000 0.00044
-16.45000 0.00045
-16.40000 0.00045
-16.35000 0.00045
-16.30000 0.00045
-16.25000 0.00045
-16.20000 0.00046
-16.15000 0.00046
-16.10000 0.00046
-16.05000 0.00046
-16.00000 0.00047
-15.95000 0.00047
-15.90000 0.00047
-15.85000 0.00047
-15.80000 0.00048
-15.75000 0.00048
-15.70000 0.00048
-15.65000 0.00049
-15.60000 0.00049
-15.55000 0.00049
-15.50000 0.00049
-15.45000 0.00050
-15.40000 0.00050
-15.35000 0.00050
-15.30000 0.00051
-15.25000 0.00051
-15.20000 0.00051
-15.15000 0.00051
-15.10000 0.00052
-15.05000 0.00052
-15.00000 0.00052
-14.95000 0.00053
-14.90000 0.00053
-14.85000 0.00053
-14.80000 0.00053
-14.75000 0.00054
-14.70000 0.00054
-14.65000 0.00054
-14.60000 0.00055
-14.55000 0.00055
-14.50000 0.00055
-14.45000 0.00056
-14.40000 0.00056
-14.35000 0.00056
-14.30000 0.00057
-14.25000 0.00057
-14.20000 0.00057
-14.15000 0.00058
-14.10000 0.00058
-14.05000 0.00059
-14.00000 0.00059
-13.95000 0.00059
-13.90000 0.00060
-13.85000 0.00060
-13.80000 0.00060
-13.75000 0.00061
-13.70000 0.00061
-13.65000 0.00061
-13.60000 0.00062
-13.55000 0.00062
-13.50000 0.00063
-13.45000 0.00063
-13.40000 0.00063
-13.35000 0.00064
-13.30000 0.00064
-13.25000 0.00065
-13.20000 0.00065
-13.15000 0.00066
-13.10000 0.00066
-13.05000 0.00066
-13.00000 0.00067
-12.95000 0.00067
-12.90000 0.00068
-12.85000 0.00068
-12.80000 0.00069
-12.75000 0.00069
-12.70000 0.00070
-12.65000 0.00070
-12.60000 0.00070
-12.55000 0.00071
-12.50000 0.00071
-12.45000 0.00072
-12.40000 0.00072
-12.35000 0.00073
-12.30000 0.00073
-12.25000 0.00074
-12.20000 0.00074
-12.15000 0.00075
-12.10000 0.00075
-12.05000 0.00076
-12.00000 0.00077
-11.95000 0.00077
-11.90000 0.00078
-11.85000 0.00078
-11.80000 0.00079
-11.75000 0.00079
-11.70000 0.00080
-11.65000 0.00080
-11.60000 0.00081
-11.55000 0.00082
-11.50000 0.00082
-11.45000 0.00083
-11.40000 0.00083
-11.35000 0.00084
-11.30000 0.00085
-11.25000 0.00085
-11.20000 0.00086
-11.15000 0.00087
-11.10000 0.00087
-11.05000 0.00088
-11.00000 0.00089
-10.95000 0.00089
-10.90000 0.00090
-10.85000 0.00091
-10.80000 0.00091
-10.75000 0.00092
-10.70000 0.00093
-10.65000 0.00093
-10.60000 0.00094
-10.55000 0.00095
-10.50000 0.00096
-10.45000 0.00096
-10.40000 0.00097
-10.35000 0.00098
-10.30000 0.00099
-10.25000 0.00100
-10.20000 0.00100
-10.15000 0.00101
-10.10000 0.00102
-10.05000 0.00103
-10.00000 0.00104
-9.95000 0.00105
-9.90000 0.00105
-9.85000 0.00106
-9.80000 0.00107
-9.75000 0.00108
-9.70000 0.00109
-9.65000 0.00110
-9.60000 0.00111
-9.55000 0.00112
-9.50000 0.00113
-9.45000 0.00114
-9.40000 0.00115
-9.35000 0.00116
-9.30000 0.00117
-9.25000 0.00118
-9.20000 0.00119
-9.15000 0.00120
-9.10000 0.00121
-9.05000 0.00122
-9.00000 0.00123
-8.95000 0.00124
-8.90000 0.00125
-8.85000 0.00126
-8.80000 0.00128
-8.75000 0.00129
-8.70000 0.00130
-8.65000 0.00131
-8.60000 0.00132
-8.55000 0.00134
-8.50000 0.00135
-8.45000 0.00136
-8.40000 0.00137
-8.35000 0.00139
-8.30000 0.00140
-8.25000 0.00141
-8.20000 0.00143
-8.15000 0.00144
-8.10000 0.00146
-8.05000 0.00147
-8.00000 0.00148
-7.95000 0.00150
-7.90000 0.00151
-7.85000 0.00153
-7.80000 0.00155
-7.75000 0.00156
-7.70000 0.00158
-7.65000 0.00159
-7.60000 0.00161
-7.55000 0.00163
-7.50000 0.00164
-7.45000 0.00166
-7.40000 0.00168
-7.35000 0.00170
-7.30000 0.00171
-7.25000 0.00173
-7.20000 0.00175
-7.15000 0.00177
-7.10000 0.00179
-7.05000 0.00181
-7.00000 0.00183
-6.95000 0.00185
-6.90000 0.00187
-6.85000 0.00189
-6.80000 0.00191
-6.75000 0.00193
-6.70000 0.00195
-6.65000 0.00198
-6.60000 0.00200
-6.55000 0.00202
-6.50000 0.00205
-6.45000 0.00207
-6.40000 0.00210
-6.35000 0.00212
-6.30000 0.00215
-6.25000 0.00217
-6.20000 0.00220
-6.15000 0.00223
-6.10000 0.00225
-6.05000 0.00228
-6.00000 0.00231
-5.95000 0.00234
-5.90000 0.00237
-5.85000 0.00240
-5.80000 0.00243
-5.75000 0.00246
-5.70000 0.00249
-5.65000 0.00252
-5.60000 0.00256
-5.55000 0.00259
-5.50000 0.00262
-5.45000 0.00266
-5.40000 0.00270
-5.35000 0.00273
-5.30000 0.00277
-5.25000 0.00281
-5.20000 0.00285
-5.15000 0.00289
-5.10000 0.00293
-5.05000 0.00297
-5.00000 0.00301
-4.95000 0.00305
-4.90000 0.00310
-4.85000 0.00314
-4.80000 0.00319
-4.75000 0.00324
-4.70000 0.00329
-4.65000 0.00334
-4.60000 0.00339
-4.55000 0.00344
-4.50000 0.00349
-4.45000 0.00355
-4.40000 0.00360
-4.35000 0.00366
-4.30000 0.00372
-4.25000 0.00378
-4.20000 0.00384
-4.15000 0.00390
-4.10000 0.00397
-4.05000 0.00403
-4.00000 0.00410
-3.95000 0.00417
-3.90000 0.00424
-3.85000 0.00432
-3.80000 0.00439
-3.75000 0.00447
-3.70000 0.00455
-3.65000 0.00463
-3.60000 0.00472
-3.55000 0.00480
-3.50000 0.00489
-3.45000 0.00498
-3.40000 0.00508
-3.35000 0.00517
-3.30000 0.00527
-3.25000 0.00538
-3.20000 0.00548
-3.15000 0.00559
-3.10000 0.00570
-3.05000 0.00582
-3.00000 0.00594
-2.95000 0.00606
-2.90000 0.00619
-2.85000 0.00632
-2.80000 0.00646
-2.75000 0.00660
-2.70000 0.00675
-2.65000 0.00690
-2.60000 0.00705
-2.55000 0.00721
-2.50000 0.00738
-2.45000 0.00756
-2.40000 0.00774
-2.35000 0.00792
-2.30000 0.00812
-2.25000 0.00832
-2.20000 0.00853
-2.15000 0.00874
-2.10000 0.00897
-2.05000 0.00920
-2.00000 0.00945
-1.95000 0.00971
-1.90000 0.00997
-1.85000 0.01025
-1.80000 0.01054
-1.75000 0.01084
-1.70000 0.01116
-1.65000 0.01149
-1.60000 0.01184
-1.55000 0.01221
-1.50000 0.01259
-1.45000 0.01299
-1.40000 0.01342
-1.35000 0.01386
-1.30000 0.01433
-1.25000 0.01483
-1.20000 0.01535
-1.15000 0.01591
-1.10000 0.01649
-1.05000 0.01711
-1.00000 0.01777
-0.95000 0.01848
-0.90000 0.01923
-0.85000 0.02002
-0.80000 0.02088
-0.75000 0.02180
-0.70000 0.02278
-0.65000 0.02384
-0.60000 0.02499
-0.55000 0.02623
-0.50000 0.02758
-0.45000 0.02905
-0.40000 0.03067
-0.35000 0.03245
-0.30000 0.03443
-0.25000 0.03665
-0.20000 0.03914
-0.15000 0.04197
-0.10000 0.04521
-0.05000 0.04896
0.00000 0.05335
0.05000 0.05854
0.10000 0.06472
0.15000 0.07214
0.20000 0.08112
0.25000 0.09204
0.30000 0.10538
0.35000 0.12167
0.40000 0.14158
0.45000 0.16585
0.50000 0.19530
0.55000 0.23084
0.60000 0.27343
0.65000 0.32403
0.70000 0.38356
0.75000 0.45285
0.80000 0.53254
0.85000 0.62303
0.90000 0.72438
0.95000 0.83623
1.00000 0.95774
1.05000 1.08752
1.10000 1.22365
1.15000 1.36362
1.20000 1.50447
1.25000 1.64279
1.30000 1.77490
1.35000 1.89699
1.40000 2.00532
1.45000 2.09640
1.50000 2.16722
1.55000 2.21536
1.60000 2.23923
1.65000 2.23810
1.70000 2.21220
1.75000 2.16266
1.80000 2.09153
1.85000 2.00162
1.90000 1.89632
1.95000 1.77951
2.00000 1.65529
2.05000 1.52782
2.10000 1.40115
2.15000 1.27906
2.20000 1.16494
2.25000 1.06169
2.30000 0.97170
2.35000 0.89678
2.40000 0.83819
2.45000 0.79666
2.50000 0.77238
2.55000 0.76509
2.60000 0.77405
2.65000 0.79810
2.70000 0.83571
2.75000 0.88497
2.80000 0.94365
2.85000 1.00923
2.90000 1.07898
2.95000 1.15002
3.00000 1.21938
3.05000 1.28417
3.10000 1.34160
3.15000 1.38916
3.20000 1.42471
3.25000 1.44657
3.30000 1.45362
3.35000 1.44529
3.40000 1.42166
3.45000 1.38338
3.50000 1.33163
3.55000 1.26807
3.60000 1.19469
3.65000 1.11375
3.70000 1.02759
3.75000 0.93856
3.80000 0.84889
3.85000 0.76058
3.90000 0.67539
3.95000 0.59472
4.00000 0.51964
4.05000 0.45088
4.10000 0.38884
4.15000 0.33364
4.20000 0.28516
4.25000 0.24308
4.30000 0.20697
4.35000 0.17628
4.40000 0.15042
4.45000 0.12879
4.50000 0.11082
4.55000 0.09594
4.60000 0.08366
4.65000 0.07353
4.70000 0.06518
4.75000 0.05827
4.80000 0.05252
4.85000 0.04771
4.90000 0.04366
4.95000 0.04022
5.00000 0.03727
5.05000 0.03471
5.10000 0.03247
5.15000 0.03050
5.20000 0.02874
5.25000 0.02717
5.30000 0.02575
5.35000 0.02446
5.40000 0.02328
5.45000 0.02220
5.50000 0.02121
5.55000 0.02029
5.60000 0.01943
5.65000 0.01864
5.70000 0.01790
5.75000 0.01721
5.80000 0.01656
5.85000 0.01596
5.90000 0.01538
5.95000 0.01485
6.00000 0.01434
6.05000 0.01386
6.10000 0.01341
6.15000 0.01298
6.20000 0.01257
6.25000 0.01218
6.30000 0.01181
6.35000 0.01147
6.40000 0.01113
6.45000 0.01081
6.50000 0.01051
6.55000 0.01022
6.60000 0.00995
6.65000 0.00968
6.70000 0.00943
6.75000 0.00919
6.80000 0.00895
6.85000 0.00873
6.90000 0.00852
6.95000 0.00831
7.00000 0.00811
7.05000 0.00792
7.10000 0.00774
7.15000 0.00757
7.20000 0.00740
7.25000 0.00723
7.30000 0.00708
7.35000 0.00692
7.40000 0.00678
7.45000 0.00664
7.50000 0.00650
7.55000 0.00637
7.60000 0.00624
7.65000 0.00612
7.70000 0.00600
7.75000 0.00589
7.80000 0.00577
7.85000 0.00567
7.90000 0.00556
7.95000 0.00546
8.00000 0.00536
8.05000 0.00527
8.10000 0.00518
8.15000 0.00509
8.20000 0.00500
8.25000 0.00492
8.30000 0.00484
8.35000 0.00476
8.40000 0.00468
8.45000 0.00461
8.50000 0.00454
8.55000 0.00447
8.60000 0.00440
8.65000 0.00434
8.70000 0.00427
8.75000 0.00421
8.80000 0.00415
8.85000 0.00409
8.90000 0.00404
8.95000 0.00398
9.00000 0.00393
9.05000 0.00388
9.10000 0.00383
9.15000 0.00378
9.20000 0.00373
9.25000 0.00369
9.30000 0.00364
9.35000 0.00360
9.40000 0.00356
9.45000 0.00352
9.50000 0.00348
9.55000 0.00345
9.60000 0.00341
9.65000 0.00338
9.70000 0.00334
9.75000 0.00331
9.80000 0.00328
9.85000 0.00325
9.90000 0.00322
9.95000 0.00320
10.00000 0.00317
10.05000 0.00315
10.10000 0.00313
10.15000 0.00310
10.20000 0.00308
10.25000 0.00307
10.30000 0.00305
10.35000 0.00303
10.40000 0.00302
10.45000 0.00301
10.50000 0.00300
10.55000 0.00299
10.60000 0.00298
10.65000 0.00297
10.70000 0.00297
10.75000 0.00297
10.80000 0.00297
10.85000 0.00297
10.90000 0.00298
10.95000 0.00299
11.00000 0.00300
11.05000 0.00302
11.10000 0.00304
11.15000 0.00306
11.20000 0.00309
11.25000 0.00313
11.30000 0.00317
11.35000 0.00322
11.40000 0.00329
11.45000 0.00336
11.50000 0.00345
11.55000 0.00355
11.60000 0.00368
11.65000 0.00383
11.70000 0.00401
11.75000 0.00422
11.80000 0.00448
11.85000 0.00478
11.90000 0.00514
11.95000 0.00557
12.00000 0.00607
12.05000 0.00666
12.10000 0.00734
12.15000 0.00811
12.20000 0.00899
12.25000 0.00998
12.30000 0.01108
12.35000 0.01227
12.40000 0.01356
12.45000 0.01494
12.50000 0.01637
12.55000 0.01785
12.60000 0.01934
12.65000 0.02081
12.70000 0.02222
12.75000 0.02354
12.80000 0.02474
12.85000 0.02579
12.90000 0.02664
12.95000 0.02729
13.00000 0.02771
13.05000 0.02790
13.10000 0.02786
13.15000 0.02759
13.20000 0.02713
13.25000 0.02649
13.30000 0.02572
13.35000 0.02485
13.40000 0.02393
13.45000 0.02301
13.50000 0.02213
13.55000 0.02136
13.60000 0.02073
13.65000 0.02028
13.70000 0.02008
13.75000 0.02014
13.80000 0.02051
13.85000 0.02121
13.90000 0.02226
13.95000 0.02368
14.00000 0.02548
14.05000 0.02766
14.10000 0.03021
14.15000 0.03309
14.20000 0.03629
14.25000 0.03975
14.30000 0.04342
14.35000 0.04723
14.40000 0.05110
14.45000 0.05494
14.50000 0.05864
14.55000 0.06213
14.60000 0.06529
14.65000 0.06803
14.70000 0.07027
14.75000 0.07195
14.80000 0.07300
14.85000 0.07339
14.90000 0.07311
14.95000 0.07217
15.00000 0.07059
15.05000 0.06844
15.10000 0.06578
15.15000 0.06268
15.20000 0.05926
15.25000 0.05559
15.30000 0.05179
15.35000 0.04795
15.40000 0.04416
15.45000 0.04050
15.50000 0.03705
15.55000 0.03387
15.60000 0.03099
15.65000 0.02844
15.70000 0.02625
15.75000 0.02441
15.80000 0.02292
15.85000 0.02175
15.90000 0.02089
15.95000 0.02030
16.00000 0.01993
16.05000 0.01976
16.10000 0.01973
16.15000 0.01980
16.20000 0.01992
16.25000 0.02006
16.30000 0.02018
16.35000 0.02023
16.40000 0.02021
16.45000 0.02008
16.50000 0.01983
16.55000 0.01945
16.60000 0.01895
16.65000 0.01832
16.70000 0.01758
16.75000 0.01674
16.80000 0.01582
16.85000 0.01484
16.90000 0.01382
16.95000 0.01279
17.00000 0.01176
17.05000 0.01076
17.10000 0.00979
17.15000 0.00887
17.20000 0.00801
17.25000 0.00722
17.30000 0.00650
17.35000 0.00585
17.40000 0.00527
17.45000 0.00476
17.50000 0.00430
17.55000 0.00391
17.60000 0.00357
17.65000 0.00327
17.70000 0.00302
17.75000 0.00280
17.80000 0.00261
17.85000 0.00244
17.90000 0.00230
17.95000 0.00217
18.00000 0.00207
18.05000 0.00197
18.10000 0.00189
18.15000 0.00181
18.20000 0.00174
18.25000 0.00168
18.30000 0.00163
18.35000 0.00157
18.40000 0.00153
18.45000 0.00148
18.50000 0.00144
18.55000 0.00141
18.60000 0.00137
18.65000 0.00134
18.70000 0.00131
18.75000 0.00128
18.80000 0.00125
18.85000 0.00122
18.90000 0.00120
18.95000 0.00118
19.00000 0.00115
19.05000 0.00113
19.10000 0.00111
19.15000 0.00109
19.20000 0.00107
19.25000 0.00105
19.30000 0.00104
19.35000 0.00102
19.40000 0.00100
19.45000 0.00099
19.50000 0.00097
19.55000 0.00096
19.60000 0.00094
19.65000 0.00093
19.70000 0.00092
19.75000 0.00091
19.80000 0.00089
19.85000 0.00088
19.90000 0.00087
19.95000 0.00086
20.00000 0.00085
