-20.00000 -0.01802
-19.95000 -0.01822
-19.90000 -0.01843
-19.85000 -0.01864
-19.80000 -0.01886
-19.75000 -0.01909
-19.70000 -0.01933
-19.65000 -0.01957
-19.60000 -0.01982
-19.55000 -0.02009
-19.50000 -0.02036
-19.45000 -0.02064
-19.40000 -0.02093
-19.35000 -0.02124
-19.30000 -0.02156
-19.25000 -0.02189
-19.20000 -0.02223
-19.15000 -0.02259
-19.10000 -0.02296
-19.05000 -0.02334
-19.00000 -0.02374
-18.95000 -0.02416
-18.90000 -0.02458
-18.85000 -0.02502
-18.80000 -0.02548
-18.75000 -0.02594
-18.70000 -0.02641
-18.65000 -0.02689
-18.60000 -0.02738
-18.55000 -0.02787
-18.50000 -0.02836
-18.45000 -0.02885
-18.40000 -0.02934
-18.35000 -0.02982
-18.30000 -0.03030
-18.25000 -0.03077
-18.20000 -0.03124
-18.15000 -0.03169
-18.10000 -0.03214
-18.05000 -0.03257
-18.00000 -0.03300
-17.95000 -0.03343
-17.90000 -0.03385
-17.85000 -0.03427
-17.80000 -0.03470
-17.75000 -0.03513
-17.70000 -0.03557
-17.65000 -0.03603
-17.60000 -0.03650
-17.55000 -0.03701
-17.50000 -0.03754
-17.45000 -0.03810
-17.40000 -0.03870
-17.35000 -0.03935
-17.30000 -0.04003
-17.25000 -0.04077
-17.20000 -0.04155
-17.15000 -0.04239
-17.10000 -0.04328
-17.05000 -0.04422
-17.00000 -0.04522
-16.95000 -0.04627
-16.90000 -0.04737
-16.85000 -0.04853
-16.80000 -0.04973
-16.75000 -0.05098
-16.70000 -0.05228
-16.65000 -0.05362
-16.60000 -0.05499
-16.55000 -0.05641
-16.50000 -0.05786
-16.45000 -0.05934
-16.40000 -0.06086
-16.35000 -0.06240
-16.30000 -0.06397
-16.25000 -0.06557
-16.20000 -0.06719
-16.15000 -0.06884
-16.10000 -0.07052
-16.05000 -0.07222
-16.00000 -0.07394
-15.95000 -0.07568
-15.90000 -0.07744
-15.85000 -0.07923
-15.80000 -0.08104
-15.75000 -0.08286
-15.70000 -0.08471
-15.65000 -0.08657
-15.60000 -0.08845
-15.55000 -0.09035
-15.50000 -0.09226
-15.45000 -0.09420
-15.40000 -0.09615
-15.35000 -0.09812
-15.30000 -0.10012
-15.25000 -0.10214
-15.20000 -0.10420
-15.15000 -0.10629
-15.10000 -0.10842
-15.05000 -0.11059
-15.00000 -0.11283
-14.95000 -0.11514
-14.90000 -0.11752
-14.85000 -0.12001
-14.80000 -0.12260
-14.75000 -0.12532
-14.70000 -0.12818
-14.65000 -0.13122
-14.60000 -0.13444
-14.55000 -0.13787
-14.50000 -0.14154
-14.45000 -0.14546
-14.40000 -0.14965
-14.35000 -0.15413
-14.30000 -0.15891
-14.25000 -0.16399
-14.20000 -0.16939
-14.15000 -0.17509
-14.10000 -0.18107
-14.05000 -0.18733
-14.00000 -0.19382
-13.95000 -0.20052
-13.90000 -0.20736
-13.85000 -0.21431
-13.80000 -0.22129
-13.75000 -0.22825
-13.70000 -0.23512
-13.65000 -0.24183
-13.60000 -0.24832
-13.55000 -0.25452
-13.50000 -0.26038
-13.45000 -0.26586
-13.40000 -0.27092
-13.35000 -0.27554
-13.30000 -0.27972
-13.25000 -0.28345
-13.20000 -0.28677
-13.15000 -0.28971
-13.10000 -0.29232
-13.05000 -0.29466
-13.00000 -0.29680
-12.95000 -0.29882
-12.90000 -0.30079
-12.85000 -0.30279
-12.80000 -0.30490
-12.75000 -0.30719
-12.70000 -0.30971
-12.65000 -0.31252
-12.60000 -0.31564
-12.55000 -0.31909
-12.50000 -0.32288
-12.45000 -0.32700
-12.40000 -0.33140
-12.35000 -0.33606
-12.30000 -0.34091
-12.25000 -0.34589
-12.20000 -0.35093
-12.15000 -0.35595
-12.10000 -0.36088
-12.05000 -0.36565
-12.00000 -0.37019
-11.95000 -0.37445
-11.90000 -0.37837
-11.85000 -0.38194
-11.80000 -0.38512
-11.75000 -0.38793
-11.70000 -0.39037
-11.65000 -0.39248
-11.60000 -0.39430
-11.55000 -0.39588
-11.50000 -0.39729
-11.45000 -0.39860
-11.40000 -0.39988
-11.35000 -0.40120
-11.30000 -0.40265
-11.25000 -0.40427
-11.20000 -0.40613
-11.15000 -0.40828
-11.10000 -0.41075
-11.05000 -0.41355
-11.00000 -0.41670
-10.95000 -0.42019
-10.90000 -0.42397
-10.85000 -0.42802
-10.80000 -0.43227
-10.75000 -0.43666
-10.70000 -0.44110
-10.65000 -0.44550
-10.60000 -0.44978
-10.55000 -0.45384
-10.50000 -0.45760
-10.45000 -0.46097
-10.40000 -0.46388
-10.35000 -0.46627
-10.30000 -0.46810
-10.25000 -0.46936
-10.20000 -0.47003
-10.15000 -0.47015
-10.10000 -0.46976
-10.05000 -0.46892
-10.00000 -0.46771
-9.95000 -0.46622
-9.90000 -0.46458
-9.85000 -0.46289
-9.80000 -0.46127
-9.75000 -0.45986
-9.70000 -0.45877
-9.65000 -0.45809
-9.60000 -0.45795
-9.55000 -0.45841
-9.50000 -0.45954
-9.45000 -0.46140
-9.40000 -0.46403
-9.35000 -0.46743
-9.30000 -0.47161
-9.25000 -0.47656
-9.20000 -0.48227
-9.15000 -0.48871
-9.10000 -0.49585
-9.05000 -0.50367
-9.00000 -0.51215
-8.95000 -0.52128
-8.90000 -0.53108
-8.85000 -0.54155
-8.80000 -0.55275
-8.75000 -0.56472
-8.70000 -0.57755
-8.65000 -0.59133
-8.60000 -0.60618
-8.55000 -0.62221
-8.50000 -0.63957
-8.45000 -0.65839
-8.40000 -0.67881
-8.35000 -0.70098
-8.30000 -0.72503
-8.25000 -0.75107
-8.20000 -0.77921
-8.15000 -0.80953
-8.10000 -0.84212
-8.05000 -0.87700
-8.00000 -0.91422
-7.95000 -0.95378
-7.90000 -0.99568
-7.85000 -1.03990
-7.80000 -1.08643
-7.75000 -1.13523
-7.70000 -1.18630
-7.65000 -1.23961
-7.60000 -1.29518
-7.55000 -1.35302
-7.50000 -1.41318
-7.45000 -1.47573
-7.40000 -1.54075
-7.35000 -1.60836
-7.30000 -1.67870
-7.25000 -1.75191
-7.20000 -1.82817
-7.15000 -1.90763
-7.10000 -1.99047
-7.05000 -2.07685
-7.00000 -2.16690
-6.95000 -2.26074
-6.90000 -2.35845
-6.85000 -2.46007
-6.80000 -2.56561
-6.75000 -2.67503
-6.70000 -2.78824
-6.65000 -2.90512
-6.60000 -3.02551
-6.55000 -3.14921
-6.50000 -3.27602
-6.45000 -3.40573
-6.40000 -3.53812
-6.35000 -3.67299
-6.30000 -3.81017
-6.25000 -3.94954
-6.20000 -4.09101
-6.15000 -4.23456
-6.10000 -4.38022
-6.05000 -4.52811
-6.00000 -4.67838
-5.95000 -4.83126
-5.90000 -4.98700
-5.85000 -5.14589
-5.80000 -5.30825
-5.75000 -5.47435
-5.70000 -5.64446
-5.65000 -5.81877
-5.60000 -5.99738
-5.55000 -6.18029
-5.50000 -6.36733
-5.45000 -6.55819
-5.40000 -6.75237
-5.35000 -6.94915
-5.30000 -7.14763
-5.25000 -7.34667
-5.20000 -7.54494
-5.15000 -7.74090
-5.10000 -7.93283
-5.05000 -8.11886
-5.00000 -8.29699
-4.95000 -8.46514
-4.90000 -8.62117
-4.85000 -8.76294
-4.80000 -8.88837
-4.75000 -8.99546
-4.70000 -9.08233
-4.65000 -9.14731
-4.60000 -9.18894
-4.55000 -9.20600
-4.50000 -9.19758
-4.45000 -9.16308
-4.40000 -9.10220
-4.35000 -9.01500
-4.30000 -8.90187
-4.25000 -8.76355
-4.20000 -8.60107
-4.15000 -8.41578
-4.10000 -8.20933
-4.05000 -7.98358
-4.00000 -7.74062
-3.95000 -7.48272
-3.90000 -7.21227
-3.85000 -6.93176
-3.80000 -6.64371
-3.75000 -6.35065
-3.70000 -6.05503
-3.65000 -5.75924
-3.60000 -5.46553
-3.55000 -5.17597
-3.50000 -4.89244
-3.45000 -4.61660
-3.40000 -4.34987
-3.35000 -4.09340
-3.30000 -3.84810
-3.25000 -3.61464
-3.20000 -3.39341
-3.15000 -3.18461
-3.10000 -2.98821
-3.05000 -2.80400
-3.00000 -2.63164
-2.95000 -2.47063
-2.90000 -2.32040
-2.85000 -2.18030
-2.80000 -2.04967
-2.75000 -1.92780
-2.70000 -1.81401
-2.65000 -1.70765
-2.60000 -1.60809
-2.55000 -1.51477
-2.50000 -1.42717
-2.45000 -1.34484
-2.40000 -1.26737
-2.35000 -1.19442
-2.30000 -1.12569
-2.25000 -1.06093
-2.20000 -0.99992
-2.15000 -0.94245
-2.10000 -0.88837
-2.05000 -0.83753
-2.00000 -0.78977
-1.95000 -0.74497
-1.90000 -0.70300
-1.85000 -0.66373
-1.80000 -0.62703
-1.75000 -0.59277
-1.70000 -0.56082
-1.65000 -0.53105
-1.60000 -0.50334
-1.55000 -0.47755
-1.50000 -0.45356
-1.45000 -0.43125
-1.40000 -0.41050
-1.35000 -0.39119
-1.30000 -0.37322
-1.25000 -0.35649
-1.20000 -0.34090
-1.15000 -0.32636
-1.10000 -0.31279
-1.05000 -0.30012
-1.00000 -0.28826
-0.95000 -0.27716
-0.90000 -0.26675
-0.85000 -0.25699
-0.80000 -0.24781
-0.75000 -0.23919
-0.70000 -0.23106
-0.65000 -0.22341
-0.60000 -0.21618
-0.55000 -0.20936
-0.50000 -0.20291
-0.45000 -0.19681
-0.40000 -0.19102
-0.35000 -0.18554
-0.30000 -0.18034
-0.25000 -0.17541
-0.20000 -0.17072
-0.15000 -0.16626
-0.10000 -0.16202
-0.05000 -0.15798
0.00000 -0.15414
0.05000 -0.15048
0.10000 -0.14699
0.15000 -0.14366
0.20000 -0.14049
0.25000 -0.13747
0.30000 -0.13459
0.35000 -0.13184
0.40000 -0.12922
0.45000 -0.12672
0.50000 -0.12434
0.55000 -0.12207
0.60000 -0.11991
0.65000 -0.11786
0.70000 -0.11591
0.75000 -0.11406
0.80000 -0.11230
0.85000 -0.11064
0.90000 -0.10907
0.95000 -0.10759
1.00000 -0.10620
1.05000 -0.10490
1.10000 -0.10369
1.15000 -0.10256
1.20000 -0.10153
1.25000 -0.10058
1.30000 -0.09972
1.35000 -0.09896
1.40000 -0.09829
1.45000 -0.09771
1.50000 -0.09723
1.55000 -0.09686
1.60000 -0.09660
1.65000 -0.09645
1.70000 -0.09643
1.75000 -0.09654
1.80000 -0.09679
1.85000 -0.09719
1.90000 -0.09777
1.95000 -0.09854
2.00000 -0.09953
2.05000 -0.10077
2.10000 -0.10229
2.15000 -0.10415
2.20000 -0.10640
2.25000 -0.10914
2.30000 -0.11246
2.35000 -0.11649
2.40000 -0.12142
2.45000 -0.12744
2.50000 -0.13484
2.55000 -0.14396
2.60000 -0.15522
2.65000 -0.16914
2.70000 -0.18634
2.75000 -0.20757
2.80000 -0.23367
2.85000 -0.26562
2.90000 -0.30451
2.95000 -0.35149
3.00000 -0.40777
3.05000 -0.47456
3.10000 -0.55299
3.15000 -0.64402
3.20000 -0.74840
3.25000 -0.86648
3.30000 -0.99818
3.35000 -1.14287
3.40000 -1.29929
3.45000 -1.46549
3.50000 -1.63881
3.55000 -1.81594
3.60000 -1.99296
3.65000 -2.16546
3.70000 -2.32878
3.75000 -2.47815
3.80000 -2.60894
3.85000 -2.71696
3.90000 -2.79865
3.95000 -2.85131
4.00000 -2.87329
4.05000 -2.86408
4.10000 -2.82437
4.15000 -2.75599
4.20000 -2.66186
4.25000 -2.54577
4.30000 -2.41222
4.35000 -2.26612
4.40000 -2.11258
4.45000 -1.95662
4.50000 -1.80294
4.55000 -1.65571
4.60000 -1.51844
4.65000 -1.39383
4.70000 -1.28375
4.75000 -1.18921
4.80000 -1.11041
4.85000 -1.04680
4.90000 -0.99721
4.95000 -0.95994
5.00000 -0.93295
5.05000 -0.91394
5.10000 -0.90053
5.15000 -0.89037
5.20000 -0.88127
5.25000 -0.87130
5.30000 -0.85883
5.35000 -0.84263
5.40000 -0.82185
5.45000 -0.79605
5.50000 -0.76517
5.55000 -0.72951
5.60000 -0.68963
5.65000 -0.64631
5.70000 -0.60050
5.75000 -0.55321
5.80000 -0.50546
5.85000 -0.45822
5.90000 -0.41237
5.95000 -0.36866
6.00000 -0.32766
6.05000 -0.28980
6.10000 -0.25535
6.15000 -0.22443
6.20000 -0.19702
6.25000 -0.17301
6.30000 -0.15220
6.35000 -0.13433
6.40000 -0.11910
6.45000 -0.10623
6.50000 -0.09540
6.55000 -0.08632
6.60000 -0.07872
6.65000 -0.07236
6.70000 -0.06703
6.75000 -0.06255
6.80000 -0.05875
6.85000 -0.05551
6.90000 -0.05273
6.95000 -0.05031
7.00000 -0.04819
7.05000 -0.04632
7.10000 -0.04464
7.15000 -0.04313
7.20000 -0.04176
7.25000 -0.04051
7.30000 -0.03935
7.35000 -0.03828
7.40000 -0.03729
7.45000 -0.03636
7.50000 -0.03549
7.55000 -0.03466
7.60000 -0.03389
7.65000 -0.03316
7.70000 -0.03246
7.75000 -0.03180
7.80000 -0.03118
7.85000 -0.03058
7.90000 -0.03001
7.95000 -0.02946
8.00000 -0.02894
8.05000 -0.02844
8.10000 -0.02796
8.15000 -0.02749
8.20000 -0.02705
8.25000 -0.02662
8.30000 -0.02621
8.35000 -0.02581
8.40000 -0.02543
8.45000 -0.02506
8.50000 -0.02470
8.55000 -0.02435
8.60000 -0.02402
8.65000 -0.02369
8.70000 -0.02338
8.75000 -0.02307
8.80000 -0.02278
8.85000 -0.02249
8.90000 -0.02221
8.95000 -0.02194
9.00000 -0.02167
9.05000 -0.02142
9.10000 -0.02117
9.15000 -0.02092
9.20000 -0.02069
9.25000 -0.02046
9.30000 -0.02023
9.35000 -0.02001
9.40000 -0.01980
9.45000 -0.01959
9.50000 -0.01939
9.55000 -0.01919
9.60000 -0.01900
9.65000 -0.01881
9.70000 -0.01862
9.75000 -0.01844
9.80000 -0.01827
9.85000 -0.01810
9.90000 -0.01793
9.95000 -0.01777
10.00000 -0.01760
10.05000 -0.01745
10.10000 -0.01730
10.15000 -0.01715
10.20000 -0.01700
10.25000 -0.01686
10.30000 -0.01672
10.35000 -0.01658
10.40000 -0.01645
10.45000 -0.01632
10.50000 -0.01619
10.55000 -0.01607
10.60000 -0.01594
10.65000 -0.01583
10.70000 -0.01571
10.75000 -0.01560
10.80000 -0.01549
10.85000 -0.01538
10.90000 -0.01527
10.95000 -0.01517
11.00000 -0.01507
11.05000 -0.01497
11.10000 -0.01488
11.15000 -0.01479
11.20000 -0.01470
11.25000 -0.01461
11.30000 -0.01452
11.35000 -0.01444
11.40000 -0.01436
11.45000 -0.01429
11.50000 -0.01421
11.55000 -0.01414
11.60000 -0.01407
11.65000 -0.01401
11.70000 -0.01394
11.75000 -0.01388
11.80000 -0.01383
11.85000 -0.01377
11.90000 -0.01372
11.95000 -0.01367
12.00000 -0.01363
12.05000 -0.01358
12.10000 -0.01354
12.15000 -0.01351
12.20000 -0.01348
12.25000 -0.01345
12.30000 -0.01343
12.35000 -0.01341
12.40000 -0.01340
12.45000 -0.01339
12.50000 -0.01338
12.55000 -0.01338
12.60000 -0.01339
12.65000 -0.01340
12.70000 -0.01342
12.75000 -0.01345
12.80000 -0.01348
12.85000 -0.01352
12.90000 -0.01358
12.95000 -0.01364
13.00000 -0.01371
13.05000 -0.01380
13.10000 -0.01390
13.15000 -0.01401
13.20000 -0.01415
13.25000 -0.01430
13.30000 -0.01448
13.35000 -0.01468
13.40000 -0.01492
13.45000 -0.01520
13.50000 -0.01552
13.55000 -0.01590
13.60000 -0.01634
13.65000 -0.01686
13.70000 -0.01748
13.75000 -0.01822
13.80000 -0.01909
13.85000 -0.02014
13.90000 -0.02138
13.95000 -0.02287
14.00000 -0.02464
14.05000 -0.02674
14.10000 -0.02921
14.15000 -0.03212
14.20000 -0.03550
14.25000 -0.03941
14.30000 -0.04388
14.35000 -0.04895
14.40000 -0.05463
14.45000 -0.06093
14.50000 -0.06780
14.55000 -0.07522
14.60000 -0.08308
14.65000 -0.09130
14.70000 -0.09974
14.75000 -0.10823
14.80000 -0.11661
14.85000 -0.12467
14.90000 -0.13223
14.95000 -0.13909
15.00000 -0.14509
15.05000 -0.15006
15.10000 -0.15391
15.15000 -0.15655
15.20000 -0.15798
15.25000 -0.15821
15.30000 -0.15733
15.35000 -0.15547
15.40000 -0.15279
15.45000 -0.14949
15.50000 -0.14578
15.55000 -0.14188
15.60000 -0.13801
15.65000 -0.13435
15.70000 -0.13109
15.75000 -0.12833
15.80000 -0.12616
15.85000 -0.12460
15.90000 -0.12365
15.95000 -0.12325
16.00000 -0.12328
16.05000 -0.12362
16.10000 -0.12411
16.15000 -0.12459
16.20000 -0.12489
16.25000 -0.12487
16.30000 -0.12439
16.35000 -0.12335
16.40000 -0.12169
16.45000 -0.11936
16.50000 -0.11639
16.55000 -0.11282
16.60000 -0.10872
16.65000 -0.10421
16.70000 -0.09941
16.75000 -0.09445
16.80000 -0.08948
16.85000 -0.08465
16.90000 -0.08008
16.95000 -0.07590
17.00000 -0.07219
17.05000 -0.06904
17.10000 -0.06650
17.15000 -0.06458
17.20000 -0.06329
17.25000 -0.06261
17.30000 -0.06249
17.35000 -0.06286
17.40000 -0.06366
17.45000 -0.06479
17.50000 -0.06615
17.55000 -0.06764
17.60000 -0.06916
17.65000 -0.07061
17.70000 -0.07190
17.75000 -0.07295
17.80000 -0.07371
17.85000 -0.07412
17.90000 -0.07416
17.95000 -0.07382
18.00000 -0.07313
18.05000 -0.07210
18.10000 -0.07081
18.15000 -0.06930
18.20000 -0.06768
18.25000 -0.06601
18.30000 -0.06440
18.35000 -0.06292
18.40000 -0.06167
18.45000 -0.06071
18.50000 -0.06011
18.55000 -0.05989
18.60000 -0.06007
18.65000 -0.06066
18.70000 -0.06163
18.75000 -0.06293
18.80000 -0.06450
18.85000 -0.06626
18.90000 -0.06812
18.95000 -0.06996
19.00000 -0.07170
19.05000 -0.07323
19.10000 -0.07444
19.15000 -0.07526
19.20000 -0.07562
19.25000 -0.07546
19.30000 -0.07476
19.35000 -0.07351
19.40000 -0.07172
19.45000 -0.06943
19.50000 -0.06669
19.55000 -0.06357
19.60000 -0.06013
19.65000 -0.05647
19.70000 -0.05267
19.75000 -0.04880
19.80000 -0.04495
19.85000 -0.04119
19.90000 -0.03758
19.95000 -0.03415
20.00000 -0.03095
