472.79999 0.00000 0.00000 0.00000 0.00000
472.89999 0.00001 0.00001 0.00001 0.00001
473.00000 0.00003 0.00002 0.00003 0.00003
473.09998 0.00004 0.00003 0.00004 0.00004
473.19998 0.00005 0.00003 0.00005 0.00005
473.29999 0.00007 0.00004 0.00007 0.00007
473.39999 0.00008 0.00005 0.00008 0.00008
473.50000 0.00010 0.00006 0.00010 0.00010
473.59998 0.00011 0.00007 0.00011 0.00011
473.69998 0.00012 0.00008 0.00012 0.00012
473.79999 0.00014 0.00008 0.00014 0.00014
473.89999 0.00015 0.00009 0.00015 0.00015
474.00000 0.00016 0.00010 0.00016 0.00016
474.09998 0.00018 0.00011 0.00018 0.00018
474.19998 0.00019 0.00012 0.00019 0.00019
474.29999 0.00021 0.00013 0.00021 0.00021
474.39999 0.00022 0.00013 0.00022 0.00022
474.50000 0.00024 0.00014 0.00024 0.00024
474.59998 0.00025 0.00015 0.00025 0.00025
474.69998 0.00027 0.00016 0.00027 0.00027
474.79999 0.00028 0.00017 0.00028 0.00028
474.89999 0.00029 0.00018 0.00029 0.00029
475.00000 0.00031 0.00018 0.00031 0.00031
475.09998 0.00032 0.00019 0.00032 0.00032
475.19998 0.00034 0.00020 0.00034 0.00034
475.29999 0.00035 0.00021 0.00035 0.00035
475.39999 0.00037 0.00022 0.00037 0.00037
475.50000 0.00038 0.00023 0.00038 0.00038
475.59998 0.00040 0.00023 0.00040 0.00040
475.69998 0.00042 0.00024 0.00042 0.00042
475.79999 0.00043 0.00025 0.00043 0.00043
475.89999 0.00045 0.00026 0.00045 0.00045
476.00000 0.00046 0.00027 0.00046 0.00046
476.09998 0.00048 0.00028 0.00048 0.00048
476.19998 0.00049 0.00028 0.00049 0.00049
476.29999 0.00051 0.00029 0.00051 0.00051
476.39999 0.00053 0.00030 0.00053 0.00053
476.50000 0.00054 0.00031 0.00054 0.00054
476.59998 0.00056 0.00032 0.00056 0.00056
476.69998 0.00057 0.00033 0.00057 0.00057
476.79999 0.00059 0.00034 0.00059 0.00059
476.89999 0.00061 0.00034 0.00061 0.00061
477.00000 0.00062 0.00035 0.00062 0.00062
477.09998 0.00064 0.00036 0.00064 0.00064
477.19998 0.00066 0.00037 0.00066 0.00066
477.29999 0.00067 0.00038 0.00067 0.00067
477.39999 0.00069 0.00039 0.00069 0.00069
477.50000 0.00071 0.00039 0.00071 0.00071
477.59998 0.00072 0.00040 0.00072 0.00072
477.69998 0.00074 0.00041 0.00074 0.00074
477.79999 0.00076 0.00042 0.00076 0.00076
477.89999 0.00078 0.00043 0.00078 0.00078
478.00000 0.00080 0.00044 0.00080 0.00080
478.09998 0.00081 0.00044 0.00081 0.00081
478.19998 0.00083 0.00045 0.00083 0.00083
478.29999 0.00085 0.00046 0.00085 0.00085
478.39999 0.00087 0.00047 0.00087 0.00087
478.50000 0.00089 0.00048 0.00089 0.00089
478.59998 0.00090 0.00049 0.00090 0.00090
478.69998 0.00092 0.00049 0.00092 0.00092
478.79999 0.00094 0.00050 0.00094 0.00094
478.89999 0.00096 0.00051 0.00096 0.00096
479.00000 0.00098 0.00052 0.00098 0.00098
479.09998 0.00100 0.00053 0.00100 0.00100
479.19998 0.00102 0.00054 0.00102 0.00102
479.29999 0.00104 0.00054 0.00104 0.00104
479.39999 0.00106 0.00055 0.00106 0.00106
479.50000 0.00108 0.00056 0.00108 0.00108
479.59998 0.00110 0.00057 0.00110 0.00110
479.69998 0.00112 0.00058 0.00112 0.00112
479.79999 0.00114 0.00059 0.00114 0.00114
479.89999 0.00116 0.00059 0.00116 0.00116
480.00000 0.00118 0.00060 0.00118 0.00118
480.09998 0.00120 0.00061 0.00120 0.00120
480.19998 0.00122 0.00062 0.00122 0.00122
480.29999 0.00124 0.00062 0.00124 0.00124
480.39999 0.00126 0.00063 0.00126 0.00126
480.50000 0.00128 0.00063 0.00128 0.00128
480.59998 0.00129 0.00063 0.00129 0.00129
480.69998 0.00131 0.00063 0.00131 0.00131
480.79999 0.00132 0.00063 0.00132 0.00132
480.89999 0.00134 0.00064 0.00134 0.00134
481.00000 0.00136 0.00064 0.00136 0.00136
481.09998 0.00138 0.00065 0.00138 0.00138
481.19998 0.00140 0.00065 0.00140 0.00140
481.29999 0.00141 0.00065 0.00141 0.00141
481.39999 0.00143 0.00065 0.00143 0.00143
481.50000 0.00146 0.00066 0.00146 0.00146
481.59998 0.00148 0.00067 0.00148 0.00148
481.69998 0.00150 0.00068 0.00150 0.00150
481.79999 0.00153 0.00068 0.00153 0.00153
481.89999 0.00155 0.00069 0.00155 0.00155
482.00000 0.00157 0.00069 0.00157 0.00157
482.09998 0.00159 0.00070 0.00159 0.00159
482.19998 0.00162 0.00070 0.00162 0.00162
482.29999 0.00164 0.00071 0.00164 0.00164
482.39999 0.00166 0.00071 0.00166 0.00166
482.50000 0.00169 0.00072 0.00169 0.00169
482.59998 0.00172 0.00073 0.00172 0.00172
482.69998 0.00174 0.00073 0.00174 0.00174
482.79999 0.00177 0.00074 0.00177 0.00177
482.89999 0.00180 0.00074 0.00180 0.00180
483.00000 0.00182 0.00075 0.00182 0.00182
483.09998 0.00185 0.00075 0.00185 0.00185
483.19998 0.00187 0.00076 0.00187 0.00187
483.29999 0.00191 0.00077 0.00191 0.00191
483.39999 0.00194 0.00078 0.00194 0.00194
483.50000 0.00197 0.00078 0.00197 0.00197
483.59998 0.00200 0.00079 0.00200 0.00200
483.69998 0.00203 0.00079 0.00203 0.00203
483.79999 0.00206 0.00080 0.00206 0.00206
483.89999 0.00209 0.00081 0.00209 0.00209
484.00000 0.00212 0.00081 0.00212 0.00212
484.09998 0.00215 0.00082 0.00215 0.00215
484.19998 0.00219 0.00083 0.00219 0.00219
484.29999 0.00222 0.00083 0.00222 0.00222
484.39999 0.00226 0.00084 0.00226 0.00226
484.50000 0.00230 0.00085 0.00230 0.00230
484.59998 0.00233 0.00086 0.00233 0.00233
484.69998 0.00237 0.00087 0.00237 0.00237
484.79999 0.00241 0.00088 0.00241 0.00241
484.89999 0.00245 0.00088 0.00245 0.00245
485.00000 0.00249 0.00089 0.00249 0.00249
485.09998 0.00253 0.00090 0.00253 0.00253
485.19998 0.00257 0.00091 0.00257 0.00257
485.29999 0.00262 0.00092 0.00262 0.00262
485.39999 0.00266 0.00093 0.00266 0.00266
485.50000 0.00270 0.00093 0.00270 0.00270
485.59998 0.00274 0.00094 0.00274 0.00274
485.69998 0.00279 0.00094 0.00279 0.00279
485.79999 0.00283 0.00095 0.00283 0.00283
485.89999 0.00288 0.00096 0.00288 0.00288
486.00000 0.00293 0.00097 0.00293 0.00293
486.09998 0.00298 0.00098 0.00298 0.00298
486.19998 0.00304 0.00099 0.00304 0.00304
486.29999 0.00309 0.00100 0.00309 0.00309
486.39999 0.00314 0.00101 0.00314 0.00314
486.50000 0.00320 0.00102 0.00320 0.00320
486.59998 0.00326 0.00103 0.00326 0.00326
486.69998 0.00332 0.00104 0.00332 0.00332
486.79999 0.00338 0.00106 0.00338 0.00338
486.89999 0.00344 0.00107 0.00344 0.00344
487.00000 0.00350 0.00108 0.00350 0.00350
487.09998 0.00357 0.00109 0.00357 0.00357
487.19998 0.00365 0.00111 0.00365 0.00365
487.29999 0.00372 0.00112 0.00372 0.00372
487.39999 0.00379 0.00114 0.00379 0.00379
487.50000 0.00386 0.00115 0.00386 0.00386
487.59998 0.00394 0.00116 0.00394 0.00394
487.69998 0.00401 0.00118 0.00401 0.00401
487.79999 0.00409 0.00119 0.00409 0.00409
487.89999 0.00418 0.00121 0.00418 0.00418
488.00000 0.00426 0.00122 0.00426 0.00426
488.09998 0.00435 0.00124 0.00435 0.00435
488.19998 0.00444 0.00125 0.00444 0.00444
488.29999 0.00454 0.00127 0.00454 0.00454
488.39999 0.00463 0.00129 0.00463 0.00463
488.50000 0.00473 0.00130 0.00473 0.00473
488.59998 0.00483 0.00132 0.00483 0.00483
488.69998 0.00494 0.00134 0.00494 0.00494
488.79999 0.00504 0.00136 0.00504 0.00504
488.89999 0.00516 0.00137 0.00516 0.00516
489.00000 0.00527 0.00139 0.00527 0.00527
489.09998 0.00539 0.00141 0.00539 0.00539
489.19998 0.00551 0.00142 0.00551 0.00551
489.29999 0.00564 0.00145 0.00564 0.00564
489.39999 0.00577 0.00147 0.00577 0.00577
489.50000 0.00591 0.00149 0.00591 0.00591
489.59998 0.00605 0.00152 0.00605 0.00605
489.69998 0.00620 0.00154 0.00620 0.00620
489.79999 0.00635 0.00156 0.00635 0.00635
489.89999 0.00651 0.00158 0.00651 0.00651
490.00000 0.00667 0.00161 0.00667 0.00667
490.09998 0.00685 0.00163 0.00685 0.00685
490.19998 0.00702 0.00166 0.00702 0.00702
490.29999 0.00721 0.00168 0.00721 0.00721
490.39999 0.00739 0.00171 0.00739 0.00739
490.50000 0.00759 0.00173 0.00759 0.00759
490.59998 0.00780 0.00176 0.00780 0.00780
490.69998 0.00802 0.00179 0.00802 0.00802
490.79999 0.00824 0.00181 0.00824 0.00824
490.89999 0.00848 0.00184 0.00848 0.00848
491.00000 0.00873 0.00188 0.00873 0.00873
491.09998 0.00899 0.00191 0.00899 0.00899
491.19998 0.00926 0.00195 0.00926 0.00926
491.29999 0.00955 0.00198 0.00955 0.00955
491.39999 0.00985 0.00202 0.00985 0.00985
491.50000 0.01016 0.00205 0.01016 0.01016
491.59998 0.01048 0.00208 0.01048 0.01048
491.69998 0.01083 0.00212 0.01083 0.01083
491.79999 0.01120 0.00217 0.01120 0.01120
491.89999 0.01158 0.00220 0.01158 0.01158
492.00000 0.01199 0.00224 0.01199 0.01199
492.09998 0.01242 0.00229 0.01242 0.01242
492.19998 0.01288 0.00233 0.01288 0.01288
492.29999 0.01336 0.00237 0.01336 0.01336
492.39999 0.01387 0.00241 0.01387 0.01387
492.50000 0.01442 0.00246 0.01442 0.01442
492.59998 0.01500 0.00251 0.01500 0.01500
492.69998 0.01563 0.00256 0.01563 0.01563
492.79999 0.01630 0.00261 0.01630 0.01630
492.89999 0.01703 0.00267 0.01703 0.01703
493.00000 0.01782 0.00273 0.01782 0.01782
493.09998 0.01867 0.00280 0.01867 0.01867
493.19998 0.01959 0.00286 0.01959 0.01959
493.29999 0.02059 0.00292 0.02059 0.02059
493.39999 0.02169 0.00298 0.02169 0.02169
493.50000 0.02291 0.00306 0.02291 0.02291
493.59998 0.02425 0.00313 0.02425 0.02425
493.69998 0.02576 0.00321 0.02576 0.02576
493.79999 0.02744 0.00330 0.02744 0.02744
493.89999 0.02933 0.00338 0.02933 0.02933
494.00000 0.03148 0.00347 0.03148 0.03148
494.09998 0.03392 0.00357 0.03392 0.03392
494.19998 0.03672 0.00366 0.03672 0.03672
494.29999 0.03996 0.00376 0.03996 0.03996
494.39999 0.04370 0.00386 0.04370 0.04370
494.50000 0.04806 0.00398 0.04806 0.04806
494.59998 0.05314 0.00410 0.05314 0.05314
494.69998 0.05908 0.00422 0.05908 0.05908
494.79999 0.06603 0.00435 0.06603 0.06603
494.89999 0.07416 0.00450 0.07416 0.07416
495.00000 0.08366 0.00464 0.08366 0.08366
495.09998 0.09474 0.00480 0.09474 0.09474
495.19998 0.10762 0.00497 0.10762 0.10762
495.29999 0.12255 0.00515 0.12255 0.12255
495.39999 0.13974 0.00533 0.13974 0.13974
495.50000 0.15947 0.00554 0.15947 0.15947
495.59998 0.18192 0.00575 0.18192 0.18192
495.69998 0.20734 0.00599 0.20734 0.20734
495.79999 0.23585 0.00623 0.23585 0.23585
495.89999 0.26762 0.00651 0.26762 0.26762
496.00000 0.30266 0.00679 0.30266 0.30266
496.09998 0.34098 0.00711 0.34098 0.34098
496.19998 0.38242 0.00744 0.38242 0.38242
496.29999 0.42681 0.00781 0.42681 0.42681
496.39999 0.47377 0.00818 0.47377 0.47377
496.50000 0.52288 0.00861 0.52288 0.52288
496.59998 0.57351 0.00904 0.57351 0.57351
496.69998 0.62506 0.00953 0.62506 0.62506
496.79999 0.67667 0.01002 0.67667 0.67667
496.89999 0.72753 0.01058 0.72753 0.72753
497.00000 0.77665 0.01113 0.77665 0.77665
497.09998 0.82311 0.01177 0.82311 0.82311
497.19998 0.86590 0.01240 0.86590 0.86590
497.29999 0.90412 0.01309 0.90412 0.90412
497.39999 0.93686 0.01377 0.93686 0.93686
497.50000 0.96339 0.01451 0.96339 0.96339
497.59998 0.98302 0.01524 0.98302 0.98302
497.69998 0.99534 0.01601 0.99534 0.99534
497.79999 1.00000 0.01678 1.00000 1.00000
497.89999 0.99691 0.01754 0.99691 0.99691
498.00000 0.98617 0.01831 0.98617 0.98617
498.09998 0.96806 0.01906 0.96806 0.96806
498.19998 0.94306 0.01980 0.94306 0.94306
498.29999 0.91176 0.02052 0.91176 0.91176
498.39999 0.87498 0.02123 0.87498 0.87498
498.50000 0.83353 0.02189 0.83353 0.83353
498.59998 0.78840 0.02256 0.78840 0.78840
498.69998 0.74051 0.02318 0.74051 0.74051
498.79999 0.69086 0.02379 0.69086 0.69086
498.89999 0.64034 0.02435 0.64034 0.64034
499.00000 0.58989 0.02492 0.58989 0.58989
499.09998 0.54024 0.02543 0.54024 0.54024
499.19998 0.49212 0.02594 0.49212 0.49212
499.29999 0.44606 0.02642 0.44606 0.44606
499.39999 0.40256 0.02690 0.40256 0.40256
499.50000 0.36192 0.02734 0.36192 0.36192
499.59998 0.32442 0.02778 0.32442 0.32442
499.69998 0.29011 0.02819 0.29011 0.29011
499.79999 0.25908 0.02859 0.25908 0.25908
499.89999 0.23123 0.02897 0.23123 0.23123
500.00000 0.20648 0.02935 0.20648 0.20648
500.09998 0.18464 0.02971 0.18464 0.18464
500.19998 0.16553 0.03007 0.16553 0.16553
500.29999 0.14891 0.03040 0.14891 0.14891
500.39999 0.13455 0.03074 0.13455 0.13455
500.50000 0.12221 0.03106 0.12221 0.12221
500.59998 0.11166 0.03138 0.11166 0.11166
500.69998 0.10267 0.03168 0.10267 0.10267
500.79999 0.09504 0.03198 0.09504 0.09504
500.89999 0.08857 0.03226 0.08857 0.08857
501.00000 0.08309 0.03255 0.08309 0.08309
501.09998 0.07846 0.03282 0.07846 0.07846
501.19998 0.07455 0.03308 0.07455 0.07455
501.29999 0.07123 0.03334 0.07123 0.07123
501.39999 0.06842 0.03360 0.06842 0.06842
501.50000 0.06603 0.03384 0.06603 0.06603
501.59998 0.06399 0.03408 0.06399 0.06399
501.69998 0.06224 0.03431 0.06224 0.06224
501.79999 0.06074 0.03455 0.06074 0.06074
501.89999 0.05944 0.03476 0.05944 0.05944
502.00000 0.05832 0.03498 0.05832 0.05832
502.09998 0.05735 0.03520 0.05735 0.05735
502.19998 0.05651 0.03541 0.05651 0.05651
502.29999 0.05577 0.03561 0.05577 0.05577
502.39999 0.05514 0.03582 0.05514 0.05514
502.50000 0.05458 0.03601 0.05458 0.05458
502.59998 0.05409 0.03621 0.05409 0.05409
502.69998 0.05367 0.03640 0.05367 0.05367
502.79999 0.05332 0.03659 0.05332 0.05332
502.89999 0.05300 0.03677 0.05300 0.05300
503.00000 0.05274 0.03695 0.05274 0.05274
503.09998 0.05251 0.03712 0.05251 0.05251
503.19998 0.05234 0.03730 0.05234 0.05234
503.29999 0.05220 0.03747 0.05220 0.05220
503.39999 0.05211 0.03765 0.05211 0.05211
503.50000 0.05205 0.03782 0.05205 0.05205
503.59998 0.05203 0.03800 0.05203 0.05203
503.69998 0.05203 0.03816 0.05203 0.05203
503.79999 0.05207 0.03832 0.05207 0.05207
503.89999 0.05215 0.03848 0.05215 0.05215
504.00000 0.05227 0.03865 0.05227 0.05227
504.09998 0.05242 0.03881 0.05242 0.05242
504.19998 0.05262 0.03897 0.05262 0.05262
504.29999 0.05286 0.03914 0.05286 0.05286
504.39999 0.05315 0.03930 0.05315 0.05315
504.50000 0.05348 0.03946 0.05348 0.05348
504.59998 0.05387 0.03962 0.05387 0.05387
504.69998 0.05432 0.03978 0.05432 0.05432
504.79999 0.05484 0.03994 0.05484 0.05484
504.89999 0.05544 0.04011 0.05544 0.05544
505.00000 0.05612 0.04027 0.05612 0.05612
505.09998 0.05688 0.04043 0.05688 0.05688
505.19998 0.05775 0.04060 0.05775 0.05775
505.29999 0.05874 0.04076 0.05874 0.05874
505.39999 0.05985 0.04092 0.05985 0.05985
505.50000 0.06110 0.04109 0.06110 0.06110
505.59998 0.06251 0.04125 0.06251 0.06251
505.69998 0.06409 0.04142 0.06409 0.06409
505.79999 0.06586 0.04159 0.06586 0.06586
505.89999 0.06782 0.04176 0.06782 0.06782
506.00000 0.06999 0.04194 0.06999 0.06999
506.09998 0.07238 0.04211 0.07238 0.07238
506.19998 0.07499 0.04229 0.07499 0.07499
506.29999 0.07784 0.04246 0.07784 0.07784
506.39999 0.08092 0.04264 0.08092 0.08092
506.50000 0.08424 0.04283 0.08424 0.08424
506.59998 0.08776 0.04301 0.08776 0.08776
506.69998 0.09149 0.04320 0.09149 0.09149
506.79999 0.09540 0.04338 0.09540 0.09540
506.89999 0.09945 0.04357 0.09945 0.09945
507.00000 0.10361 0.04375 0.10361 0.10361
507.09998 0.10783 0.04395 0.10783 0.10783
507.19998 0.11207 0.04414 0.11207 0.11207
507.29999 0.11626 0.04433 0.11626 0.11626
507.39999 0.12034 0.04452 0.12034 0.12034
507.50000 0.12426 0.04471 0.12426 0.12426
507.59998 0.12793 0.04490 0.12793 0.12793
507.69998 0.13132 0.04509 0.13132 0.13132
507.79999 0.13434 0.04529 0.13434 0.13434
507.89999 0.13695 0.04548 0.13695 0.13695
508.00000 0.13908 0.04567 0.13908 0.13908
508.09998 0.14072 0.04587 0.14072 0.14072
508.19998 0.14181 0.04607 0.14181 0.14181
508.29999 0.14235 0.04627 0.14235 0.14235
508.39999 0.14232 0.04647 0.14232 0.14232
508.50000 0.14173 0.04667 0.14173 0.14173
508.59998 0.14060 0.04687 0.14060 0.14060
508.69998 0.13894 0.04707 0.13894 0.13894
508.79999 0.13680 0.04726 0.13680 0.13680
508.89999 0.13423 0.04746 0.13423 0.13423
509.00000 0.13129 0.04765 0.13129 0.13129
509.09998 0.12803 0.04785 0.12803 0.12803
509.19998 0.12452 0.04804 0.12452 0.12452
509.29999 0.12081 0.04823 0.12081 0.12081
509.39999 0.11698 0.04841 0.11698 0.11698
509.50000 0.11308 0.04860 0.11308 0.11308
509.59998 0.10919 0.04878 0.10919 0.10919
509.69998 0.10533 0.04896 0.10533 0.10533
509.79999 0.10158 0.04914 0.10158 0.10158
509.89999 0.09796 0.04933 0.09796 0.09796
510.00000 0.09450 0.04951 0.09450 0.09450
510.09998 0.09124 0.04969 0.09124 0.09124
510.19998 0.08818 0.04986 0.08818 0.08818
510.29999 0.08535 0.05004 0.08535 0.08535
510.39999 0.08274 0.05021 0.08274 0.08274
510.50000 0.08035 0.05038 0.08035 0.08035
510.59998 0.07819 0.05054 0.07819 0.07819
510.69998 0.07625 0.05071 0.07625 0.07625
510.79999 0.07451 0.05088 0.07451 0.07451
510.89999 0.07298 0.05105 0.07298 0.07298
511.00000 0.07162 0.05122 0.07162 0.07162
511.09998 0.07042 0.05138 0.07042 0.07042
511.19998 0.06938 0.05153 0.06938 0.06938
511.29999 0.06848 0.05170 0.06848 0.06848
511.39999 0.06770 0.05186 0.06770 0.06770
511.50000 0.06703 0.05201 0.06703 0.06703
511.59998 0.06646 0.05216 0.06646 0.06646
511.69998 0.06598 0.05231 0.06598 0.06598
511.79999 0.06557 0.05247 0.06557 0.06557
511.89999 0.06524 0.05262 0.06524 0.06524
512.00000 0.06497 0.05277 0.06497 0.06497
512.09998 0.06476 0.05292 0.06476 0.06476
512.20001 0.06459 0.05307 0.06459 0.06459
512.29999 0.06446 0.05322 0.06446 0.06446
512.39996 0.06437 0.05337 0.06437 0.06437
512.50000 0.06432 0.05352 0.06432 0.06432
512.59998 0.06430 0.05367 0.06430 0.06430
512.70001 0.06430 0.05381 0.06430 0.06430
512.79999 0.06432 0.05396 0.06432 0.06432
512.89996 0.06438 0.05411 0.06438 0.06438
513.00000 0.06445 0.05426 0.06445 0.06445
513.09998 0.06454 0.05440 0.06454 0.06454
513.20001 0.06465 0.05455 0.06465 0.06465
513.29999 0.06477 0.05469 0.06477 0.06477
513.39996 0.06491 0.05484 0.06491 0.06491
513.50000 0.06506 0.05498 0.06506 0.06506
513.59998 0.06522 0.05512 0.06522 0.06522
513.70001 0.06540 0.05526 0.06540 0.06540
513.79999 0.06558 0.05540 0.06558 0.06558
513.89996 0.06579 0.05555 0.06579 0.06579
514.00000 0.06600 0.05569 0.06600 0.06600
514.09998 0.06622 0.05583 0.06622 0.06622
514.20001 0.06645 0.05597 0.06645 0.06645
514.29999 0.06669 0.05611 0.06669 0.06669
514.39996 0.06695 0.05624 0.06695 0.06695
514.50000 0.06722 0.05638 0.06722 0.06722
514.59998 0.06750 0.05653 0.06750 0.06750
514.70001 0.06779 0.05667 0.06779 0.06779
514.79999 0.06810 0.05681 0.06810 0.06810
514.89996 0.06842 0.05695 0.06842 0.06842
515.00000 0.06876 0.05709 0.06876 0.06876
515.09998 0.06911 0.05724 0.06911 0.06911
515.20001 0.06947 0.05738 0.06947 0.06947
515.29999 0.06985 0.05752 0.06985 0.06985
515.39996 0.07024 0.05766 0.07024 0.07024
515.50000 0.07066 0.05780 0.07066 0.07066
515.59998 0.07109 0.05794 0.07109 0.07109
515.70001 0.07155 0.05809 0.07155 0.07155
515.79999 0.07202 0.05823 0.07202 0.07202
515.89996 0.07252 0.05837 0.07252 0.07252
516.00000 0.07303 0.05852 0.07303 0.07303
516.09998 0.07357 0.05866 0.07357 0.07357
516.20001 0.07413 0.05880 0.07413 0.07413
516.29999 0.07471 0.05894 0.07471 0.07471
516.39996 0.07531 0.05908 0.07531 0.07531
516.50000 0.07595 0.05923 0.07595 0.07595
516.59998 0.07660 0.05937 0.07660 0.07660
516.70001 0.07729 0.05952 0.07729 0.07729
516.79999 0.07800 0.05967 0.07800 0.07800
516.89996 0.07874 0.05982 0.07874 0.07874
517.00000 0.07951 0.05997 0.07951 0.07951
517.09998 0.08030 0.06012 0.08030 0.08030
517.20001 0.08113 0.06026 0.08113 0.08113
517.29999 0.08199 0.06041 0.08199 0.08199
517.39996 0.08288 0.06056 0.08288 0.08288
517.50000 0.08382 0.06072 0.08382 0.08382
517.59998 0.08480 0.06087 0.08480 0.08480
517.70001 0.08582 0.06103 0.08582 0.08582
517.79999 0.08689 0.06118 0.08689 0.08689
517.89996 0.08801 0.06134 0.08801 0.08801
518.00000 0.08920 0.06150 0.08920 0.08920
518.09998 0.09047 0.06166 0.09047 0.09047
518.20001 0.09181 0.06183 0.09181 0.09181
518.29999 0.09323 0.06199 0.09323 0.09323
518.39996 0.09474 0.06215 0.09474 0.09474
518.50000 0.09637 0.06232 0.09637 0.09637
518.59998 0.09811 0.06248 0.09811 0.09811
518.70001 0.09999 0.06265 0.09999 0.09999
518.79999 0.10201 0.06281 0.10201 0.10201
518.89996 0.10421 0.06299 0.10421 0.10421
519.00000 0.10658 0.06316 0.10658 0.10658
519.09998 0.10917 0.06334 0.10917 0.10917
519.20001 0.11198 0.06352 0.11198 0.11198
519.29999 0.11504 0.06371 0.11504 0.11504
519.39996 0.11837 0.06389 0.11837 0.11837
519.50000 0.12201 0.06409 0.12201 0.12201
519.59998 0.12597 0.06429 0.12597 0.12597
519.70001 0.13029 0.06449 0.13029 0.13029
519.79999 0.13498 0.06469 0.13498 0.13498
519.89996 0.14009 0.06489 0.14009 0.14009
520.00000 0.14564 0.06510 0.14564 0.14564
520.09998 0.15166 0.06532 0.15166 0.15166
520.20001 0.15817 0.06554 0.15817 0.15817
520.29999 0.16519 0.06578 0.16519 0.16519
520.39996 0.17274 0.06602 0.17274 0.17274
520.50000 0.18084 0.06626 0.18084 0.18084
520.59998 0.18947 0.06651 0.18947 0.18947
520.70001 0.19865 0.06677 0.19865 0.19865
520.79999 0.20835 0.06703 0.20835 0.20835
520.89996 0.21856 0.06732 0.21856 0.21856
521.00000 0.22922 0.06761 0.22922 0.22922
521.09998 0.24032 0.06793 0.24032 0.24032
521.20001 0.25176 0.06825 0.25176 0.25176
521.29999 0.26347 0.06860 0.26347 0.26347
521.39996 0.27534 0.06895 0.27534 0.27534
521.50000 0.28731 0.06934 0.28731 0.28731
521.59998 0.29921 0.06972 0.29921 0.29921
521.70001 0.31097 0.07014 0.31097 0.31097
521.79999 0.32240 0.07057 0.32240 0.32240
521.89996 0.33338 0.07103 0.33338 0.33338
522.00000 0.34376 0.07149 0.34376 0.34376
522.09998 0.35341 0.07199 0.35341 0.35341
522.20001 0.36217 0.07248 0.36217 0.36217
522.29999 0.36992 0.07301 0.36992 0.36992
522.39996 0.37654 0.07354 0.37654 0.37654
522.50000 0.38193 0.07408 0.38193 0.38193
522.59998 0.38600 0.07462 0.38600 0.38600
522.70001 0.38868 0.07516 0.38868 0.38868
522.79999 0.38994 0.07571 0.38994 0.38994
522.89996 0.38976 0.07624 0.38976 0.38976
523.00000 0.38816 0.07678 0.38816 0.38816
523.09998 0.38515 0.07729 0.38515 0.38515
523.20001 0.38082 0.07781 0.38082 0.38082
523.29999 0.37522 0.07830 0.37522 0.37522
523.39996 0.36847 0.07878 0.36847 0.36847
523.50000 0.36066 0.07924 0.36066 0.36066
523.59998 0.35197 0.07969 0.35197 0.35197
523.70001 0.34247 0.08012 0.34247 0.34247
523.79999 0.33237 0.08055 0.33237 0.33237
523.89996 0.32178 0.08095 0.32178 0.32178
524.00000 0.31085 0.08136 0.31085 0.31085
524.09998 0.29971 0.08174 0.29971 0.29971
524.20001 0.28849 0.08211 0.28849 0.28849
524.29999 0.27732 0.08247 0.27732 0.27732
524.39996 0.26631 0.08283 0.26631 0.26631
524.50000 0.25553 0.08317 0.25553 0.25553
524.59998 0.24508 0.08351 0.24508 0.24508
524.70001 0.23502 0.08384 0.23502 0.23502
524.79999 0.22542 0.08418 0.22542 0.22542
524.89996 0.21629 0.08450 0.21629 0.21629
525.00000 0.20768 0.08482 0.20768 0.20768
525.09998 0.19958 0.08512 0.19958 0.19958
525.20001 0.19201 0.08543 0.19201 0.19201
525.29999 0.18497 0.08573 0.18497 0.18497
525.39996 0.17845 0.08603 0.17845 0.17845
525.50000 0.17242 0.08632 0.17242 0.17242
525.59998 0.16688 0.08662 0.16688 0.16688
525.70001 0.16179 0.08690 0.16179 0.16179
525.79999 0.15713 0.08719 0.15713 0.15713
525.89996 0.15286 0.08746 0.15286 0.15286
526.00000 0.14897 0.08773 0.14897 0.14897
526.09998 0.14542 0.08799 0.14542 0.14542
526.20001 0.14219 0.08826 0.14219 0.14219
526.29999 0.13925 0.08852 0.13925 0.13925
526.39996 0.13658 0.08878 0.13658 0.13658
526.50000 0.13415 0.08902 0.13415 0.13415
526.59998 0.13194 0.08927 0.13194 0.13194
526.70001 0.12995 0.08953 0.12995 0.12995
526.79999 0.12814 0.08978 0.12814 0.12814
526.89996 0.12649 0.09003 0.12649 0.12649
527.00000 0.12499 0.09028 0.12499 0.12499
527.09998 0.12363 0.09052 0.12363 0.12363
527.20001 0.12239 0.09076 0.12239 0.12239
527.29999 0.12127 0.09100 0.12127 0.12127
527.39996 0.12025 0.09123 0.12025 0.12025
527.50000 0.11932 0.09147 0.11932 0.11932
527.59998 0.11849 0.09170 0.11849 0.11849
527.70001 0.11774 0.09194 0.11774 0.11774
527.79999 0.11707 0.09218 0.11707 0.11707
527.89996 0.11646 0.09241 0.11646 0.11646
528.00000 0.11592 0.09265 0.11592 0.11592
528.09998 0.11545 0.09289 0.11545 0.11545
528.20001 0.11503 0.09313 0.11503 0.11503
528.29999 0.11466 0.09336 0.11466 0.11466
528.39996 0.11434 0.09360 0.11434 0.11434
528.50000 0.11408 0.09385 0.11408 0.11408
528.59998 0.11386 0.09410 0.11386 0.11386
528.70001 0.11370 0.09436 0.11370 0.11370
528.79999 0.11359 0.09462 0.11359 0.11359
528.89996 0.11355 0.09492 0.11355 0.11355
529.00000 0.11355 0.09522 0.11355 0.11355
529.09998 0.11367 0.09559 0.11367 0.11367
529.20001 0.11382 0.09596 0.11382 0.11382
529.29999 0.11413 0.09645 0.11413 0.11413
529.39996 0.11449 0.09695 0.11449 0.11449
529.50000 0.11511 0.09767 0.11511 0.11511
529.59998 0.11576 0.09839 0.11576 0.11576
529.70001 0.11676 0.09941 0.11676 0.11676
529.79999 0.11780 0.10043 0.11780 0.11780
529.89996 0.11916 0.10174 0.11916 0.11916
530.00000 0.12058 0.10305 0.12058 0.12058
530.09998 0.12217 0.10450 0.12217 0.12217
530.20001 0.12381 0.10596 0.12381 0.12381
530.29999 0.12544 0.10735 0.12544 0.12544
530.39996 0.12711 0.10874 0.12711 0.12711
530.50000 0.12859 0.10989 0.12859 0.12859
530.59998 0.13011 0.11104 0.13011 0.13011
530.70001 0.13142 0.11193 0.13142 0.13142
530.79999 0.13278 0.11281 0.13278 0.13278
530.89996 0.13394 0.11346 0.13394 0.13394
531.00000 0.13516 0.11410 0.13516 0.13516
531.09998 0.13626 0.11459 0.13626 0.13626
531.20001 0.13741 0.11508 0.13741 0.13741
531.29999 0.13853 0.11549 0.13853 0.13853
531.39996 0.13968 0.11589 0.13968 0.13968
531.50000 0.14082 0.11626 0.14082 0.14082
531.59998 0.14198 0.11662 0.14198 0.14198
531.70001 0.14317 0.11697 0.14317 0.14317
531.79999 0.14436 0.11732 0.14436 0.14436
531.89996 0.14556 0.11767 0.14556 0.14556
532.00000 0.14676 0.11801 0.14676 0.14676
532.09998 0.14796 0.11837 0.14796 0.14796
532.20001 0.14914 0.11872 0.14914 0.14914
532.29999 0.15028 0.11907 0.15028 0.15028
532.39996 0.15138 0.11942 0.15138 0.15138
532.50000 0.15243 0.11977 0.15243 0.15243
532.59998 0.15342 0.12012 0.15342 0.15342
532.70001 0.15434 0.12047 0.15434 0.15434
532.79999 0.15517 0.12082 0.15517 0.15517
532.89996 0.15592 0.12118 0.15592 0.15592
533.00000 0.15657 0.12153 0.15657 0.15657
533.09998 0.15712 0.12188 0.15712 0.15712
533.20001 0.15755 0.12223 0.15755 0.15755
533.29999 0.15787 0.12257 0.15787 0.15787
533.39996 0.15808 0.12292 0.15808 0.15808
533.50000 0.15817 0.12325 0.15817 0.15817
533.59998 0.15814 0.12358 0.15814 0.15814
533.70001 0.15801 0.12390 0.15801 0.15801
533.79999 0.15777 0.12422 0.15777 0.15777
533.89996 0.15745 0.12455 0.15745 0.15745
534.00000 0.15704 0.12487 0.15704 0.15704
534.09998 0.15653 0.12518 0.15653 0.15653
534.20001 0.15596 0.12549 0.15596 0.15596
534.29999 0.15533 0.12579 0.15533 0.15533
534.39996 0.15465 0.12609 0.15465 0.15465
534.50000 0.15392 0.12638 0.15392 0.15392
534.59998 0.15317 0.12667 0.15317 0.15317
534.70001 0.15239 0.12695 0.15239 0.15239
534.79999 0.15161 0.12723 0.15161 0.15161
534.89996 0.15083 0.12751 0.15083 0.15083
535.00000 0.15005 0.12779 0.15005 0.15005
535.09998 0.14929 0.12805 0.14929 0.14929
535.20001 0.14855 0.12832 0.14855 0.14855
535.29999 0.14784 0.12859 0.14784 0.14784
535.39996 0.14715 0.12885 0.14715 0.14715
535.50000 0.14651 0.12912 0.14651 0.14651
535.59998 0.14591 0.12939 0.14591 0.14591
535.70001 0.14533 0.12965 0.14533 0.14533
535.79999 0.14480 0.12990 0.14480 0.14480
535.89996 0.14431 0.13016 0.14431 0.14431
536.00000 0.14387 0.13043 0.14387 0.14387
536.09998 0.14346 0.13069 0.14346 0.14346
536.20001 0.14310 0.13095 0.14310 0.14310
536.29999 0.14277 0.13121 0.14277 0.14277
536.39996 0.14248 0.13147 0.14248 0.14248
536.50000 0.14223 0.13173 0.14223 0.14223
536.59998 0.14201 0.13199 0.14201 0.14201
536.70001 0.14182 0.13225 0.14182 0.14182
536.79999 0.14165 0.13251 0.14165 0.14165
536.89996 0.14152 0.13276 0.14152 0.14152
537.00000 0.14141 0.13302 0.14141 0.14141
537.09998 0.14133 0.13328 0.14133 0.14133
537.20001 0.14127 0.13354 0.14127 0.14127
537.29999 0.14122 0.13380 0.14122 0.14122
537.39996 0.14120 0.13405 0.14120 0.14120
537.50000 0.14120 0.13432 0.14120 0.14120
537.59998 0.14122 0.13458 0.14122 0.14122
537.70001 0.14125 0.13483 0.14125 0.14125
537.79999 0.14129 0.13509 0.14129 0.14129
537.89996 0.14134 0.13535 0.14134 0.14134
538.00000 0.14141 0.13560 0.14141 0.14141
538.09998 0.14149 0.13586 0.14149 0.14149
538.20001 0.14157 0.13611 0.14157 0.14157
538.29999 0.14168 0.13638 0.14168 0.14168
538.39996 0.14179 0.13664 0.14179 0.14179
538.50000 0.14191 0.13690 0.14191 0.14191
538.59998 0.14203 0.13715 0.14203 0.14203
538.70001 0.14216 0.13741 0.14216 0.14216
538.79999 0.14229 0.13766 0.14229 0.14229
538.89996 0.14243 0.13791 0.14243 0.14243
539.00000 0.14257 0.13816 0.14257 0.14257
539.09998 0.14273 0.13842 0.14273 0.14273
539.20001 0.14288 0.13867 0.14288 0.14288
539.29999 0.14305 0.13893 0.14305 0.14305
539.39996 0.14322 0.13918 0.14322 0.14322
539.50000 0.14339 0.13944 0.14339 0.14339
539.59998 0.14356 0.13969 0.14356 0.14356
539.70001 0.14375 0.13995 0.14375 0.14375
539.79999 0.14393 0.14020 0.14393 0.14393
539.89996 0.14412 0.14046 0.14412 0.14412
540.00000 0.14432 0.14072 0.14432 0.14432
540.09998 0.14452 0.14098 0.14452 0.14452
540.20001 0.14471 0.14123 0.14471 0.14471
540.29999 0.14492 0.14149 0.14492 0.14492
540.39996 0.14513 0.14175 0.14513 0.14513
540.50000 0.14533 0.14200 0.14533 0.14533
540.59998 0.14555 0.14226 0.14555 0.14555
540.70001 0.14576 0.14251 0.14576 0.14576
540.79999 0.14597 0.14277 0.14597 0.14597
540.89996 0.14619 0.14302 0.14619 0.14619
541.00000 0.14641 0.14328 0.14641 0.14641
541.09998 0.14663 0.14353 0.14663 0.14663
541.20001 0.14686 0.14379 0.14686 0.14686
541.29999 0.14710 0.14405 0.14710 0.14710
541.39996 0.14733 0.14432 0.14733 0.14733
541.50000 0.14757 0.14458 0.14757 0.14757
541.59998 0.14780 0.14484 0.14780 0.14780
541.70001 0.14804 0.14511 0.14804 0.14804
541.79999 0.14828 0.14537 0.14828 0.14828
541.89996 0.14851 0.14563 0.14851 0.14851
542.00000 0.14875 0.14589 0.14875 0.14875
542.09998 0.14898 0.14615 0.14898 0.14898
542.20001 0.14921 0.14641 0.14921 0.14921
542.29999 0.14945 0.14667 0.14945 0.14945
542.39996 0.14968 0.14693 0.14968 0.14968
542.50000 0.14991 0.14719 0.14991 0.14991
542.59998 0.15014 0.14745 0.15014 0.15014
542.70001 0.15037 0.14771 0.15037 0.15037
542.79999 0.15059 0.14797 0.15059 0.15059
542.89996 0.15082 0.14823 0.15082 0.15082
543.00000 0.15104 0.14848 0.15104 0.15104
543.09998 0.15127 0.14875 0.15127 0.15127
543.20001 0.15150 0.14902 0.15150 0.15150
543.29999 0.15172 0.14929 0.15172 0.15172
543.39996 0.15195 0.14956 0.15195 0.15195
543.50000 0.15218 0.14983 0.15218 0.15218
543.59998 0.15241 0.15010 0.15241 0.15241
543.70001 0.15264 0.15038 0.15264 0.15264
543.79999 0.15287 0.15065 0.15287 0.15287
543.89996 0.15310 0.15093 0.15310 0.15310
544.00000 0.15334 0.15121 0.15334 0.15334
544.09998 0.15357 0.15148 0.15357 0.15357
544.20001 0.15380 0.15176 0.15380 0.15380
544.29999 0.15404 0.15204 0.15404 0.15404
544.39996 0.15427 0.15233 0.15427 0.15427
544.50000 0.15451 0.15261 0.15451 0.15451
544.59998 0.15475 0.15289 0.15475 0.15475
544.70001 0.15498 0.15316 0.15498 0.15498
544.79999 0.15521 0.15344 0.15521 0.15521
544.89996 0.15544 0.15371 0.15544 0.15544
545.00000 0.15568 0.15398 0.15568 0.15568
545.09998 0.15592 0.15426 0.15592 0.15592
545.20001 0.15616 0.15454 0.15616 0.15616
545.29999 0.15639 0.15481 0.15639 0.15639
545.39996 0.15662 0.15508 0.15662 0.15662
545.50000 0.15686 0.15535 0.15686 0.15686
545.59998 0.15709 0.15561 0.15709 0.15709
545.70001 0.15733 0.15588 0.15733 0.15733
545.79999 0.15756 0.15615 0.15756 0.15756
545.89996 0.15780 0.15641 0.15780 0.15780
546.00000 0.15803 0.15667 0.15803 0.15803
546.09998 0.15826 0.15693 0.15826 0.15826
546.20001 0.15849 0.15719 0.15849 0.15849
546.29999 0.15873 0.15745 0.15873 0.15873
546.39996 0.15896 0.15771 0.15896 0.15896
546.50000 0.15919 0.15797 0.15919 0.15919
546.59998 0.15943 0.15822 0.15943 0.15943
546.70001 0.15967 0.15848 0.15967 0.15967
546.79999 0.15990 0.15874 0.15990 0.15990
546.89996 0.16014 0.15900 0.16014 0.16014
547.00000 0.16037 0.15925 0.16037 0.16037
547.09998 0.16060 0.15950 0.16060 0.16060
547.20001 0.16083 0.15975 0.16083 0.16083
547.29999 0.16106 0.16000 0.16106 0.16106
547.39996 0.16130 0.16025 0.16130 0.16130
547.50000 0.16153 0.16051 0.16153 0.16153
547.59998 0.16177 0.16076 0.16177 0.16177
547.70001 0.16201 0.16101 0.16201 0.16201
547.79999 0.16224 0.16127 0.16224 0.16224
547.89996 0.16248 0.16152 0.16248 0.16248
548.00000 0.16271 0.16177 0.16271 0.16271
548.09998 0.16295 0.16202 0.16295 0.16295
548.20001 0.16319 0.16228 0.16319 0.16319
548.29999 0.16343 0.16253 0.16343 0.16343
548.39996 0.16367 0.16278 0.16367 0.16367
548.50000 0.16391 0.16303 0.16391 0.16391
548.59998 0.16414 0.16328 0.16414 0.16414
548.70001 0.16438 0.16353 0.16438 0.16438
548.79999 0.16462 0.16378 0.16462 0.16462
548.89996 0.16485 0.16403 0.16485 0.16485
549.00000 0.16509 0.16428 0.16509 0.16509
549.09998 0.16532 0.16453 0.16532 0.16532
549.20001 0.16556 0.16478 0.16556 0.16556
549.29999 0.16580 0.16503 0.16580 0.16580
549.39996 0.16603 0.16527 0.16603 0.16603
549.50000 0.16627 0.16552 0.16627 0.16627
549.59998 0.16651 0.16577 0.16651 0.16651
549.70001 0.16675 0.16602 0.16675 0.16675
549.79999 0.16698 0.16626 0.16698 0.16698
549.89996 0.16722 0.16651 0.16722 0.16722
550.00000 0.16745 0.16676 0.16745 0.16745
550.09998 0.16769 0.16700 0.16769 0.16769
550.20001 0.16793 0.16725 0.16793 0.16793
550.29999 0.16816 0.16749 0.16816 0.16816
550.39996 0.16840 0.16774 0.16840 0.16840
550.50000 0.16864 0.16799 0.16864 0.16864
550.59998 0.16887 0.16823 0.16887 0.16887
550.70001 0.16911 0.16848 0.16911 0.16911
550.79999 0.16935 0.16872 0.16935 0.16935
550.89996 0.16958 0.16897 0.16958 0.16958
551.00000 0.16982 0.16922 0.16982 0.16982
551.09998 0.17006 0.16946 0.17006 0.17006
551.20001 0.17030 0.16971 0.17030 0.17030
551.29999 0.17053 0.16995 0.17053 0.17053
551.39996 0.17077 0.17020 0.17077 0.17077
551.50000 0.17101 0.17045 0.17101 0.17101
551.59998 0.17125 0.17069 0.17125 0.17125
551.70001 0.17149 0.17094 0.17149 0.17149
551.79999 0.17173 0.17118 0.17173 0.17173
551.89996 0.17196 0.17143 0.17196 0.17196
552.00000 0.17220 0.17168 0.17220 0.17220
552.09998 0.17244 0.17192 0.17244 0.17244
552.20001 0.17268 0.17217 0.17268 0.17268
552.29999 0.17292 0.17241 0.17292 0.17292
552.39996 0.17316 0.17266 0.17316 0.17316
552.50000 0.17340 0.17291 0.17340 0.17340
552.59998 0.17364 0.17315 0.17364 0.17364
552.70001 0.17388 0.17340 0.17388 0.17388
552.79999 0.17411 0.17365 0.17411 0.17411
552.89996 0.17435 0.17389 0.17435 0.17435
553.00000 0.17459 0.17414 0.17459 0.17459
553.09998 0.17483 0.17438 0.17483 0.17483
553.20001 0.17507 0.17463 0.17507 0.17507
553.29999 0.17531 0.17488 0.17531 0.17531
553.39996 0.17555 0.17512 0.17555 0.17555
553.50000 0.17579 0.17537 0.17579 0.17579
553.59998 0.17603 0.17561 0.17603 0.17603
553.70001 0.17627 0.17586 0.17627 0.17627
553.79999 0.17651 0.17611 0.17651 0.17651
553.89996 0.17675 0.17635 0.17675 0.17675
554.00000 0.17699 0.17660 0.17699 0.17699
554.09998 0.17723 0.17684 0.17723 0.17723
554.20001 0.17748 0.17709 0.17748 0.17748
554.29999 0.17772 0.17734 0.17772 0.17772
554.39996 0.17796 0.17758 0.17796 0.17796
554.50000 0.17820 0.17783 0.17820 0.17820
554.59998 0.17844 0.17807 0.17844 0.17844
554.70001 0.17868 0.17832 0.17868 0.17868
554.79999 0.17892 0.17857 0.17892 0.17892
554.89996 0.17916 0.17881 0.17916 0.17916
555.00000 0.17940 0.17906 0.17940 0.17940
555.09998 0.17964 0.17930 0.17964 0.17964
555.20001 0.17988 0.17955 0.17988 0.17988
555.29999 0.18013 0.17980 0.18013 0.18013
555.39996 0.18037 0.18004 0.18037 0.18037
555.50000 0.18061 0.18029 0.18061 0.18061
555.59998 0.18085 0.18053 0.18085 0.18085
555.70001 0.18109 0.18078 0.18109 0.18109
555.79999 0.18133 0.18103 0.18133 0.18133
555.89996 0.18157 0.18127 0.18157 0.18157
556.00000 0.18182 0.18152 0.18182 0.18182
556.09998 0.18206 0.18176 0.18206 0.18206
556.20001 0.18230 0.18201 0.18230 0.18230
556.29999 0.18254 0.18226 0.18254 0.18254
556.39996 0.18278 0.18250 0.18278 0.18278
556.50000 0.18302 0.18275 0.18302 0.18302
556.59998 0.18327 0.18299 0.18327 0.18327
556.70001 0.18351 0.18324 0.18351 0.18351
556.79999 0.18375 0.18349 0.18375 0.18375
556.89996 0.18399 0.18373 0.18399 0.18399
557.00000 0.18423 0.18398 0.18423 0.18423
557.09998 0.18448 0.18422 0.18448 0.18448
557.20001 0.18472 0.18447 0.18472 0.18472
557.29999 0.18496 0.18472 0.18496 0.18496
557.39996 0.18520 0.18496 0.18520 0.18520
557.50000 0.18544 0.18521 0.18544 0.18544
557.59998 0.18569 0.18545 0.18569 0.18569
557.70001 0.18593 0.18570 0.18593 0.18593
557.79999 0.18617 0.18595 0.18617 0.18617
557.89996 0.18641 0.18619 0.18641 0.18641
558.00000 0.18666 0.18644 0.18666 0.18666
558.09998 0.18690 0.18668 0.18690 0.18690
558.20001 0.18714 0.18693 0.18714 0.18714
558.29999 0.18738 0.18718 0.18738 0.18738
558.39996 0.18763 0.18742 0.18763 0.18763
558.50000 0.18787 0.18767 0.18787 0.18787
558.59998 0.18811 0.18791 0.18811 0.18811
558.70001 0.18836 0.18816 0.18836 0.18836
558.79999 0.18860 0.18841 0.18860 0.18860
558.89996 0.18884 0.18865 0.18884 0.18884
559.00000 0.18908 0.18890 0.18908 0.18908
559.09998 0.18933 0.18914 0.18933 0.18933
559.20001 0.18957 0.18939 0.18957 0.18957
559.29999 0.18981 0.18964 0.18981 0.18981
559.39996 0.19006 0.18988 0.19006 0.19006
559.50000 0.19030 0.19013 0.19030 0.19030
559.59998 0.19054 0.19037 0.19054 0.19054
559.70001 0.19078 0.19062 0.19078 0.19078
559.79999 0.19103 0.19087 0.19103 0.19103
559.89996 0.19127 0.19111 0.19127 0.19127
560.00000 0.19151 0.19136 0.19151 0.19151
560.09998 0.19176 0.19160 0.19176 0.19176
560.20001 0.19200 0.19185 0.19200 0.19200
560.29999 0.19224 0.19210 0.19224 0.19224
560.39996 0.19249 0.19234 0.19249 0.19249
560.50000 0.19273 0.19259 0.19273 0.19273
560.59998 0.19297 0.19283 0.19297 0.19297
560.70001 0.19322 0.19308 0.19322 0.19322
560.79999 0.19346 0.19333 0.19346 0.19346
560.89996 0.19370 0.19357 0.19370 0.19370
561.00000 0.19395 0.19382 0.19395 0.19395
561.09998 0.19419 0.19406 0.19419 0.19419
561.20001 0.19443 0.19431 0.19443 0.19443
561.29999 0.19468 0.19456 0.19468 0.19468
561.39996 0.19492 0.19480 0.19492 0.19492
561.50000 0.19516 0.19505 0.19516 0.19516
561.59998 0.19541 0.19529 0.19541 0.19541
561.70001 0.19565 0.19554 0.19565 0.19565
561.79999 0.19589 0.19579 0.19589 0.19589
561.89996 0.19614 0.19603 0.19614 0.19614
562.00000 0.19638 0.19628 0.19638 0.19638
562.09998 0.19663 0.19652 0.19663 0.19663
562.20001 0.19687 0.19677 0.19687 0.19687
562.29999 0.19711 0.19702 0.19711 0.19711
562.39996 0.19736 0.19726 0.19736 0.19736
562.50000 0.19760 0.19751 0.19760 0.19760
562.59998 0.19784 0.19775 0.19784 0.19784
562.70001 0.19809 0.19800 0.19809 0.19809
562.79999 0.19833 0.19825 0.19833 0.19833
562.89996 0.19858 0.19849 0.19858 0.19858
563.00000 0.19882 0.19874 0.19882 0.19882
563.09998 0.19906 0.19898 0.19906 0.19906
563.20001 0.19931 0.19923 0.19931 0.19931
563.29999 0.19955 0.19948 0.19955 0.19955
563.39996 0.19980 0.19972 0.19980 0.19980
563.50000 0.20004 0.19997 0.20004 0.20004
563.59998 0.20028 0.20021 0.20028 0.20028
563.70001 0.20053 0.20046 0.20053 0.20053
563.79999 0.20077 0.20071 0.20077 0.20077
563.89996 0.20102 0.20095 0.20102 0.20102
564.00000 0.20126 0.20120 0.20126 0.20126
564.09998 0.20150 0.20144 0.20150 0.20150
564.20001 0.20175 0.20169 0.20175 0.20175
564.29999 0.20199 0.20194 0.20199 0.20199
564.39996 0.20224 0.20218 0.20224 0.20224
564.50000 0.20248 0.20243 0.20248 0.20248
564.59998 0.20272 0.20267 0.20272 0.20272
564.70001 0.20297 0.20292 0.20297 0.20297
564.79999 0.20321 0.20317 0.20321 0.20321
564.89996 0.20346 0.20341 0.20346 0.20346
565.00000 0.20370 0.20366 0.20370 0.20370
565.09998 0.20395 0.20390 0.20395 0.20395
565.20001 0.20419 0.20415 0.20419 0.20419
565.29999 0.20443 0.20440 0.20443 0.20443
565.39996 0.20468 0.20464 0.20468 0.20468
565.50000 0.20492 0.20489 0.20492 0.20492
565.59998 0.20517 0.20513 0.20517 0.20517
565.70001 0.20541 0.20538 0.20541 0.20541
565.79999 0.20566 0.20563 0.20566 0.20566
565.89996 0.20590 0.20587 0.20590 0.20590
566.00000 0.20614 0.20612 0.20614 0.20614
566.09998 0.20639 0.20636 0.20639 0.20639
566.20001 0.20663 0.20661 0.20663 0.20663
566.29999 0.20688 0.20686 0.20688 0.20688
566.39996 0.20712 0.20710 0.20712 0.20712
566.50000 0.20737 0.20735 0.20737 0.20737
566.59998 0.20761 0.20760 0.20761 0.20761
566.70001 0.20786 0.20784 0.20786 0.20786
566.79999 0.20810 0.20809 0.20810 0.20810
566.89996 0.20834 0.20833 0.20834 0.20834
567.00000 0.20859 0.20858 0.20859 0.20859
567.09998 0.20883 0.20883 0.20883 0.20883
567.20001 0.20908 0.20907 0.20908 0.20908
567.29999 0.20932 0.20932 0.20932 0.20932
567.39996 0.20957 0.20956 0.20957 0.20957
567.50000 0.20981 0.20981 0.20981 0.20981
567.59998 0.21006 0.21006 0.21006 0.21006
567.70001 0.21030 0.21030 0.21030 0.21030
