437.60001 0.00000 0.00000 0.00000 0.00000
437.70001 0.00003 0.00002 0.00003 0.00003
437.80002 0.00005 0.00003 0.00005 0.00005
437.89999 0.00008 0.00005 0.00008 0.00008
438.00000 0.00011 0.00006 0.00011 0.00011
438.10001 0.00014 0.00008 0.00014 0.00014
438.20001 0.00017 0.00010 0.00017 0.00017
438.30002 0.00019 0.00011 0.00019 0.00019
438.39999 0.00022 0.00013 0.00022 0.00022
438.50000 0.00025 0.00014 0.00025 0.00025
438.60001 0.00028 0.00016 0.00028 0.00028
438.70001 0.00031 0.00017 0.00031 0.00031
438.80002 0.00034 0.00019 0.00034 0.00034
438.89999 0.00036 0.00021 0.00036 0.00036
439.00000 0.00039 0.00022 0.00039 0.00039
439.10001 0.00042 0.00024 0.00042 0.00042
439.20001 0.00045 0.00025 0.00045 0.00045
439.30002 0.00048 0.00027 0.00048 0.00048
439.39999 0.00051 0.00029 0.00051 0.00051
439.50000 0.00054 0.00030 0.00054 0.00054
439.60001 0.00057 0.00032 0.00057 0.00057
439.70001 0.00060 0.00033 0.00060 0.00060
439.80002 0.00063 0.00035 0.00063 0.00063
439.89999 0.00066 0.00037 0.00066 0.00066
440.00000 0.00069 0.00038 0.00069 0.00069
440.10001 0.00072 0.00040 0.00072 0.00072
440.20001 0.00075 0.00041 0.00075 0.00075
440.30002 0.00079 0.00043 0.00079 0.00079
440.39999 0.00082 0.00044 0.00082 0.00082
440.50000 0.00085 0.00046 0.00085 0.00085
440.60001 0.00088 0.00048 0.00088 0.00088
440.70001 0.00091 0.00049 0.00091 0.00091
440.80002 0.00094 0.00051 0.00094 0.00094
440.89999 0.00098 0.00052 0.00098 0.00098
441.00000 0.00101 0.00054 0.00101 0.00101
441.10001 0.00104 0.00056 0.00104 0.00104
441.20001 0.00107 0.00057 0.00107 0.00107
441.30002 0.00111 0.00059 0.00111 0.00111
441.39999 0.00114 0.00060 0.00114 0.00114
441.50000 0.00117 0.00062 0.00117 0.00117
441.60001 0.00121 0.00064 0.00121 0.00121
441.70001 0.00124 0.00065 0.00124 0.00124
441.80002 0.00128 0.00067 0.00128 0.00128
441.89999 0.00131 0.00068 0.00131 0.00131
442.00000 0.00134 0.00070 0.00134 0.00134
442.10001 0.00138 0.00072 0.00138 0.00138
442.20001 0.00141 0.00073 0.00141 0.00141
442.30002 0.00145 0.00075 0.00145 0.00145
442.39999 0.00149 0.00076 0.00149 0.00149
442.50000 0.00152 0.00078 0.00152 0.00152
442.60001 0.00156 0.00079 0.00156 0.00156
442.70001 0.00159 0.00081 0.00159 0.00159
442.80002 0.00163 0.00083 0.00163 0.00163
442.89999 0.00167 0.00084 0.00167 0.00167
443.00000 0.00171 0.00086 0.00171 0.00171
443.10001 0.00174 0.00087 0.00174 0.00174
443.20001 0.00178 0.00089 0.00178 0.00178
443.30002 0.00182 0.00091 0.00182 0.00182
443.39999 0.00186 0.00092 0.00186 0.00186
443.50000 0.00190 0.00094 0.00190 0.00190
443.60001 0.00194 0.00095 0.00194 0.00194
443.70001 0.00198 0.00097 0.00198 0.00198
443.80002 0.00202 0.00099 0.00202 0.00202
443.89999 0.00206 0.00100 0.00206 0.00206
444.00000 0.00210 0.00102 0.00210 0.00210
444.10001 0.00214 0.00103 0.00214 0.00214
444.20001 0.00218 0.00105 0.00218 0.00218
444.30002 0.00222 0.00106 0.00222 0.00222
444.39999 0.00226 0.00108 0.00226 0.00226
444.50000 0.00231 0.00110 0.00231 0.00231
444.60001 0.00235 0.00111 0.00235 0.00235
444.70001 0.00239 0.00113 0.00239 0.00239
444.80002 0.00244 0.00114 0.00244 0.00244
444.89999 0.00248 0.00116 0.00248 0.00248
445.00000 0.00252 0.00118 0.00252 0.00252
445.10001 0.00257 0.00119 0.00257 0.00257
445.20001 0.00261 0.00121 0.00261 0.00261
445.30002 0.00266 0.00122 0.00266 0.00266
445.39999 0.00271 0.00124 0.00271 0.00271
445.50000 0.00275 0.00126 0.00275 0.00275
445.60001 0.00280 0.00127 0.00280 0.00280
445.70001 0.00285 0.00129 0.00285 0.00285
445.80002 0.00290 0.00130 0.00290 0.00290
445.89999 0.00295 0.00132 0.00295 0.00295
446.00000 0.00300 0.00133 0.00300 0.00300
446.10001 0.00305 0.00135 0.00305 0.00305
446.20001 0.00310 0.00137 0.00310 0.00310
446.30002 0.00315 0.00138 0.00315 0.00315
446.39999 0.00320 0.00140 0.00320 0.00320
446.50000 0.00325 0.00141 0.00325 0.00325
446.60001 0.00331 0.00143 0.00331 0.00331
446.70001 0.00336 0.00145 0.00336 0.00336
446.80002 0.00341 0.00146 0.00341 0.00341
446.89999 0.00347 0.00148 0.00347 0.00347
447.00000 0.00353 0.00149 0.00353 0.00353
447.10001 0.00358 0.00151 0.00358 0.00358
447.20001 0.00364 0.00153 0.00364 0.00364
447.30002 0.00370 0.00154 0.00370 0.00370
447.39999 0.00376 0.00156 0.00376 0.00376
447.50000 0.00382 0.00157 0.00382 0.00382
447.60001 0.00388 0.00159 0.00388 0.00388
447.70001 0.00394 0.00161 0.00394 0.00394
447.80002 0.00400 0.00162 0.00400 0.00400
447.89999 0.00406 0.00164 0.00406 0.00406
448.00000 0.00413 0.00165 0.00413 0.00413
448.10001 0.00419 0.00167 0.00419 0.00419
448.20001 0.00426 0.00168 0.00426 0.00426
448.30002 0.00433 0.00170 0.00433 0.00433
448.39999 0.00439 0.00172 0.00439 0.00439
448.50000 0.00446 0.00173 0.00446 0.00446
448.60001 0.00453 0.00175 0.00453 0.00453
448.70001 0.00461 0.00176 0.00461 0.00461
448.80002 0.00468 0.00178 0.00468 0.00468
448.89999 0.00475 0.00180 0.00475 0.00475
449.00000 0.00483 0.00181 0.00483 0.00483
449.10001 0.00490 0.00183 0.00490 0.00490
449.20001 0.00498 0.00184 0.00498 0.00498
449.30002 0.00506 0.00186 0.00506 0.00506
449.39999 0.00514 0.00188 0.00514 0.00514
449.50000 0.00522 0.00189 0.00522 0.00522
449.60001 0.00531 0.00191 0.00531 0.00531
449.70001 0.00539 0.00192 0.00539 0.00539
449.80002 0.00548 0.00194 0.00548 0.00548
449.89999 0.00556 0.00195 0.00556 0.00556
450.00000 0.00565 0.00197 0.00565 0.00565
450.10001 0.00575 0.00199 0.00575 0.00575
450.20001 0.00584 0.00200 0.00584 0.00584
450.30002 0.00593 0.00202 0.00593 0.00593
450.39999 0.00603 0.00203 0.00603 0.00603
450.50000 0.00613 0.00205 0.00613 0.00613
450.60001 0.00623 0.00206 0.00623 0.00623
450.70001 0.00633 0.00207 0.00633 0.00633
450.80002 0.00643 0.00208 0.00643 0.00643
450.89999 0.00653 0.00209 0.00653 0.00653
451.00000 0.00663 0.00210 0.00663 0.00663
451.10001 0.00674 0.00211 0.00674 0.00674
451.20001 0.00685 0.00212 0.00685 0.00685
451.30002 0.00698 0.00215 0.00698 0.00698
451.39999 0.00711 0.00217 0.00711 0.00711
451.50000 0.00725 0.00220 0.00725 0.00725
451.60001 0.00739 0.00223 0.00739 0.00739
451.70001 0.00753 0.00225 0.00753 0.00753
451.80002 0.00767 0.00227 0.00767 0.00767
451.89999 0.00781 0.00229 0.00781 0.00781
452.00000 0.00796 0.00232 0.00796 0.00796
452.10001 0.00811 0.00234 0.00811 0.00811
452.20001 0.00827 0.00237 0.00827 0.00827
452.30002 0.00845 0.00240 0.00845 0.00845
452.39999 0.00862 0.00243 0.00862 0.00862
452.50000 0.00880 0.00246 0.00880 0.00880
452.60001 0.00899 0.00250 0.00899 0.00899
452.70001 0.00919 0.00253 0.00919 0.00919
452.80002 0.00939 0.00257 0.00939 0.00939
452.89999 0.00960 0.00261 0.00960 0.00960
453.00000 0.00982 0.00265 0.00982 0.00982
453.10001 0.01004 0.00268 0.01004 0.01004
453.20001 0.01026 0.00271 0.01026 0.01026
453.30002 0.01049 0.00275 0.01049 0.01049
453.39999 0.01073 0.00278 0.01073 0.01073
453.50000 0.01099 0.00281 0.01099 0.01099
453.60001 0.01126 0.00285 0.01126 0.01126
453.70001 0.01153 0.00289 0.01153 0.01153
453.80002 0.01183 0.00293 0.01183 0.01183
453.89999 0.01213 0.00297 0.01213 0.01213
454.00000 0.01245 0.00301 0.01245 0.01245
454.10001 0.01280 0.00307 0.01280 0.01280
454.20001 0.01317 0.00313 0.01317 0.01317
454.30002 0.01356 0.00318 0.01356 0.01356
454.39999 0.01397 0.00324 0.01397 0.01397
454.50000 0.01440 0.00330 0.01440 0.01440
454.60001 0.01485 0.00335 0.01485 0.01485
454.70001 0.01533 0.00340 0.01533 0.01533
454.80002 0.01584 0.00346 0.01584 0.01584
454.89999 0.01639 0.00352 0.01639 0.01639
455.00000 0.01697 0.00358 0.01697 0.01697
455.10001 0.01758 0.00361 0.01758 0.01758
455.20001 0.01822 0.00364 0.01822 0.01822
455.30002 0.01896 0.00370 0.01896 0.01896
455.39999 0.01974 0.00376 0.01974 0.01974
455.50000 0.02060 0.00382 0.02060 0.02060
455.60001 0.02152 0.00388 0.02152 0.02152
455.70001 0.02254 0.00396 0.02254 0.02254
455.80002 0.02365 0.00404 0.02365 0.02365
455.89999 0.02485 0.00411 0.02485 0.02485
456.00000 0.02616 0.00419 0.02616 0.02616
456.10001 0.02759 0.00426 0.02759 0.02759
456.20001 0.02915 0.00433 0.02915 0.02915
456.30002 0.03087 0.00441 0.03087 0.03087
456.39999 0.03276 0.00449 0.03276 0.03276
456.50000 0.03483 0.00457 0.03483 0.03483
456.60001 0.03709 0.00465 0.03709 0.03709
456.70001 0.03958 0.00474 0.03958 0.03958
456.80002 0.04230 0.00483 0.04230 0.04230
456.89999 0.04529 0.00492 0.04529 0.04529
457.00000 0.04857 0.00502 0.04857 0.04857
457.10001 0.05217 0.00513 0.05217 0.05217
457.20001 0.05611 0.00525 0.05611 0.05611
457.30002 0.06039 0.00535 0.06039 0.06039
457.39999 0.06507 0.00546 0.06507 0.06507
457.50000 0.07020 0.00559 0.07020 0.07020
457.60001 0.07579 0.00573 0.07579 0.07579
457.70001 0.08185 0.00587 0.08185 0.08185
457.80002 0.08844 0.00601 0.08844 0.08844
457.89999 0.09557 0.00616 0.09557 0.09557
458.00000 0.10328 0.00630 0.10328 0.10328
458.10001 0.11163 0.00647 0.11163 0.11163
458.20001 0.12061 0.00663 0.12061 0.12061
458.30002 0.13030 0.00682 0.13030 0.13030
458.39999 0.14069 0.00701 0.14069 0.14069
458.50000 0.15180 0.00719 0.15180 0.15180
458.60001 0.16367 0.00736 0.16367 0.16367
458.70001 0.17637 0.00759 0.17637 0.17637
458.80002 0.18987 0.00781 0.18987 0.18987
458.89999 0.20421 0.00805 0.20421 0.20421
459.00000 0.21938 0.00829 0.21938 0.21938
459.10001 0.23543 0.00856 0.23543 0.23543
459.20001 0.25232 0.00884 0.25232 0.25232
459.30002 0.27007 0.00912 0.27007 0.27007
459.39999 0.28865 0.00940 0.28865 0.28865
459.50000 0.30809 0.00973 0.30809 0.30809
459.60001 0.32835 0.01006 0.32835 0.32835
459.70001 0.34942 0.01043 0.34942 0.34942
459.80002 0.37123 0.01080 0.37123 0.37123
459.89999 0.39377 0.01121 0.39377 0.39377
460.00000 0.41697 0.01162 0.41697 0.41697
460.10001 0.44083 0.01209 0.44083 0.44083
460.20001 0.46523 0.01256 0.46523 0.46523
460.30002 0.49017 0.01312 0.49017 0.49017
460.39999 0.51548 0.01367 0.51548 0.51548
460.50000 0.54120 0.01432 0.54120 0.54120
460.60001 0.56713 0.01497 0.56713 0.56713
460.70001 0.59327 0.01572 0.59327 0.59327
460.80002 0.61943 0.01647 0.61943 0.61943
460.89999 0.64560 0.01734 0.64560 0.64560
461.00000 0.67159 0.01821 0.67159 0.67159
461.10001 0.69736 0.01918 0.69736 0.69736
461.20001 0.72271 0.02015 0.72271 0.72271
461.30002 0.74764 0.02124 0.74764 0.74764
461.39999 0.77191 0.02234 0.77191 0.77191
461.50000 0.79553 0.02354 0.79553 0.79553
461.60001 0.81828 0.02475 0.81828 0.81828
461.70001 0.84016 0.02607 0.84016 0.84016
461.80002 0.86094 0.02739 0.86094 0.86094
461.89999 0.88063 0.02880 0.88063 0.88063
462.00000 0.89905 0.03021 0.89905 0.89905
462.10001 0.91615 0.03166 0.91615 0.91615
462.20001 0.93182 0.03312 0.93182 0.93182
462.30002 0.94599 0.03458 0.94599 0.94599
462.39999 0.95859 0.03604 0.95859 0.95859
462.50000 0.96958 0.03750 0.96958 0.96958
462.60001 0.97892 0.03895 0.97892 0.97892
462.70001 0.98657 0.04039 0.98657 0.98657
462.80002 0.99252 0.04183 0.99252 0.99252
462.89999 0.99672 0.04322 0.99672 0.99672
463.00000 0.99922 0.04460 0.99922 0.99922
463.10001 1.00000 0.04594 1.00000 1.00000
463.20001 0.99913 0.04728 0.99913 0.99913
463.30002 0.99661 0.04859 0.99661 0.99661
463.39999 0.99252 0.04990 0.99252 0.99252
463.50000 0.98685 0.05116 0.98685 0.98685
463.60001 0.97973 0.05242 0.97973 0.97973
463.70001 0.97117 0.05363 0.97117 0.97117
463.80002 0.96130 0.05483 0.96130 0.96130
463.89999 0.95018 0.05602 0.95018 0.95018
464.00000 0.93792 0.05720 0.93792 0.93792
464.10001 0.92456 0.05834 0.92456 0.92456
464.20001 0.91025 0.05948 0.91025 0.91025
464.30002 0.89503 0.06058 0.89503 0.89503
464.39999 0.87906 0.06167 0.87906 0.87906
464.50000 0.86237 0.06272 0.86237 0.86237
464.60001 0.84512 0.06377 0.84512 0.84512
464.70001 0.82733 0.06474 0.82733 0.82733
464.80002 0.80917 0.06572 0.80917 0.80917
464.89999 0.79073 0.06668 0.79073 0.79073
465.00000 0.77211 0.06765 0.77211 0.77211
465.10001 0.75334 0.06857 0.75334 0.75334
465.20001 0.73456 0.06949 0.73456 0.73456
465.30002 0.71579 0.07034 0.71579 0.71579
465.39999 0.69718 0.07120 0.69718 0.69718
465.50000 0.67874 0.07203 0.67874 0.67874
465.60001 0.66060 0.07286 0.66060 0.66060
465.70001 0.64276 0.07365 0.64276 0.64276
465.80002 0.62534 0.07444 0.62534 0.62534
465.89999 0.60833 0.07520 0.60833 0.60833
466.00000 0.59181 0.07595 0.59181 0.59181
466.10001 0.57584 0.07669 0.57584 0.57584
466.20001 0.56044 0.07744 0.56044 0.56044
466.30002 0.54561 0.07813 0.54561 0.54561
466.39999 0.53143 0.07883 0.53143 0.53143
466.50000 0.51787 0.07950 0.51787 0.51787
466.60001 0.50500 0.08017 0.50500 0.50500
466.70001 0.49278 0.08081 0.49278 0.49278
466.80002 0.48126 0.08144 0.48126 0.48126
466.89999 0.47044 0.08207 0.47044 0.47044
467.00000 0.46033 0.08269 0.46033 0.46033
467.10001 0.45090 0.08330 0.45090 0.45090
467.20001 0.44217 0.08391 0.44217 0.44217
467.30002 0.43410 0.08449 0.43410 0.43410
467.39999 0.42670 0.08508 0.42670 0.42670
467.50000 0.41993 0.08564 0.41993 0.41993
467.60001 0.41380 0.08620 0.41380 0.41380
467.70001 0.40829 0.08676 0.40829 0.40829
467.80002 0.40336 0.08732 0.40336 0.40336
467.89999 0.39896 0.08785 0.39896 0.39896
468.00000 0.39508 0.08837 0.39508 0.39508
468.10001 0.39167 0.08886 0.39167 0.39167
468.20001 0.38873 0.08935 0.38873 0.38873
468.30002 0.38621 0.08983 0.38621 0.38621
468.39999 0.38409 0.09031 0.38409 0.38409
468.50000 0.38232 0.09079 0.38232 0.38232
468.60001 0.38087 0.09127 0.38087 0.38087
468.70001 0.37970 0.09174 0.37970 0.37970
468.80002 0.37877 0.09221 0.37877 0.37877
468.89999 0.37803 0.09267 0.37803 0.37803
469.00000 0.37746 0.09313 0.37746 0.37746
469.10001 0.37700 0.09356 0.37700 0.37700
469.20001 0.37663 0.09399 0.37663 0.37663
469.30002 0.37632 0.09443 0.37632 0.37632
469.39999 0.37604 0.09486 0.37604 0.37604
469.50000 0.37575 0.09530 0.37575 0.37575
469.60001 0.37542 0.09573 0.37542 0.37542
469.70001 0.37498 0.09612 0.37498 0.37498
469.80002 0.37445 0.09651 0.37445 0.37445
469.89999 0.37382 0.09693 0.37382 0.37382
470.00000 0.37306 0.09734 0.37306 0.37306
470.10001 0.37211 0.09774 0.37211 0.37211
470.20001 0.37100 0.09813 0.37100 0.37100
470.30002 0.36968 0.09851 0.36968 0.36968
470.39999 0.36816 0.09890 0.36816 0.36816
470.50000 0.36644 0.09928 0.36644 0.36644
470.60001 0.36450 0.09967 0.36450 0.36450
470.70001 0.36235 0.10006 0.36235 0.36235
470.80002 0.35998 0.10045 0.35998 0.35998
470.89999 0.35739 0.10084 0.35739 0.35739
471.00000 0.35460 0.10124 0.35460 0.35460
471.10001 0.35158 0.10163 0.35158 0.35158
471.20001 0.34837 0.10201 0.34837 0.34837
471.30002 0.34497 0.10241 0.34497 0.34497
471.39999 0.34140 0.10282 0.34140 0.34140
471.50000 0.33763 0.10319 0.33763 0.33763
471.60001 0.33370 0.10357 0.33370 0.33370
471.70001 0.32964 0.10396 0.32964 0.32964
471.80002 0.32546 0.10435 0.32546 0.32546
471.89999 0.32115 0.10473 0.32115 0.32115
472.00000 0.31675 0.10511 0.31675 0.31675
472.10001 0.31227 0.10549 0.31227 0.31227
472.20001 0.30772 0.10586 0.30772 0.30772
472.30002 0.30315 0.10627 0.30315 0.30315
472.39999 0.29855 0.10667 0.29855 0.29855
472.50000 0.29392 0.10706 0.29392 0.29392
472.60001 0.28929 0.10745 0.28929 0.28929
472.70001 0.28468 0.10784 0.28468 0.28468
472.80002 0.28010 0.10824 0.28010 0.28010
472.89999 0.27557 0.10864 0.27557 0.27557
473.00000 0.27108 0.10903 0.27108 0.27108
473.10001 0.26666 0.10943 0.26666 0.26666
473.20001 0.26232 0.10982 0.26232 0.26232
473.30002 0.25807 0.11022 0.25807 0.25807
473.39999 0.25391 0.11061 0.25391 0.25391
473.50000 0.24986 0.11101 0.24986 0.24986
473.60001 0.24592 0.11141 0.24592 0.24592
473.70001 0.24211 0.11183 0.24211 0.24211
473.80002 0.23843 0.11224 0.23843 0.23843
473.89999 0.23487 0.11266 0.23487 0.23487
474.00000 0.23145 0.11308 0.23145 0.23145
474.10001 0.22816 0.11351 0.22816 0.22816
474.20001 0.22502 0.11393 0.22502 0.22502
474.30002 0.22201 0.11436 0.22201 0.22201
474.39999 0.21914 0.11479 0.21914 0.21914
474.50000 0.21639 0.11520 0.21639 0.21639
474.60001 0.21378 0.11561 0.21378 0.21378
474.70001 0.21130 0.11603 0.21130 0.21130
474.80002 0.20897 0.11645 0.20897 0.20897
474.89999 0.20676 0.11686 0.20676 0.20676
475.00000 0.20468 0.11726 0.20468 0.20468
475.10001 0.20273 0.11768 0.20273 0.20273
475.20001 0.20091 0.11810 0.20091 0.20091
475.30002 0.19921 0.11852 0.19921 0.19921
475.39999 0.19763 0.11893 0.19763 0.19763
475.50000 0.19617 0.11936 0.19617 0.19617
475.60001 0.19483 0.11979 0.19483 0.19483
475.70001 0.19358 0.12022 0.19358 0.19358
475.80002 0.19244 0.12064 0.19244 0.19244
475.89999 0.19138 0.12104 0.19138 0.19138
476.00000 0.19040 0.12144 0.19040 0.19040
476.10001 0.18952 0.12185 0.18952 0.18952
476.20001 0.18873 0.12225 0.18873 0.18873
476.30002 0.18804 0.12268 0.18804 0.18804
476.39999 0.18744 0.12310 0.18744 0.18744
476.50000 0.18688 0.12351 0.18688 0.18688
476.60001 0.18640 0.12392 0.18640 0.18640
476.70001 0.18600 0.12433 0.18600 0.18600
476.80002 0.18567 0.12475 0.18567 0.18567
476.89999 0.18539 0.12516 0.18539 0.18539
477.00000 0.18518 0.12557 0.18518 0.18518
477.10001 0.18502 0.12598 0.18502 0.18502
477.20001 0.18493 0.12640 0.18493 0.18493
477.30002 0.18490 0.12680 0.18490 0.18490
477.39999 0.18492 0.12721 0.18492 0.18492
477.50000 0.18499 0.12761 0.18499 0.18499
477.60001 0.18512 0.12801 0.18512 0.18512
477.70001 0.18533 0.12842 0.18533 0.18533
477.80002 0.18559 0.12883 0.18559 0.18559
477.89999 0.18592 0.12924 0.18592 0.18592
478.00000 0.18631 0.12965 0.18631 0.18631
478.10001 0.18675 0.13004 0.18675 0.18675
478.20001 0.18726 0.13043 0.18726 0.18726
478.30002 0.18787 0.13083 0.18787 0.18787
478.39999 0.18855 0.13124 0.18855 0.18855
478.50000 0.18931 0.13164 0.18931 0.18931
478.60001 0.19016 0.13204 0.19016 0.19016
478.70001 0.19109 0.13243 0.19109 0.19109
478.80002 0.19213 0.13281 0.19213 0.19213
478.89999 0.19328 0.13322 0.19328 0.19328
479.00000 0.19456 0.13362 0.19456 0.19456
479.10001 0.19596 0.13404 0.19596 0.19596
479.20001 0.19749 0.13445 0.19749 0.19749
479.30002 0.19915 0.13487 0.19915 0.19915
479.39999 0.20097 0.13529 0.20097 0.20097
479.50000 0.20293 0.13570 0.20293 0.20293
479.60001 0.20505 0.13612 0.20505 0.20505
479.70001 0.20734 0.13653 0.20734 0.20734
479.80002 0.20981 0.13694 0.20981 0.20981
479.89999 0.21247 0.13736 0.21247 0.21247
480.00000 0.21532 0.13779 0.21532 0.21532
480.10001 0.21838 0.13820 0.21838 0.21838
480.20001 0.22165 0.13862 0.22165 0.22165
480.30002 0.22515 0.13906 0.22515 0.22515
480.39999 0.22888 0.13950 0.22888 0.22888
480.50000 0.23282 0.13990 0.23282 0.23282
480.60001 0.23700 0.14031 0.23700 0.23700
480.70001 0.24147 0.14075 0.24147 0.24147
480.80002 0.24619 0.14120 0.24619 0.24619
480.89999 0.25116 0.14164 0.25116 0.25116
481.00000 0.25639 0.14208 0.25639 0.25639
481.10001 0.26191 0.14254 0.26191 0.26191
481.20001 0.26770 0.14300 0.26770 0.26770
481.30002 0.27377 0.14348 0.27377 0.27377
481.39999 0.28010 0.14395 0.28010 0.28010
481.50000 0.28670 0.14443 0.28670 0.28670
481.60001 0.29357 0.14492 0.29357 0.29357
481.70001 0.30070 0.14541 0.30070 0.30070
481.80002 0.30807 0.14590 0.30807 0.30807
481.89999 0.31570 0.14641 0.31570 0.31570
482.00000 0.32355 0.14692 0.32355 0.32355
482.10001 0.33166 0.14747 0.33166 0.33166
482.20001 0.33997 0.14802 0.33997 0.33997
482.30002 0.34849 0.14861 0.34849 0.34849
482.39999 0.35718 0.14919 0.35718 0.35718
482.50000 0.36604 0.14980 0.36604 0.36604
482.60001 0.37502 0.15041 0.37502 0.37502
482.70001 0.38412 0.15103 0.38412 0.38412
482.80002 0.39329 0.15166 0.39329 0.39329
482.89999 0.40260 0.15238 0.40260 0.40260
483.00000 0.41193 0.15310 0.41193 0.41193
483.10001 0.42132 0.15389 0.42132 0.42132
483.20001 0.43067 0.15468 0.43067 0.43067
483.30002 0.44001 0.15554 0.44001 0.44001
483.39999 0.44924 0.15639 0.44924 0.44924
483.50000 0.45840 0.15730 0.45840 0.45840
483.60001 0.46739 0.15821 0.46739 0.46739
483.70001 0.47625 0.15921 0.47625 0.47625
483.80002 0.48488 0.16020 0.48488 0.48488
483.89999 0.49330 0.16124 0.49330 0.49330
484.00000 0.50142 0.16228 0.50142 0.50142
484.10001 0.50928 0.16338 0.50928 0.50928
484.20001 0.51678 0.16449 0.51678 0.51678
484.30002 0.52393 0.16562 0.52393 0.52393
484.39999 0.53067 0.16675 0.53067 0.53067
484.50000 0.53699 0.16790 0.53699 0.53699
484.60001 0.54287 0.16905 0.54287 0.54287
484.70001 0.54827 0.17019 0.54827 0.54827
484.80002 0.55318 0.17134 0.55318 0.55318
484.89999 0.55754 0.17242 0.55754 0.55754
485.00000 0.56139 0.17351 0.56139 0.56139
485.10001 0.56474 0.17463 0.56474 0.56474
485.20001 0.56757 0.17575 0.56757 0.56757
485.30002 0.56983 0.17682 0.56983 0.56983
485.39999 0.57156 0.17790 0.57156 0.57156
485.50000 0.57273 0.17894 0.57273 0.57273
485.60001 0.57338 0.17998 0.57338 0.57338
485.70001 0.57349 0.18099 0.57349 0.57349
485.80002 0.57309 0.18199 0.57309 0.57309
485.89999 0.57220 0.18299 0.57220 0.57220
486.00000 0.57084 0.18399 0.57084 0.57084
486.10001 0.56900 0.18497 0.56900 0.56900
486.20001 0.56674 0.18594 0.56674 0.56674
486.30002 0.56403 0.18689 0.56403 0.56403
486.39999 0.56094 0.18784 0.56094 0.56094
486.50000 0.55745 0.18876 0.55745 0.55745
486.60001 0.55363 0.18968 0.55363 0.55363
486.70001 0.54949 0.19060 0.54949 0.54949
486.80002 0.54506 0.19151 0.54506 0.54506
486.89999 0.54034 0.19239 0.54034 0.54034
487.00000 0.53539 0.19326 0.53539 0.53539
487.10001 0.53023 0.19412 0.53023 0.53023
487.20001 0.52490 0.19497 0.52490 0.52490
487.30002 0.51940 0.19580 0.51940 0.51940
487.39999 0.51378 0.19664 0.51378 0.51378
487.50000 0.50801 0.19739 0.50801 0.50801
487.60001 0.50217 0.19815 0.50217 0.50217
487.70001 0.49632 0.19894 0.49632 0.49632
487.80002 0.49046 0.19972 0.49046 0.49046
487.89999 0.48461 0.20049 0.48461 0.48461
488.00000 0.47879 0.20126 0.47879 0.47879
488.10001 0.47301 0.20202 0.47301 0.47301
488.20001 0.46730 0.20277 0.46730 0.46730
488.30002 0.46166 0.20350 0.46166 0.46166
488.39999 0.45613 0.20422 0.45613 0.45613
488.50000 0.45075 0.20497 0.45075 0.45075
488.60001 0.44551 0.20571 0.44551 0.44551
488.70001 0.44038 0.20641 0.44038 0.44038
488.80002 0.43541 0.20712 0.43541 0.43541
488.89999 0.43060 0.20780 0.43060 0.43060
489.00000 0.42597 0.20848 0.42597 0.42597
489.10001 0.42153 0.20915 0.42153 0.42153
489.20001 0.41728 0.20982 0.41728 0.41728
489.30002 0.41321 0.21048 0.41321 0.41321
489.39999 0.40936 0.21115 0.40936 0.40936
489.50000 0.40571 0.21181 0.40571 0.40571
489.60001 0.40226 0.21247 0.40226 0.40226
489.70001 0.39899 0.21311 0.39899 0.39899
489.80002 0.39593 0.21375 0.39593 0.39593
489.89999 0.39306 0.21438 0.39306 0.39306
490.00000 0.39039 0.21502 0.39039 0.39039
490.10001 0.38789 0.21564 0.38789 0.38789
490.20001 0.38558 0.21625 0.38558 0.38558
490.30002 0.38343 0.21686 0.38343 0.38343
490.39999 0.38145 0.21746 0.38145 0.38145
490.50000 0.37963 0.21806 0.37963 0.37963
490.60001 0.37795 0.21865 0.37795 0.37795
490.70001 0.37643 0.21925 0.37643 0.37643
490.80002 0.37504 0.21984 0.37504 0.37504
490.89999 0.37378 0.22044 0.37378 0.37378
491.00000 0.37263 0.22103 0.37263 0.37263
491.10001 0.37158 0.22162 0.37158 0.37158
491.20001 0.37062 0.22221 0.37062 0.37062
491.30002 0.36974 0.22279 0.36974 0.36974
491.39999 0.36894 0.22337 0.36894 0.36894
491.50000 0.36819 0.22395 0.36819 0.36819
491.60001 0.36749 0.22453 0.36749 0.36749
491.70001 0.36685 0.22511 0.36685 0.36685
491.80002 0.36623 0.22570 0.36623 0.36623
491.89999 0.36563 0.22627 0.36563 0.36563
492.00000 0.36504 0.22685 0.36504 0.36504
492.10001 0.36444 0.22740 0.36444 0.36444
492.20001 0.36383 0.22796 0.36383 0.36383
492.30002 0.36320 0.22851 0.36320 0.36320
492.39999 0.36256 0.22905 0.36256 0.36256
492.50000 0.36190 0.22961 0.36190 0.36190
492.60001 0.36122 0.23017 0.36122 0.36122
492.70001 0.36049 0.23073 0.36049 0.36049
492.80002 0.35973 0.23128 0.35973 0.35973
492.89999 0.35892 0.23183 0.35892 0.35892
493.00000 0.35806 0.23238 0.35806 0.35806
493.10001 0.35715 0.23291 0.35715 0.35715
493.20001 0.35618 0.23345 0.35618 0.35618
493.30002 0.35518 0.23399 0.35518 0.35518
493.39999 0.35413 0.23454 0.35413 0.35413
493.50000 0.35302 0.23509 0.35302 0.35302
493.60001 0.35187 0.23563 0.35187 0.35187
493.70001 0.35066 0.23616 0.35066 0.35066
493.80002 0.34941 0.23670 0.34941 0.34941
493.89999 0.34813 0.23726 0.34813 0.34813
494.00000 0.34682 0.23782 0.34682 0.34682
494.10001 0.34542 0.23833 0.34542 0.34542
494.20001 0.34399 0.23884 0.34399 0.34399
494.30002 0.34257 0.23940 0.34257 0.34257
494.39999 0.34112 0.23995 0.34112 0.34112
494.50000 0.33965 0.24051 0.33965 0.33965
494.60001 0.33817 0.24107 0.33817 0.33817
494.70001 0.33665 0.24160 0.33665 0.33665
494.80002 0.33512 0.24214 0.33512 0.33512
494.89999 0.33359 0.24268 0.33359 0.33359
495.00000 0.33206 0.24323 0.33206 0.33206
495.10001 0.33054 0.24378 0.33054 0.33054
495.20001 0.32902 0.24433 0.32902 0.32902
495.30002 0.32751 0.24488 0.32751 0.32751
495.39999 0.32602 0.24543 0.32602 0.32602
495.50000 0.32455 0.24598 0.32455 0.32455
495.60001 0.32310 0.24654 0.32310 0.32310
495.70001 0.32166 0.24708 0.32166 0.32166
495.80002 0.32024 0.24762 0.32024 0.32024
495.89999 0.31888 0.24819 0.31888 0.31888
496.00000 0.31755 0.24875 0.31755 0.31755
496.10001 0.31624 0.24931 0.31624 0.31624
496.20001 0.31497 0.24986 0.31497 0.31497
496.30002 0.31373 0.25041 0.31373 0.31373
496.39999 0.31253 0.25095 0.31253 0.31253
496.50000 0.31137 0.25150 0.31137 0.31137
496.60001 0.31025 0.25205 0.31025 0.31025
496.70001 0.30921 0.25262 0.30921 0.30921
496.80002 0.30820 0.25320 0.30820 0.30820
496.89999 0.30723 0.25376 0.30723 0.30723
497.00000 0.30630 0.25433 0.30630 0.30630
497.10001 0.30541 0.25488 0.30541 0.30541
497.20001 0.30456 0.25544 0.30456 0.30456
497.30002 0.30377 0.25601 0.30377 0.30377
497.39999 0.30303 0.25659 0.30303 0.30303
497.50000 0.30232 0.25716 0.30232 0.30232
497.60001 0.30166 0.25773 0.30166 0.30166
497.70001 0.30103 0.25829 0.30103 0.30103
497.80002 0.30045 0.25886 0.30045 0.30045
497.89999 0.29989 0.25942 0.29989 0.29989
498.00000 0.29937 0.25997 0.29937 0.29937
498.10001 0.29889 0.26053 0.29889 0.29889
498.20001 0.29845 0.26110 0.29845 0.29845
498.30002 0.29803 0.26165 0.29803 0.29803
498.39999 0.29765 0.26220 0.29765 0.29765
498.50000 0.29729 0.26275 0.29729 0.29729
498.60001 0.29696 0.26329 0.29696 0.29696
498.70001 0.29667 0.26384 0.29667 0.29667
498.80002 0.29641 0.26440 0.29641 0.29641
498.89999 0.29617 0.26495 0.29617 0.29617
499.00000 0.29596 0.26550 0.29596 0.29596
499.10001 0.29577 0.26606 0.29577 0.29577
499.20001 0.29561 0.26661 0.29561 0.29561
499.30002 0.29545 0.26715 0.29545 0.29545
499.39999 0.29531 0.26769 0.29531 0.29531
499.50000 0.29519 0.26823 0.29519 0.29519
499.60001 0.29508 0.26876 0.29508 0.29508
499.70001 0.29501 0.26931 0.29501 0.29501
499.80002 0.29495 0.26986 0.29495 0.29495
499.89999 0.29488 0.27039 0.29488 0.29488
500.00000 0.29484 0.27092 0.29484 0.29484
500.10001 0.29482 0.27147 0.29482 0.29482
500.20001 0.29482 0.27201 0.29482 0.29482
500.30002 0.29481 0.27255 0.29481 0.29481
500.39999 0.29482 0.27308 0.29482 0.29482
500.50000 0.29483 0.27361 0.29483 0.29483
500.60001 0.29486 0.27414 0.29486 0.29486
500.70001 0.29490 0.27468 0.29490 0.29490
500.80002 0.29495 0.27522 0.29495 0.29495
500.89999 0.29500 0.27574 0.29500 0.29500
501.00000 0.29505 0.27626 0.29505 0.29505
501.10001 0.29513 0.27680 0.29513 0.29513
501.20001 0.29521 0.27733 0.29521 0.29521
501.30002 0.29528 0.27784 0.29528 0.29528
501.39999 0.29536 0.27835 0.29536 0.29536
501.50000 0.29547 0.27889 0.29547 0.29547
501.60001 0.29560 0.27943 0.29560 0.29560
501.70001 0.29571 0.27995 0.29571 0.29571
501.80002 0.29583 0.28047 0.29583 0.29583
501.89999 0.29597 0.28099 0.29597 0.29597
502.00000 0.29611 0.28152 0.29611 0.29611
502.10001 0.29624 0.28203 0.29624 0.29624
502.20001 0.29638 0.28253 0.29638 0.29638
502.30002 0.29653 0.28304 0.29653 0.29653
502.39999 0.29668 0.28354 0.29668 0.29668
502.50000 0.29687 0.28407 0.29687 0.29687
502.60001 0.29706 0.28460 0.29706 0.29706
502.70001 0.29723 0.28510 0.29723 0.29723
502.80002 0.29742 0.28560 0.29742 0.29742
502.89999 0.29763 0.28612 0.29763 0.29763
503.00000 0.29785 0.28664 0.29785 0.29785
503.10001 0.29806 0.28715 0.29806 0.29806
503.20001 0.29828 0.28765 0.29828 0.29828
503.30002 0.29853 0.28818 0.29853 0.29853
503.39999 0.29879 0.28871 0.29879 0.29879
503.50000 0.29903 0.28922 0.29903 0.29903
503.60001 0.29929 0.28973 0.29929 0.29929
503.70001 0.29957 0.29026 0.29957 0.29957
503.80002 0.29985 0.29078 0.29985 0.29985
503.89999 0.30012 0.29129 0.30012 0.30012
504.00000 0.30040 0.29179 0.30040 0.30040
504.10001 0.30067 0.29228 0.30067 0.30067
504.20001 0.30094 0.29277 0.30094 0.30094
504.30002 0.30124 0.29327 0.30124 0.30124
504.39999 0.30155 0.29378 0.30155 0.30155
504.50000 0.30188 0.29430 0.30188 0.30188
504.60001 0.30221 0.29482 0.30221 0.30221
504.70001 0.30252 0.29532 0.30252 0.30252
504.80002 0.30284 0.29581 0.30284 0.30284
504.89999 0.30318 0.29632 0.30318 0.30318
505.00000 0.30353 0.29684 0.30353 0.30353
505.10001 0.30387 0.29734 0.30387 0.30387
505.20001 0.30422 0.29784 0.30422 0.30422
505.30002 0.30457 0.29834 0.30457 0.30457
505.39999 0.30492 0.29883 0.30492 0.30492
505.50000 0.30528 0.29934 0.30528 0.30528
505.60001 0.30565 0.29984 0.30565 0.30565
505.70001 0.30604 0.30036 0.30604 0.30604
505.80002 0.30643 0.30088 0.30643 0.30643
505.89999 0.30680 0.30137 0.30680 0.30680
506.00000 0.30717 0.30186 0.30717 0.30717
506.10001 0.30756 0.30236 0.30756 0.30756
506.20001 0.30795 0.30287 0.30795 0.30795
506.30002 0.30833 0.30336 0.30833 0.30833
506.39999 0.30871 0.30384 0.30871 0.30871
506.50000 0.30911 0.30435 0.30911 0.30911
506.60001 0.30952 0.30485 0.30952 0.30952
506.70001 0.30992 0.30535 0.30992 0.30992
506.80002 0.31033 0.30585 0.31033 0.31033
506.89999 0.31073 0.30635 0.31073 0.31073
507.00000 0.31114 0.30684 0.31114 0.31114
507.10001 0.31156 0.30734 0.31156 0.31156
507.20001 0.31198 0.30784 0.31198 0.31198
507.30002 0.31240 0.30834 0.31240 0.31240
507.39999 0.31282 0.30884 0.31282 0.31282
507.50000 0.31325 0.30935 0.31325 0.31325
507.60001 0.31368 0.30985 0.31368 0.31368
507.70001 0.31408 0.31033 0.31408 0.31408
507.80002 0.31449 0.31080 0.31449 0.31449
507.89999 0.31492 0.31130 0.31492 0.31492
508.00000 0.31536 0.31181 0.31536 0.31536
508.10001 0.31581 0.31232 0.31581 0.31581
508.20001 0.31626 0.31283 0.31626 0.31626
508.30002 0.31668 0.31332 0.31668 0.31668
508.39999 0.31711 0.31380 0.31711 0.31711
508.50000 0.31754 0.31430 0.31754 0.31754
508.60001 0.31798 0.31479 0.31798 0.31798
508.70001 0.31846 0.31532 0.31846 0.31846
508.80002 0.31894 0.31585 0.31894 0.31894
508.89999 0.31937 0.31634 0.31937 0.31937
509.00000 0.31981 0.31683 0.31981 0.31981
509.10001 0.32025 0.31731 0.32025 0.32025
509.20001 0.32068 0.31780 0.32068 0.32068
509.30002 0.32114 0.31831 0.32114 0.32114
509.39999 0.32160 0.31882 0.32160 0.32160
509.50000 0.32205 0.31931 0.32205 0.32205
509.60001 0.32250 0.31980 0.32250 0.32250
509.70001 0.32296 0.32031 0.32296 0.32296
509.80002 0.32343 0.32082 0.32343 0.32343
509.89999 0.32388 0.32130 0.32388 0.32388
510.00000 0.32433 0.32179 0.32433 0.32433
510.10001 0.32478 0.32228 0.32478 0.32478
510.20001 0.32523 0.32277 0.32523 0.32523
510.30002 0.32568 0.32326 0.32568 0.32568
510.39999 0.32613 0.32375 0.32613 0.32613
510.50000 0.32658 0.32424 0.32658 0.32658
510.60001 0.32704 0.32473 0.32704 0.32704
510.70001 0.32749 0.32522 0.32749 0.32749
510.80002 0.32795 0.32571 0.32795 0.32795
510.89999 0.32840 0.32620 0.32840 0.32840
511.00000 0.32886 0.32669 0.32886 0.32886
511.10001 0.32932 0.32717 0.32932 0.32932
511.20001 0.32977 0.32766 0.32977 0.32977
511.30002 0.33023 0.32815 0.33023 0.33023
511.39999 0.33069 0.32864 0.33069 0.33069
511.50000 0.33115 0.32913 0.33115 0.33115
511.60001 0.33161 0.32962 0.33161 0.33161
511.70001 0.33207 0.33011 0.33207 0.33207
511.80002 0.33253 0.33060 0.33253 0.33253
511.89999 0.33299 0.33109 0.33299 0.33299
512.00000 0.33345 0.33158 0.33345 0.33345
512.10004 0.33392 0.33207 0.33392 0.33392
512.20001 0.33438 0.33256 0.33438 0.33438
512.29999 0.33484 0.33304 0.33484 0.33484
512.40002 0.33530 0.33353 0.33530 0.33530
512.50000 0.33577 0.33402 0.33577 0.33577
512.60004 0.33623 0.33451 0.33623 0.33623
512.70001 0.33670 0.33500 0.33670 0.33670
512.79999 0.33716 0.33549 0.33716 0.33716
512.90002 0.33763 0.33598 0.33763 0.33763
513.00000 0.33809 0.33647 0.33809 0.33809
513.10004 0.33856 0.33696 0.33856 0.33856
513.20001 0.33903 0.33745 0.33903 0.33903
513.29999 0.33949 0.33794 0.33949 0.33949
513.40002 0.33996 0.33843 0.33996 0.33996
513.50000 0.34043 0.33892 0.34043 0.34043
513.60004 0.34090 0.33940 0.34090 0.34090
513.70001 0.34137 0.33989 0.34137 0.34137
513.79999 0.34184 0.34038 0.34184 0.34184
513.90002 0.34230 0.34087 0.34230 0.34230
514.00000 0.34277 0.34136 0.34277 0.34277
514.10004 0.34324 0.34185 0.34324 0.34324
514.20001 0.34371 0.34234 0.34371 0.34371
514.29999 0.34418 0.34283 0.34418 0.34418
514.40002 0.34465 0.34332 0.34465 0.34465
514.50000 0.34512 0.34381 0.34512 0.34512
514.60004 0.34559 0.34430 0.34559 0.34559
514.70001 0.34607 0.34479 0.34607 0.34607
514.79999 0.34654 0.34527 0.34654 0.34654
514.90002 0.34701 0.34576 0.34701 0.34701
515.00000 0.34748 0.34625 0.34748 0.34748
515.10004 0.34795 0.34674 0.34795 0.34795
515.20001 0.34843 0.34723 0.34843 0.34843
515.29999 0.34890 0.34772 0.34890 0.34890
515.40002 0.34937 0.34821 0.34937 0.34937
515.50000 0.34984 0.34870 0.34984 0.34984
515.60004 0.35032 0.34919 0.35032 0.35032
515.70001 0.35079 0.34968 0.35079 0.35079
515.79999 0.35126 0.35017 0.35126 0.35126
515.90002 0.35174 0.35066 0.35174 0.35174
516.00000 0.35221 0.35114 0.35221 0.35221
516.10004 0.35269 0.35163 0.35269 0.35269
516.20001 0.35316 0.35212 0.35316 0.35316
516.29999 0.35364 0.35261 0.35364 0.35364
516.40002 0.35411 0.35310 0.35411 0.35411
516.50000 0.35458 0.35359 0.35458 0.35458
516.60004 0.35506 0.35408 0.35506 0.35506
516.70001 0.35554 0.35457 0.35554 0.35554
516.79999 0.35601 0.35506 0.35601 0.35601
516.90002 0.35649 0.35555 0.35649 0.35649
517.00000 0.35696 0.35604 0.35696 0.35696
517.10004 0.35744 0.35653 0.35744 0.35744
517.20001 0.35791 0.35702 0.35791 0.35791
517.29999 0.35839 0.35750 0.35839 0.35839
517.40002 0.35887 0.35799 0.35887 0.35887
517.50000 0.35934 0.35848 0.35934 0.35934
517.60004 0.35982 0.35897 0.35982 0.35982
517.70001 0.36030 0.35946 0.36030 0.36030
517.79999 0.36077 0.35995 0.36077 0.36077
517.90002 0.36125 0.36044 0.36125 0.36125
518.00000 0.36173 0.36093 0.36173 0.36173
518.10004 0.36221 0.36142 0.36221 0.36221
518.20001 0.36268 0.36191 0.36268 0.36268
518.29999 0.36316 0.36240 0.36316 0.36316
518.40002 0.36364 0.36289 0.36364 0.36364
518.50000 0.36412 0.36337 0.36412 0.36412
518.60004 0.36460 0.36386 0.36460 0.36460
518.70001 0.36507 0.36435 0.36507 0.36507
518.79999 0.36555 0.36484 0.36555 0.36555
518.90002 0.36603 0.36533 0.36603 0.36603
519.00000 0.36651 0.36582 0.36651 0.36651
519.10004 0.36699 0.36631 0.36699 0.36699
519.20001 0.36747 0.36680 0.36747 0.36747
519.29999 0.36795 0.36729 0.36795 0.36795
519.40002 0.36843 0.36778 0.36843 0.36843
519.50000 0.36890 0.36827 0.36890 0.36890
519.60004 0.36938 0.36876 0.36938 0.36938
519.70001 0.36986 0.36925 0.36986 0.36986
519.79999 0.37034 0.36973 0.37034 0.37034
519.90002 0.37082 0.37022 0.37082 0.37082
520.00000 0.37130 0.37071 0.37130 0.37130
520.10004 0.37178 0.37120 0.37178 0.37178
520.20001 0.37226 0.37169 0.37226 0.37226
520.29999 0.37274 0.37218 0.37274 0.37274
520.40002 0.37322 0.37267 0.37322 0.37322
520.50000 0.37370 0.37316 0.37370 0.37370
520.60004 0.37418 0.37365 0.37418 0.37418
520.70001 0.37466 0.37414 0.37466 0.37466
520.79999 0.37514 0.37463 0.37514 0.37514
520.90002 0.37562 0.37512 0.37562 0.37562
521.00000 0.37611 0.37560 0.37611 0.37611
521.10004 0.37659 0.37609 0.37659 0.37659
521.20001 0.37707 0.37658 0.37707 0.37707
521.29999 0.37755 0.37707 0.37755 0.37755
521.40002 0.37803 0.37756 0.37803 0.37803
521.50000 0.37851 0.37805 0.37851 0.37851
521.60004 0.37899 0.37854 0.37899 0.37899
521.70001 0.37947 0.37903 0.37947 0.37947
521.79999 0.37995 0.37952 0.37995 0.37995
521.90002 0.38044 0.38001 0.38044 0.38044
522.00000 0.38092 0.38050 0.38092 0.38092
522.10004 0.38140 0.38099 0.38140 0.38140
522.20001 0.38188 0.38148 0.38188 0.38188
522.29999 0.38236 0.38196 0.38236 0.38236
522.40002 0.38284 0.38245 0.38284 0.38284
522.50000 0.38333 0.38294 0.38333 0.38333
522.60004 0.38381 0.38343 0.38381 0.38381
522.70001 0.38429 0.38392 0.38429 0.38429
522.79999 0.38477 0.38441 0.38477 0.38477
522.90002 0.38525 0.38490 0.38525 0.38525
523.00000 0.38574 0.38539 0.38574 0.38574
523.10004 0.38622 0.38588 0.38622 0.38622
523.20001 0.38670 0.38637 0.38670 0.38670
523.29999 0.38718 0.38686 0.38718 0.38718
523.40002 0.38767 0.38735 0.38767 0.38767
523.50000 0.38815 0.38783 0.38815 0.38815
523.60004 0.38863 0.38832 0.38863 0.38863
523.70001 0.38911 0.38881 0.38911 0.38911
523.79999 0.38960 0.38930 0.38960 0.38960
523.90002 0.39008 0.38979 0.39008 0.39008
524.00000 0.39056 0.39028 0.39056 0.39056
524.10004 0.39105 0.39077 0.39105 0.39105
524.20001 0.39153 0.39126 0.39153 0.39153
524.29999 0.39201 0.39175 0.39201 0.39201
524.40002 0.39250 0.39224 0.39250 0.39250
524.50000 0.39298 0.39273 0.39298 0.39298
524.60004 0.39346 0.39322 0.39346 0.39346
524.70001 0.39395 0.39370 0.39395 0.39395
524.79999 0.39443 0.39419 0.39443 0.39443
524.90002 0.39491 0.39468 0.39491 0.39491
525.00000 0.39540 0.39517 0.39540 0.39540
525.10004 0.39588 0.39566 0.39588 0.39588
525.20001 0.39636 0.39615 0.39636 0.39636
525.29999 0.39685 0.39664 0.39685 0.39685
525.40002 0.39733 0.39713 0.39733 0.39733
525.50000 0.39781 0.39762 0.39781 0.39781
525.60004 0.39830 0.39811 0.39830 0.39830
525.70001 0.39878 0.39860 0.39878 0.39878
525.79999 0.39927 0.39909 0.39927 0.39927
525.90002 0.39975 0.39958 0.39975 0.39975
526.00000 0.40023 0.40006 0.40023 0.40023
526.10004 0.40072 0.40055 0.40072 0.40072
526.20001 0.40120 0.40104 0.40120 0.40120
526.29999 0.40169 0.40153 0.40169 0.40169
526.40002 0.40217 0.40202 0.40217 0.40217
526.50000 0.40265 0.40251 0.40265 0.40265
526.60004 0.40314 0.40300 0.40314 0.40314
526.70001 0.40362 0.40349 0.40362 0.40362
526.79999 0.40411 0.40398 0.40411 0.40411
526.90002 0.40459 0.40447 0.40459 0.40459
527.00000 0.40508 0.40496 0.40508 0.40508
527.10004 0.40556 0.40545 0.40556 0.40556
527.20001 0.40605 0.40593 0.40605 0.40605
527.29999 0.40653 0.40642 0.40653 0.40653
527.40002 0.40701 0.40691 0.40701 0.40701
527.50000 0.40750 0.40740 0.40750 0.40750
527.60004 0.40798 0.40789 0.40798 0.40798
527.70001 0.40847 0.40838 0.40847 0.40847
527.79999 0.40895 0.40887 0.40895 0.40895
527.90002 0.40944 0.40936 0.40944 0.40944
528.00000 0.40992 0.40985 0.40992 0.40992
528.10004 0.41041 0.41034 0.41041 0.41041
528.20001 0.41089 0.41083 0.41089 0.41089
528.29999 0.41138 0.41132 0.41138 0.41138
528.40002 0.41186 0.41181 0.41186 0.41186
528.50000 0.41235 0.41229 0.41235 0.41235
528.60004 0.41283 0.41278 0.41283 0.41283
528.70001 0.41332 0.41327 0.41332 0.41332
528.79999 0.41380 0.41376 0.41380 0.41380
528.90002 0.41429 0.41425 0.41429 0.41429
529.00000 0.41477 0.41474 0.41477 0.41477
529.10004 0.41526 0.41523 0.41526 0.41526
529.20001 0.41574 0.41572 0.41574 0.41574
529.29999 0.41623 0.41621 0.41623 0.41623
529.40002 0.41672 0.41670 0.41672 0.41672
529.50000 0.41720 0.41719 0.41720 0.41720
529.60004 0.41769 0.41768 0.41769 0.41769
529.70001 0.41817 0.41816 0.41817 0.41817
529.79999 0.41866 0.41865 0.41866 0.41866
529.90002 0.41914 0.41914 0.41914 0.41914
