-5.00000 0.00618
-4.90000 0.00637
-4.80000 0.00658
-4.70000 0.00681
-4.60000 0.00704
-4.50000 0.00729
-4.40000 0.00755
-4.30000 0.00782
-4.20000 0.00812
-4.10000 0.00843
-4.00000 0.00876
-3.90000 0.00911
-3.80000 0.00949
-3.70000 0.00989
-3.60000 0.01033
-3.50000 0.01079
-3.40000 0.01129
-3.30000 0.01183
-3.20000 0.01241
-3.10000 0.01304
-3.00000 0.01373
-2.90000 0.01447
-2.80000 0.01529
-2.70000 0.01619
-2.60000 0.01718
-2.50000 0.01828
-2.40000 0.01950
-2.30000 0.02086
-2.20000 0.02240
-2.10000 0.02415
-2.00000 0.02615
-1.90000 0.02846
-1.80000 0.03118
-1.70000 0.03440
-1.60000 0.03830
-1.50000 0.04308
-1.40000 0.04906
-1.30000 0.05663
-1.20000 0.06637
-1.10000 0.07896
-1.00000 0.09531
-0.90000 0.11647
-0.80000 0.14362
-0.70000 0.17798
-0.60000 0.22068
-0.50000 0.27256
-0.40000 0.33398
-0.30000 0.40458
-0.20000 0.48308
-0.10000 0.56722
0.00000 0.65371
0.10000 0.73846
0.20000 0.81683
0.30000 0.88409
0.40000 0.93591
0.50000 0.96884
0.60000 0.98073
0.70000 0.97097
0.80000 0.94053
0.90000 0.89188
1.00000 0.82861
1.10000 0.75507
1.20000 0.67585
1.30000 0.59538
1.40000 0.51755
1.50000 0.44549
1.60000 0.38144
1.70000 0.32680
1.80000 0.28217
1.90000 0.24757
2.00000 0.22252
2.10000 0.20624
2.20000 0.19774
2.30000 0.19593
2.40000 0.19959
2.50000 0.20751
2.60000 0.21841
2.70000 0.23104
2.80000 0.24420
2.90000 0.25682
3.00000 0.26804
3.10000 0.27725
3.20000 0.28414
3.30000 0.28869
3.40000 0.29116
3.50000 0.29193
3.60000 0.29148
3.70000 0.29021
3.80000 0.28841
3.90000 0.28615
4.00000 0.28329
4.10000 0.27956
4.20000 0.27456
4.30000 0.26789
4.40000 0.25924
4.50000 0.24846
4.60000 0.23557
4.70000 0.22083
4.80000 0.20462
4.90000 0.18747
5.00000 0.16996
5.10000 0.15265
5.20000 0.13605
5.30000 0.12055
5.40000 0.10642
5.50000 0.09381
5.60000 0.08276
5.70000 0.07323
5.80000 0.06511
5.90000 0.05827
6.00000 0.05253
6.10000 0.04773
6.20000 0.04374
6.30000 0.04040
6.40000 0.03760
6.50000 0.03524
6.60000 0.03326
6.70000 0.03157
6.80000 0.03014
6.90000 0.02893
7.00000 0.02791
7.10000 0.02705
7.20000 0.02634
7.30000 0.02575
7.40000 0.02528
7.50000 0.02490
7.60000 0.02462
7.70000 0.02442
7.80000 0.02429
7.90000 0.02425
8.00000 0.02428
8.10000 0.02439
8.20000 0.02460
8.30000 0.02491
8.40000 0.02535
8.50000 0.02592
8.60000 0.02665
8.70000 0.02757
8.80000 0.02868
8.90000 0.03002
9.00000 0.03161
9.10000 0.03348
9.20000 0.03565
9.30000 0.03816
9.40000 0.04102
9.50000 0.04426
9.60000 0.04789
9.70000 0.05192
9.80000 0.05634
9.90000 0.06113
10.00000 0.06625
10.10000 0.07162
10.20000 0.07717
10.30000 0.08278
10.40000 0.08831
10.50000 0.09363
10.60000 0.09857
10.70000 0.10297
10.80000 0.10667
10.90000 0.10955
11.00000 0.11149
11.10000 0.11242
11.20000 0.11230
11.30000 0.11114
11.40000 0.10901
11.50000 0.10598
11.60000 0.10220
11.70000 0.09780
11.80000 0.09295
11.90000 0.08782
12.00000 0.08257
12.10000 0.07734
12.20000 0.07225
12.30000 0.06741
12.40000 0.06287
12.50000 0.05869
12.60000 0.05488
12.70000 0.05144
12.80000 0.04835
12.90000 0.04560
13.00000 0.04315
13.10000 0.04096
13.20000 0.03899
13.30000 0.03722
13.40000 0.03560
13.50000 0.03411
13.60000 0.03274
13.70000 0.03144
13.80000 0.03021
13.90000 0.02902
14.00000 0.02787
14.10000 0.02675
14.20000 0.02564
14.30000 0.02454
14.40000 0.02345
14.50000 0.02237
14.60000 0.02129
14.70000 0.02024
14.80000 0.01920
14.90000 0.01818
15.00000 0.01720
15.10000 0.01625
15.20000 0.01535
15.30000 0.01449
15.40000 0.01368
15.50000 0.01292
15.60000 0.01221
15.70000 0.01156
15.80000 0.01095
15.90000 0.01039
16.00000 0.00987
16.10000 0.00940
16.20000 0.00897
16.30000 0.00857
16.40000 0.00820
16.50000 0.00787
16.60000 0.00756
16.70000 0.00728
16.80000 0.00702
16.90000 0.00678
17.00000 0.00657
17.10000 0.00637
17.20000 0.00619
17.30000 0.00603
17.40000 0.00588
17.50000 0.00575
17.60000 0.00563
17.70000 0.00552
17.80000 0.00543
17.90000 0.00535
18.00000 0.00528
18.10000 0.00522
18.20000 0.00517
18.30000 0.00514
18.40000 0.00511
18.50000 0.00510
18.60000 0.00509
18.70000 0.00510
18.80000 0.00511
18.90000 0.00512
19.00000 0.00514
19.10000 0.00517
19.20000 0.00519
19.30000 0.00522
19.40000 0.00524
19.50000 0.00526
19.60000 0.00528
19.70000 0.00528
19.80000 0.00528
19.90000 0.00527
20.00000 0.00524
20.10000 0.00520
20.20000 0.00515
20.30000 0.00508
20.40000 0.00500
20.50000 0.00491
20.60000 0.00480
20.70000 0.00468
20.80000 0.00456
20.90000 0.00443
21.00000 0.00429
21.10000 0.00415
21.20000 0.00401
21.30000 0.00387
21.40000 0.00373
21.50000 0.00359
21.60000 0.00346
21.70000 0.00333
21.80000 0.00320
21.90000 0.00309
22.00000 0.00298
22.10000 0.00287
22.20000 0.00277
22.30000 0.00268
22.40000 0.00259
22.50000 0.00250
22.60000 0.00243
22.70000 0.00235
22.80000 0.00228
22.90000 0.00222
23.00000 0.00216
23.10000 0.00210
23.20000 0.00204
23.30000 0.00199
23.40000 0.00194
23.50000 0.00190
23.60000 0.00185
23.70000 0.00181
23.80000 0.00177
23.90000 0.00173
24.00000 0.00169
24.10000 0.00166
24.20000 0.00163
24.30000 0.00159
24.40000 0.00156
24.50000 0.00153
24.60000 0.00151
24.70000 0.00148
24.80000 0.00145
24.90000 0.00143
25.00000 0.00140
