-5.00000 0.00000
-4.90000 0.00000
-4.80000 0.00001
-4.70000 0.00001
-4.60000 0.00001
-4.50000 0.00001
-4.40000 0.00002
-4.30000 0.00002
-4.20000 0.00002
-4.10000 0.00003
-4.00000 0.00003
-3.90000 0.00004
-3.80000 0.00004
-3.70000 0.00004
-3.60000 0.00005
-3.50000 0.00005
-3.40000 0.00006
-3.30000 0.00006
-3.20000 0.00006
-3.10000 0.00007
-3.00000 0.00007
-2.90000 0.00008
-2.80000 0.00008
-2.70000 0.00009
-2.60000 0.00009
-2.50000 0.00010
-2.40000 0.00011
-2.30000 0.00011
-2.20000 0.00012
-2.10000 0.00012
-2.00000 0.00013
-1.90000 0.00014
-1.80000 0.00015
-1.70000 0.00015
-1.60000 0.00016
-1.50000 0.00017
-1.40000 0.00018
-1.30000 0.00019
-1.20000 0.00019
-1.10000 0.00020
-1.00000 0.00021
-0.90000 0.00022
-0.80000 0.00023
-0.70000 0.00025
-0.60000 0.00026
-0.50000 0.00027
-0.40000 0.00028
-0.30000 0.00030
-0.20000 0.00031
-0.10000 0.00033
0.00000 0.00034
0.10000 0.00036
0.20000 0.00038
0.30000 0.00039
0.40000 0.00041
0.50000 0.00044
0.60000 0.00046
0.70000 0.00048
0.80000 0.00051
0.90000 0.00054
1.00000 0.00057
1.10000 0.00060
1.20000 0.00064
1.30000 0.00068
1.40000 0.00072
1.50000 0.00077
1.60000 0.00082
1.70000 0.00089
1.80000 0.00096
1.90000 0.00104
2.00000 0.00115
2.10000 0.00128
2.20000 0.00145
2.30000 0.00171
2.40000 0.00211
2.50000 0.00274
2.60000 0.00372
2.70000 0.00512
2.80000 0.00692
2.90000 0.00892
3.00000 0.01083
3.10000 0.01239
3.20000 0.01360
3.30000 0.01473
3.40000 0.01610
3.50000 0.01775
3.60000 0.01929
3.70000 0.02005
3.80000 0.01960
3.90000 0.01802
4.00000 0.01596
4.10000 0.01435
4.20000 0.01411
4.30000 0.01607
4.40000 0.02108
4.50000 0.03005
4.60000 0.04390
4.70000 0.06305
4.80000 0.08690
4.90000 0.11310
5.00000 0.13730
5.10000 0.15385
5.20000 0.15784
5.30000 0.14762
5.40000 0.12617
5.50000 0.10000
5.60000 0.07626
5.70000 0.05997
5.80000 0.05268
5.90000 0.05278
6.00000 0.05662
6.10000 0.05995
6.20000 0.05952
6.30000 0.05420
6.40000 0.04512
6.50000 0.03469
6.60000 0.02523
6.70000 0.01804
6.80000 0.01332
6.90000 0.01059
7.00000 0.00923
7.10000 0.00875
7.20000 0.00885
7.30000 0.00944
7.40000 0.01058
7.50000 0.01254
7.60000 0.01588
7.70000 0.02159
7.80000 0.03117
7.90000 0.04634
8.00000 0.06825
8.10000 0.09644
8.20000 0.12839
8.30000 0.16048
8.40000 0.19019
8.50000 0.21750
8.60000 0.24355
8.70000 0.26720
8.80000 0.28296
8.90000 0.28323
9.00000 0.26367
9.10000 0.22700
9.20000 0.18191
9.30000 0.13830
9.40000 0.10291
9.50000 0.07833
9.60000 0.06465
9.70000 0.06141
9.80000 0.06826
9.90000 0.08407
10.00000 0.10556
10.10000 0.12702
10.20000 0.14179
10.30000 0.14509
10.40000 0.13622
10.50000 0.11850
10.60000 0.09719
10.70000 0.07701
10.80000 0.06115
10.90000 0.05150
11.00000 0.04927
11.10000 0.05513
11.20000 0.06846
11.30000 0.08644
11.40000 0.10389
11.50000 0.11474
11.60000 0.11463
11.70000 0.10315
11.80000 0.08393
11.90000 0.06249
12.00000 0.04356
12.10000 0.02948
12.20000 0.02035
12.30000 0.01509
12.40000 0.01242
12.50000 0.01146
12.60000 0.01182
12.70000 0.01358
12.80000 0.01724
12.90000 0.02356
13.00000 0.03326
13.10000 0.04645
13.20000 0.06192
13.30000 0.07699
13.40000 0.08834
13.50000 0.09384
13.60000 0.09421
13.70000 0.09302
13.80000 0.09476
13.90000 0.10185
14.00000 0.11302
14.10000 0.12399
14.20000 0.13046
14.30000 0.13102
14.40000 0.12778
14.50000 0.12408
14.60000 0.12148
14.70000 0.11840
14.80000 0.11168
14.90000 0.09932
15.00000 0.08218
15.10000 0.06341
15.20000 0.04656
15.30000 0.03396
15.40000 0.02636
15.50000 0.02342
15.60000 0.02440
15.70000 0.02854
15.80000 0.03528
15.90000 0.04442
16.00000 0.05652
16.10000 0.07289
16.20000 0.09455
16.30000 0.12056
16.40000 0.14665
16.50000 0.16596
16.60000 0.17211
16.70000 0.16258
16.80000 0.14006
16.90000 0.11088
17.00000 0.08174
17.10000 0.05731
17.20000 0.03949
17.30000 0.02820
17.40000 0.02247
17.50000 0.02122
17.60000 0.02341
17.70000 0.02782
17.80000 0.03280
17.90000 0.03641
18.00000 0.03711
18.10000 0.03439
18.20000 0.02905
18.30000 0.02270
18.40000 0.01697
18.50000 0.01289
18.60000 0.01090
18.70000 0.01106
18.80000 0.01333
18.90000 0.01750
19.00000 0.02304
19.10000 0.02889
19.20000 0.03363
19.30000 0.03598
19.40000 0.03530
19.50000 0.03183
19.60000 0.02653
19.70000 0.02058
19.80000 0.01504
19.90000 0.01052
20.00000 0.00723
20.10000 0.00505
20.20000 0.00371
20.30000 0.00295
20.40000 0.00257
20.50000 0.00249
20.60000 0.00271
20.70000 0.00332
20.80000 0.00442
20.90000 0.00608
21.00000 0.00815
21.10000 0.01026
21.20000 0.01182
21.30000 0.01230
21.40000 0.01151
21.50000 0.00972
21.60000 0.00746
21.70000 0.00530
21.80000 0.00358
21.90000 0.00240
22.00000 0.00166
22.10000 0.00122
22.20000 0.00096
22.30000 0.00079
22.40000 0.00069
22.50000 0.00061
22.60000 0.00055
22.70000 0.00050
22.80000 0.00046
22.90000 0.00042
23.00000 0.00039
23.10000 0.00036
23.20000 0.00034
23.30000 0.00032
23.40000 0.00030
23.50000 0.00028
23.60000 0.00027
23.70000 0.00025
23.80000 0.00024
23.90000 0.00022
24.00000 0.00021
24.10000 0.00020
24.20000 0.00019
24.30000 0.00018
24.40000 0.00017
24.50000 0.00016
24.60000 0.00015
24.70000 0.00014
24.80000 0.00014
24.90000 0.00013
25.00000 0.00012
