-20.00000 -0.01108
-19.95000 -0.01115
-19.90000 -0.01123
-19.85000 -0.01131
-19.80000 -0.01139
-19.75000 -0.01147
-19.70000 -0.01155
-19.65000 -0.01163
-19.60000 -0.01172
-19.55000 -0.01180
-19.50000 -0.01188
-19.45000 -0.01197
-19.40000 -0.01206
-19.35000 -0.01214
-19.30000 -0.01223
-19.25000 -0.01232
-19.20000 -0.01241
-19.15000 -0.01250
-19.10000 -0.01259
-19.05000 -0.01269
-19.00000 -0.01278
-18.95000 -0.01287
-18.90000 -0.01297
-18.85000 -0.01306
-18.80000 -0.01316
-18.75000 -0.01326
-18.70000 -0.01336
-18.65000 -0.01346
-18.60000 -0.01356
-18.55000 -0.01366
-18.50000 -0.01376
-18.45000 -0.01386
-18.40000 -0.01396
-18.35000 -0.01406
-18.30000 -0.01417
-18.25000 -0.01427
-18.20000 -0.01438
-18.15000 -0.01448
-18.10000 -0.01459
-18.05000 -0.01469
-18.00000 -0.01480
-17.95000 -0.01491
-17.90000 -0.01501
-17.85000 -0.01512
-17.80000 -0.01523
-17.75000 -0.01534
-17.70000 -0.01545
-17.65000 -0.01556
-17.60000 -0.01567
-17.55000 -0.01578
-17.50000 -0.01589
-17.45000 -0.01600
-17.40000 -0.01611
-17.35000 -0.01623
-17.30000 -0.01634
-17.25000 -0.01645
-17.20000 -0.01657
-17.15000 -0.01668
-17.10000 -0.01680
-17.05000 -0.01691
-17.00000 -0.01703
-16.95000 -0.01715
-16.90000 -0.01726
-16.85000 -0.01738
-16.80000 -0.01750
-16.75000 -0.01762
-16.70000 -0.01775
-16.65000 -0.01787
-16.60000 -0.01799
-16.55000 -0.01812
-16.50000 -0.01825
-16.45000 -0.01838
-16.40000 -0.01851
-16.35000 -0.01864
-16.30000 -0.01877
-16.25000 -0.01891
-16.20000 -0.01905
-16.15000 -0.01919
-16.10000 -0.01933
-16.05000 -0.01948
-16.00000 -0.01962
-15.95000 -0.01977
-15.90000 -0.01993
-15.85000 -0.02008
-15.80000 -0.02024
-15.75000 -0.02040
-15.70000 -0.02056
-15.65000 -0.02073
-15.60000 -0.02090
-15.55000 -0.02107
-15.50000 -0.02125
-15.45000 -0.02143
-15.40000 -0.02161
-15.35000 -0.02180
-15.30000 -0.02199
-15.25000 -0.02218
-15.20000 -0.02238
-15.15000 -0.02258
-15.10000 -0.02279
-15.05000 -0.02300
-15.00000 -0.02321
-14.95000 -0.02343
-14.90000 -0.02365
-14.85000 -0.02387
-14.80000 -0.02410
-14.75000 -0.02434
-14.70000 -0.02457
-14.65000 -0.02481
-14.60000 -0.02506
-14.55000 -0.02530
-14.50000 -0.02555
-14.45000 -0.02581
-14.40000 -0.02607
-14.35000 -0.02633
-14.30000 -0.02659
-14.25000 -0.02686
-14.20000 -0.02713
-14.15000 -0.02740
-14.10000 -0.02767
-14.05000 -0.02795
-14.00000 -0.02823
-13.95000 -0.02851
-13.90000 -0.02879
-13.85000 -0.02908
-13.80000 -0.02936
-13.75000 -0.02965
-13.70000 -0.02994
-13.65000 -0.03023
-13.60000 -0.03052
-13.55000 -0.03080
-13.50000 -0.03109
-13.45000 -0.03138
-13.40000 -0.03167
-13.35000 -0.03195
-13.30000 -0.03224
-13.25000 -0.03252
-13.20000 -0.03281
-13.15000 -0.03309
-13.10000 -0.03337
-13.05000 -0.03364
-13.00000 -0.03392
-12.95000 -0.03419
-12.90000 -0.03446
-12.85000 -0.03473
-12.80000 -0.03499
-12.75000 -0.03526
-12.70000 -0.03552
-12.65000 -0.03577
-12.60000 -0.03603
-12.55000 -0.03628
-12.50000 -0.03653
-12.45000 -0.03678
-12.40000 -0.03702
-12.35000 -0.03727
-12.30000 -0.03751
-12.25000 -0.03775
-12.20000 -0.03799
-12.15000 -0.03823
-12.10000 -0.03847
-12.05000 -0.03871
-12.00000 -0.03895
-11.95000 -0.03918
-11.90000 -0.03942
-11.85000 -0.03966
-11.80000 -0.03991
-11.75000 -0.04015
-11.70000 -0.04040
-11.65000 -0.04065
-11.60000 -0.04090
-11.55000 -0.04115
-11.50000 -0.04141
-11.45000 -0.04168
-11.40000 -0.04195
-11.35000 -0.04222
-11.30000 -0.04250
-11.25000 -0.04279
-11.20000 -0.04308
-11.15000 -0.04338
-11.10000 -0.04369
-11.05000 -0.04401
-11.00000 -0.04433
-10.95000 -0.04466
-10.90000 -0.04501
-10.85000 -0.04536
-10.80000 -0.04572
-10.75000 -0.04609
-10.70000 -0.04647
-10.65000 -0.04687
-10.60000 -0.04727
-10.55000 -0.04769
-10.50000 -0.04812
-10.45000 -0.04856
-10.40000 -0.04901
-10.35000 -0.04948
-10.30000 -0.04996
-10.25000 -0.05045
-10.20000 -0.05096
-10.15000 -0.05148
-10.10000 -0.05202
-10.05000 -0.05257
-10.00000 -0.05314
-9.95000 -0.05372
-9.90000 -0.05432
-9.85000 -0.05493
-9.80000 -0.05556
-9.75000 -0.05621
-9.70000 -0.05687
-9.65000 -0.05755
-9.60000 -0.05825
-9.55000 -0.05897
-9.50000 -0.05970
-9.45000 -0.06045
-9.40000 -0.06122
-9.35000 -0.06201
-9.30000 -0.06282
-9.25000 -0.06364
-9.20000 -0.06449
-9.15000 -0.06535
-9.10000 -0.06623
-9.05000 -0.06713
-9.00000 -0.06805
-8.95000 -0.06899
-8.90000 -0.06995
-8.85000 -0.07092
-8.80000 -0.07192
-8.75000 -0.07293
-8.70000 -0.07396
-8.65000 -0.07501
-8.60000 -0.07608
-8.55000 -0.07716
-8.50000 -0.07827
-8.45000 -0.07938
-8.40000 -0.08052
-8.35000 -0.08167
-8.30000 -0.08283
-8.25000 -0.08401
-8.20000 -0.08521
-8.15000 -0.08641
-8.10000 -0.08763
-8.05000 -0.08886
-8.00000 -0.09010
-7.95000 -0.09135
-7.90000 -0.09261
-7.85000 -0.09387
-7.80000 -0.09514
-7.75000 -0.09642
-7.70000 -0.09770
-7.65000 -0.09898
-7.60000 -0.10027
-7.55000 -0.10156
-7.50000 -0.10284
-7.45000 -0.10413
-7.40000 -0.10541
-7.35000 -0.10668
-7.30000 -0.10795
-7.25000 -0.10922
-7.20000 -0.11047
-7.15000 -0.11172
-7.10000 -0.11295
-7.05000 -0.11417
-7.00000 -0.11538
-6.95000 -0.11658
-6.90000 -0.11776
-6.85000 -0.11892
-6.80000 -0.12007
-6.75000 -0.12120
-6.70000 -0.12231
-6.65000 -0.12340
-6.60000 -0.12447
-6.55000 -0.12552
-6.50000 -0.12655
-6.45000 -0.12755
-6.40000 -0.12854
-6.35000 -0.12950
-6.30000 -0.13044
-6.25000 -0.13136
-6.20000 -0.13226
-6.15000 -0.13313
-6.10000 -0.13399
-6.05000 -0.13482
-6.00000 -0.13563
-5.95000 -0.13642
-5.90000 -0.13719
-5.85000 -0.13794
-5.80000 -0.13868
-5.75000 -0.13940
-5.70000 -0.14010
-5.65000 -0.14079
-5.60000 -0.14147
-5.55000 -0.14213
-5.50000 -0.14279
-5.45000 -0.14343
-5.40000 -0.14407
-5.35000 -0.14471
-5.30000 -0.14534
-5.25000 -0.14596
-5.20000 -0.14659
-5.15000 -0.14722
-5.10000 -0.14786
-5.05000 -0.14850
-5.00000 -0.14915
-4.95000 -0.14981
-4.90000 -0.15048
-4.85000 -0.15117
-4.80000 -0.15187
-4.75000 -0.15260
-4.70000 -0.15334
-4.65000 -0.15411
-4.60000 -0.15490
-4.55000 -0.15572
-4.50000 -0.15658
-4.45000 -0.15746
-4.40000 -0.15838
-4.35000 -0.15933
-4.30000 -0.16032
-4.25000 -0.16135
-4.20000 -0.16243
-4.15000 -0.16355
-4.10000 -0.16471
-4.05000 -0.16592
-4.00000 -0.16718
-3.95000 -0.16849
-3.90000 -0.16986
-3.85000 -0.17127
-3.80000 -0.17275
-3.75000 -0.17428
-3.70000 -0.17586
-3.65000 -0.17751
-3.60000 -0.17921
-3.55000 -0.18098
-3.50000 -0.18280
-3.45000 -0.18469
-3.40000 -0.18664
-3.35000 -0.18865
-3.30000 -0.19073
-3.25000 -0.19287
-3.20000 -0.19507
-3.15000 -0.19734
-3.10000 -0.19966
-3.05000 -0.20205
-3.00000 -0.20451
-2.95000 -0.20702
-2.90000 -0.20959
-2.85000 -0.21223
-2.80000 -0.21492
-2.75000 -0.21766
-2.70000 -0.22047
-2.65000 -0.22332
-2.60000 -0.22623
-2.55000 -0.22919
-2.50000 -0.23220
-2.45000 -0.23525
-2.40000 -0.23834
-2.35000 -0.24147
-2.30000 -0.24464
-2.25000 -0.24785
-2.20000 -0.25108
-2.15000 -0.25435
-2.10000 -0.25763
-2.05000 -0.26094
-2.00000 -0.26426
-1.95000 -0.26760
-1.90000 -0.27095
-1.85000 -0.27430
-1.80000 -0.27765
-1.75000 -0.28099
-1.70000 -0.28433
-1.65000 -0.28765
-1.60000 -0.29096
-1.55000 -0.29424
-1.50000 -0.29750
-1.45000 -0.30072
-1.40000 -0.30391
-1.35000 -0.30705
-1.30000 -0.31015
-1.25000 -0.31320
-1.20000 -0.31619
-1.15000 -0.31912
-1.10000 -0.32198
-1.05000 -0.32477
-1.00000 -0.32749
-0.95000 -0.33012
-0.90000 -0.33268
-0.85000 -0.33514
-0.80000 -0.33752
-0.75000 -0.33980
-0.70000 -0.34197
-0.65000 -0.34405
-0.60000 -0.34602
-0.55000 -0.34789
-0.50000 -0.34964
-0.45000 -0.35128
-0.40000 -0.35280
-0.35000 -0.35420
-0.30000 -0.35549
-0.25000 -0.35666
-0.20000 -0.35770
-0.15000 -0.35863
-0.10000 -0.35943
-0.05000 -0.36012
0.00000 -0.36068
0.05000 -0.36112
0.10000 -0.36145
0.15000 -0.36166
0.20000 -0.36176
0.25000 -0.36174
0.30000 -0.36162
0.35000 -0.36139
0.40000 -0.36106
0.45000 -0.36063
0.50000 -0.36010
0.55000 -0.35949
0.60000 -0.35879
0.65000 -0.35801
0.70000 -0.35715
0.75000 -0.35622
0.80000 -0.35523
0.85000 -0.35418
0.90000 -0.35307
0.95000 -0.35192
1.00000 -0.35072
1.05000 -0.34948
1.10000 -0.34821
1.15000 -0.34691
1.20000 -0.34560
1.25000 -0.34427
1.30000 -0.34292
1.35000 -0.34157
1.40000 -0.34022
1.45000 -0.33888
1.50000 -0.33754
1.55000 -0.33622
1.60000 -0.33491
1.65000 -0.33362
1.70000 -0.33236
1.75000 -0.33112
1.80000 -0.32991
1.85000 -0.32873
1.90000 -0.32759
1.95000 -0.32647
2.00000 -0.32540
2.05000 -0.32436
2.10000 -0.32335
2.15000 -0.32239
2.20000 -0.32146
2.25000 -0.32056
2.30000 -0.31970
2.35000 -0.31887
2.40000 -0.31807
2.45000 -0.31730
2.50000 -0.31656
2.55000 -0.31584
2.60000 -0.31514
2.65000 -0.31446
2.70000 -0.31379
2.75000 -0.31314
2.80000 -0.31249
2.85000 -0.31184
2.90000 -0.31118
2.95000 -0.31053
3.00000 -0.30986
3.05000 -0.30917
3.10000 -0.30847
3.15000 -0.30774
3.20000 -0.30698
3.25000 -0.30619
3.30000 -0.30536
3.35000 -0.30449
3.40000 -0.30357
3.45000 -0.30261
3.50000 -0.30159
3.55000 -0.30051
3.60000 -0.29937
3.65000 -0.29817
3.70000 -0.29691
3.75000 -0.29557
3.80000 -0.29417
3.85000 -0.29269
3.90000 -0.29114
3.95000 -0.28951
4.00000 -0.28781
4.05000 -0.28603
4.10000 -0.28418
4.15000 -0.28225
4.20000 -0.28024
4.25000 -0.27816
4.30000 -0.27600
4.35000 -0.27378
4.40000 -0.27148
4.45000 -0.26912
4.50000 -0.26668
4.55000 -0.26419
4.60000 -0.26163
4.65000 -0.25902
4.70000 -0.25635
4.75000 -0.25364
4.80000 -0.25087
4.85000 -0.24806
4.90000 -0.24521
4.95000 -0.24232
5.00000 -0.23940
5.05000 -0.23645
5.10000 -0.23348
5.15000 -0.23049
5.20000 -0.22747
5.25000 -0.22445
5.30000 -0.22141
5.35000 -0.21837
5.40000 -0.21533
5.45000 -0.21228
5.50000 -0.20924
5.55000 -0.20621
5.60000 -0.20319
5.65000 -0.20018
5.70000 -0.19719
5.75000 -0.19422
5.80000 -0.19127
5.85000 -0.18834
5.90000 -0.18544
5.95000 -0.18257
6.00000 -0.17973
6.05000 -0.17692
6.10000 -0.17414
6.15000 -0.17140
6.20000 -0.16870
6.25000 -0.16603
6.30000 -0.16340
6.35000 -0.16082
6.40000 -0.15827
6.45000 -0.15576
6.50000 -0.15330
6.55000 -0.15087
6.60000 -0.14849
6.65000 -0.14615
6.70000 -0.14386
6.75000 -0.14161
6.80000 -0.13940
6.85000 -0.13723
6.90000 -0.13511
6.95000 -0.13302
7.00000 -0.13098
7.05000 -0.12899
7.10000 -0.12703
7.15000 -0.12511
7.20000 -0.12324
7.25000 -0.12140
7.30000 -0.11961
7.35000 -0.11785
7.40000 -0.11613
7.45000 -0.11445
7.50000 -0.11281
7.55000 -0.11120
7.60000 -0.10963
7.65000 -0.10809
7.70000 -0.10659
7.75000 -0.10512
7.80000 -0.10368
7.85000 -0.10228
7.90000 -0.10090
7.95000 -0.09956
8.00000 -0.09825
8.05000 -0.09697
8.10000 -0.09572
8.15000 -0.09449
8.20000 -0.09329
8.25000 -0.09212
8.30000 -0.09098
8.35000 -0.08986
8.40000 -0.08877
8.45000 -0.08770
8.50000 -0.08665
8.55000 -0.08563
8.60000 -0.08463
8.65000 -0.08365
8.70000 -0.08269
8.75000 -0.08176
8.80000 -0.08084
8.85000 -0.07994
8.90000 -0.07907
8.95000 -0.07821
9.00000 -0.07737
9.05000 -0.07655
9.10000 -0.07574
9.15000 -0.07495
9.20000 -0.07418
9.25000 -0.07343
9.30000 -0.07269
9.35000 -0.07196
9.40000 -0.07125
9.45000 -0.07056
9.50000 -0.06987
9.55000 -0.06921
9.60000 -0.06855
9.65000 -0.06791
9.70000 -0.06728
9.75000 -0.06667
9.80000 -0.06607
9.85000 -0.06547
9.90000 -0.06489
9.95000 -0.06433
10.00000 -0.06377
10.05000 -0.06322
10.10000 -0.06269
10.15000 -0.06216
10.20000 -0.06165
10.25000 -0.06114
10.30000 -0.06064
10.35000 -0.06016
10.40000 -0.05968
10.45000 -0.05921
10.50000 -0.05875
10.55000 -0.05830
10.60000 -0.05786
10.65000 -0.05742
10.70000 -0.05700
10.75000 -0.05658
10.80000 -0.05617
10.85000 -0.05576
10.90000 -0.05537
10.95000 -0.05498
11.00000 -0.05459
11.05000 -0.05422
11.10000 -0.05385
11.15000 -0.05348
11.20000 -0.05312
11.25000 -0.05277
11.30000 -0.05242
11.35000 -0.05208
11.40000 -0.05174
11.45000 -0.05141
11.50000 -0.05108
11.55000 -0.05075
11.60000 -0.05043
11.65000 -0.05012
11.70000 -0.04980
11.75000 -0.04949
11.80000 -0.04919
11.85000 -0.04889
11.90000 -0.04858
11.95000 -0.04829
12.00000 -0.04799
12.05000 -0.04770
12.10000 -0.04741
12.15000 -0.04712
12.20000 -0.04683
12.25000 -0.04654
12.30000 -0.04626
12.35000 -0.04597
12.40000 -0.04569
12.45000 -0.04541
12.50000 -0.04513
12.55000 -0.04485
12.60000 -0.04457
12.65000 -0.04429
12.70000 -0.04401
12.75000 -0.04373
12.80000 -0.04345
12.85000 -0.04317
12.90000 -0.04289
12.95000 -0.04261
13.00000 -0.04233
13.05000 -0.04205
13.10000 -0.04177
13.15000 -0.04150
13.20000 -0.04122
13.25000 -0.04094
13.30000 -0.04066
13.35000 -0.04038
13.40000 -0.04010
13.45000 -0.03982
13.50000 -0.03954
13.55000 -0.03926
13.60000 -0.03898
13.65000 -0.03870
13.70000 -0.03842
13.75000 -0.03814
13.80000 -0.03786
13.85000 -0.03759
13.90000 -0.03731
13.95000 -0.03704
14.00000 -0.03676
14.05000 -0.03649
14.10000 -0.03621
14.15000 -0.03594
14.20000 -0.03567
14.25000 -0.03541
14.30000 -0.03514
14.35000 -0.03487
14.40000 -0.03461
14.45000 -0.03435
14.50000 -0.03409
14.55000 -0.03383
14.60000 -0.03358
14.65000 -0.03332
14.70000 -0.03307
14.75000 -0.03282
14.80000 -0.03258
14.85000 -0.03233
14.90000 -0.03209
14.95000 -0.03185
15.00000 -0.03162
15.05000 -0.03138
15.10000 -0.03115
15.15000 -0.03092
15.20000 -0.03070
15.25000 -0.03047
15.30000 -0.03025
15.35000 -0.03003
15.40000 -0.02982
15.45000 -0.02960
15.50000 -0.02939
15.55000 -0.02918
15.60000 -0.02898
15.65000 -0.02877
15.70000 -0.02857
15.75000 -0.02837
15.80000 -0.02818
15.85000 -0.02798
15.90000 -0.02779
15.95000 -0.02760
16.00000 -0.02741
16.05000 -0.02723
16.10000 -0.02704
16.15000 -0.02686
16.20000 -0.02668
16.25000 -0.02650
16.30000 -0.02632
16.35000 -0.02614
16.40000 -0.02597
16.45000 -0.02580
16.50000 -0.02562
16.55000 -0.02545
16.60000 -0.02528
16.65000 -0.02511
16.70000 -0.02494
16.75000 -0.02478
16.80000 -0.02461
16.85000 -0.02444
16.90000 -0.02428
16.95000 -0.02411
17.00000 -0.02395
17.05000 -0.02378
17.10000 -0.02362
17.15000 -0.02346
17.20000 -0.02329
17.25000 -0.02313
17.30000 -0.02297
17.35000 -0.02281
17.40000 -0.02265
17.45000 -0.02248
17.50000 -0.02232
17.55000 -0.02216
17.60000 -0.02200
17.65000 -0.02184
17.70000 -0.02168
17.75000 -0.02152
17.80000 -0.02136
17.85000 -0.02120
17.90000 -0.02104
17.95000 -0.02088
18.00000 -0.02072
18.05000 -0.02057
18.10000 -0.02041
18.15000 -0.02025
18.20000 -0.02009
18.25000 -0.01994
18.30000 -0.01978
18.35000 -0.01962
18.40000 -0.01947
18.45000 -0.01931
18.50000 -0.01916
18.55000 -0.01901
18.60000 -0.01886
18.65000 -0.01870
18.70000 -0.01855
18.75000 -0.01840
18.80000 -0.01825
18.85000 -0.01811
18.90000 -0.01796
18.95000 -0.01781
19.00000 -0.01767
19.05000 -0.01753
19.10000 -0.01738
19.15000 -0.01724
19.20000 -0.01710
19.25000 -0.01696
19.30000 -0.01682
19.35000 -0.01669
19.40000 -0.01655
19.45000 -0.01642
19.50000 -0.01629
19.55000 -0.01615
19.60000 -0.01602
19.65000 -0.01590
19.70000 -0.01577
19.75000 -0.01564
19.80000 -0.01552
19.85000 -0.01540
19.90000 -0.01527
19.95000 -0.01515
20.00000 -0.01503
