-20.00000 -0.02043
-19.95000 -0.02057
-19.90000 -0.02071
-19.85000 -0.02085
-19.80000 -0.02099
-19.75000 -0.02113
-19.70000 -0.02128
-19.65000 -0.02142
-19.60000 -0.02157
-19.55000 -0.02172
-19.50000 -0.02187
-19.45000 -0.02202
-19.40000 -0.02218
-19.35000 -0.02233
-19.30000 -0.02249
-19.25000 -0.02265
-19.20000 -0.02281
-19.15000 -0.02297
-19.10000 -0.02314
-19.05000 -0.02330
-19.00000 -0.02347
-18.95000 -0.02364
-18.90000 -0.02381
-18.85000 -0.02398
-18.80000 -0.02415
-18.75000 -0.02433
-18.70000 -0.02451
-18.65000 -0.02468
-18.60000 -0.02486
-18.55000 -0.02505
-18.50000 -0.02523
-18.45000 -0.02541
-18.40000 -0.02560
-18.35000 -0.02579
-18.30000 -0.02598
-18.25000 -0.02617
-18.20000 -0.02636
-18.15000 -0.02656
-18.10000 -0.02675
-18.05000 -0.02695
-18.00000 -0.02715
-17.95000 -0.02735
-17.90000 -0.02755
-17.85000 -0.02775
-17.80000 -0.02796
-17.75000 -0.02816
-17.70000 -0.02837
-17.65000 -0.02858
-17.60000 -0.02879
-17.55000 -0.02901
-17.50000 -0.02922
-17.45000 -0.02944
-17.40000 -0.02965
-17.35000 -0.02987
-17.30000 -0.03010
-17.25000 -0.03032
-17.20000 -0.03054
-17.15000 -0.03077
-17.10000 -0.03100
-17.05000 -0.03123
-17.00000 -0.03147
-16.95000 -0.03170
-16.90000 -0.03194
-16.85000 -0.03218
-16.80000 -0.03242
-16.75000 -0.03267
-16.70000 -0.03292
-16.65000 -0.03317
-16.60000 -0.03342
-16.55000 -0.03368
-16.50000 -0.03394
-16.45000 -0.03421
-16.40000 -0.03448
-16.35000 -0.03475
-16.30000 -0.03502
-16.25000 -0.03530
-16.20000 -0.03558
-16.15000 -0.03587
-16.10000 -0.03616
-16.05000 -0.03646
-16.00000 -0.03676
-15.95000 -0.03707
-15.90000 -0.03738
-15.85000 -0.03769
-15.80000 -0.03801
-15.75000 -0.03834
-15.70000 -0.03867
-15.65000 -0.03901
-15.60000 -0.03935
-15.55000 -0.03970
-15.50000 -0.04005
-15.45000 -0.04041
-15.40000 -0.04078
-15.35000 -0.04115
-15.30000 -0.04153
-15.25000 -0.04192
-15.20000 -0.04231
-15.15000 -0.04271
-15.10000 -0.04312
-15.05000 -0.04353
-15.00000 -0.04395
-14.95000 -0.04438
-14.90000 -0.04482
-14.85000 -0.04526
-14.80000 -0.04571
-14.75000 -0.04617
-14.70000 -0.04663
-14.65000 -0.04711
-14.60000 -0.04759
-14.55000 -0.04807
-14.50000 -0.04857
-14.45000 -0.04907
-14.40000 -0.04958
-14.35000 -0.05010
-14.30000 -0.05062
-14.25000 -0.05116
-14.20000 -0.05170
-14.15000 -0.05224
-14.10000 -0.05280
-14.05000 -0.05336
-14.00000 -0.05393
-13.95000 -0.05450
-13.90000 -0.05508
-13.85000 -0.05567
-13.80000 -0.05627
-13.75000 -0.05687
-13.70000 -0.05748
-13.65000 -0.05809
-13.60000 -0.05871
-13.55000 -0.05934
-13.50000 -0.05997
-13.45000 -0.06061
-13.40000 -0.06125
-13.35000 -0.06190
-13.30000 -0.06256
-13.25000 -0.06322
-13.20000 -0.06389
-13.15000 -0.06456
-13.10000 -0.06524
-13.05000 -0.06592
-13.00000 -0.06661
-12.95000 -0.06730
-12.90000 -0.06801
-12.85000 -0.06871
-12.80000 -0.06943
-12.75000 -0.07015
-12.70000 -0.07088
-12.65000 -0.07161
-12.60000 -0.07236
-12.55000 -0.07311
-12.50000 -0.07387
-12.45000 -0.07464
-12.40000 -0.07542
-12.35000 -0.07621
-12.30000 -0.07702
-12.25000 -0.07783
-12.20000 -0.07866
-12.15000 -0.07950
-12.10000 -0.08035
-12.05000 -0.08123
-12.00000 -0.08211
-11.95000 -0.08302
-11.90000 -0.08394
-11.85000 -0.08489
-11.80000 -0.08585
-11.75000 -0.08684
-11.70000 -0.08785
-11.65000 -0.08889
-11.60000 -0.08996
-11.55000 -0.09105
-11.50000 -0.09217
-11.45000 -0.09333
-11.40000 -0.09451
-11.35000 -0.09574
-11.30000 -0.09700
-11.25000 -0.09830
-11.20000 -0.09965
-11.15000 -0.10103
-11.10000 -0.10247
-11.05000 -0.10396
-11.00000 -0.10550
-10.95000 -0.10709
-10.90000 -0.10875
-10.85000 -0.11046
-10.80000 -0.11225
-10.75000 -0.11410
-10.70000 -0.11604
-10.65000 -0.11805
-10.60000 -0.12015
-10.55000 -0.12234
-10.50000 -0.12463
-10.45000 -0.12702
-10.40000 -0.12952
-10.35000 -0.13214
-10.30000 -0.13489
-10.25000 -0.13778
-10.20000 -0.14081
-10.15000 -0.14399
-10.10000 -0.14733
-10.05000 -0.15086
-10.00000 -0.15456
-9.95000 -0.15847
-9.90000 -0.16259
-9.85000 -0.16693
-9.80000 -0.17151
-9.75000 -0.17634
-9.70000 -0.18143
-9.65000 -0.18680
-9.60000 -0.19247
-9.55000 -0.19844
-9.50000 -0.20474
-9.45000 -0.21136
-9.40000 -0.21834
-9.35000 -0.22567
-9.30000 -0.23337
-9.25000 -0.24145
-9.20000 -0.24992
-9.15000 -0.25878
-9.10000 -0.26805
-9.05000 -0.27772
-9.00000 -0.28779
-8.95000 -0.29827
-8.90000 -0.30915
-8.85000 -0.32043
-8.80000 -0.33211
-8.75000 -0.34416
-8.70000 -0.35659
-8.65000 -0.36937
-8.60000 -0.38250
-8.55000 -0.39594
-8.50000 -0.40970
-8.45000 -0.42374
-8.40000 -0.43804
-8.35000 -0.45258
-8.30000 -0.46733
-8.25000 -0.48228
-8.20000 -0.49739
-8.15000 -0.51265
-8.10000 -0.52803
-8.05000 -0.54351
-8.00000 -0.55906
-7.95000 -0.57467
-7.90000 -0.59033
-7.85000 -0.60600
-7.80000 -0.62169
-7.75000 -0.63737
-7.70000 -0.65305
-7.65000 -0.66871
-7.60000 -0.68436
-7.55000 -0.69999
-7.50000 -0.71561
-7.45000 -0.73121
-7.40000 -0.74682
-7.35000 -0.76244
-7.30000 -0.77808
-7.25000 -0.79376
-7.20000 -0.80950
-7.15000 -0.82530
-7.10000 -0.84119
-7.05000 -0.85718
-7.00000 -0.87329
-6.95000 -0.88953
-6.90000 -0.90590
-6.85000 -0.92243
-6.80000 -0.93910
-6.75000 -0.95591
-6.70000 -0.97286
-6.65000 -0.98992
-6.60000 -1.00707
-6.55000 -1.02428
-6.50000 -1.04151
-6.45000 -1.05869
-6.40000 -1.07578
-6.35000 -1.09269
-6.30000 -1.10935
-6.25000 -1.12567
-6.20000 -1.14155
-6.15000 -1.15689
-6.10000 -1.17157
-6.05000 -1.18548
-6.00000 -1.19849
-5.95000 -1.21050
-5.90000 -1.22138
-5.85000 -1.23100
-5.80000 -1.23926
-5.75000 -1.24605
-5.70000 -1.25127
-5.65000 -1.25482
-5.60000 -1.25664
-5.55000 -1.25665
-5.50000 -1.25481
-5.45000 -1.25109
-5.40000 -1.24546
-5.35000 -1.23793
-5.30000 -1.22852
-5.25000 -1.21726
-5.20000 -1.20420
-5.15000 -1.18942
-5.10000 -1.17300
-5.05000 -1.15505
-5.00000 -1.13566
-4.95000 -1.11498
-4.90000 -1.09312
-4.85000 -1.07023
-4.80000 -1.04646
-4.75000 -1.02196
-4.70000 -0.99688
-4.65000 -0.97137
-4.60000 -0.94557
-4.55000 -0.91964
-4.50000 -0.89372
-4.45000 -0.86793
-4.40000 -0.84240
-4.35000 -0.81724
-4.30000 -0.79257
-4.25000 -0.76848
-4.20000 -0.74505
-4.15000 -0.72236
-4.10000 -0.70047
-4.05000 -0.67943
-4.00000 -0.65928
-3.95000 -0.64007
-3.90000 -0.62180
-3.85000 -0.60449
-3.80000 -0.58816
-3.75000 -0.57279
-3.70000 -0.55838
-3.65000 -0.54492
-3.60000 -0.53239
-3.55000 -0.52077
-3.50000 -0.51003
-3.45000 -0.50014
-3.40000 -0.49107
-3.35000 -0.48280
-3.30000 -0.47528
-3.25000 -0.46848
-3.20000 -0.46237
-3.15000 -0.45692
-3.10000 -0.45210
-3.05000 -0.44786
-3.00000 -0.44419
-2.95000 -0.44105
-2.90000 -0.43841
-2.85000 -0.43625
-2.80000 -0.43454
-2.75000 -0.43326
-2.70000 -0.43238
-2.65000 -0.43188
-2.60000 -0.43174
-2.55000 -0.43195
-2.50000 -0.43249
-2.45000 -0.43333
-2.40000 -0.43447
-2.35000 -0.43590
-2.30000 -0.43759
-2.25000 -0.43955
-2.20000 -0.44175
-2.15000 -0.44420
-2.10000 -0.44687
-2.05000 -0.44977
-2.00000 -0.45289
-1.95000 -0.45622
-1.90000 -0.45976
-1.85000 -0.46350
-1.80000 -0.46745
-1.75000 -0.47160
-1.70000 -0.47596
-1.65000 -0.48052
-1.60000 -0.48528
-1.55000 -0.49026
-1.50000 -0.49546
-1.45000 -0.50088
-1.40000 -0.50654
-1.35000 -0.51245
-1.30000 -0.51862
-1.25000 -0.52506
-1.20000 -0.53180
-1.15000 -0.53886
-1.10000 -0.54626
-1.05000 -0.55403
-1.00000 -0.56219
-0.95000 -0.57079
-0.90000 -0.57985
-0.85000 -0.58942
-0.80000 -0.59953
-0.75000 -0.61024
-0.70000 -0.62158
-0.65000 -0.63362
-0.60000 -0.64640
-0.55000 -0.65997
-0.50000 -0.67439
-0.45000 -0.68971
-0.40000 -0.70598
-0.35000 -0.72326
-0.30000 -0.74159
-0.25000 -0.76102
-0.20000 -0.78157
-0.15000 -0.80329
-0.10000 -0.82619
-0.05000 -0.85029
0.00000 -0.87557
0.05000 -0.90203
0.10000 -0.92963
0.15000 -0.95833
0.20000 -0.98807
0.25000 -1.01877
0.30000 -1.05032
0.35000 -1.08260
0.40000 -1.11549
0.45000 -1.14883
0.50000 -1.18244
0.55000 -1.21614
0.60000 -1.24973
0.65000 -1.28300
0.70000 -1.31573
0.75000 -1.34770
0.80000 -1.37869
0.85000 -1.40847
0.90000 -1.43683
0.95000 -1.46357
1.00000 -1.48850
1.05000 -1.51145
1.10000 -1.53226
1.15000 -1.55081
1.20000 -1.56700
1.25000 -1.58078
1.30000 -1.59209
1.35000 -1.60093
1.40000 -1.60733
1.45000 -1.61135
1.50000 -1.61306
1.55000 -1.61259
1.60000 -1.61008
1.65000 -1.60567
1.70000 -1.59955
1.75000 -1.59191
1.80000 -1.58293
1.85000 -1.57282
1.90000 -1.56178
1.95000 -1.55000
2.00000 -1.53767
2.05000 -1.52494
2.10000 -1.51197
2.15000 -1.49888
2.20000 -1.48580
2.25000 -1.47279
2.30000 -1.45991
2.35000 -1.44720
2.40000 -1.43466
2.45000 -1.42227
2.50000 -1.41000
2.55000 -1.39779
2.60000 -1.38557
2.65000 -1.37324
2.70000 -1.36071
2.75000 -1.34789
2.80000 -1.33466
2.85000 -1.32092
2.90000 -1.30658
2.95000 -1.29155
3.00000 -1.27574
3.05000 -1.25909
3.10000 -1.24156
3.15000 -1.22310
3.20000 -1.20370
3.25000 -1.18335
3.30000 -1.16209
3.35000 -1.13995
3.40000 -1.11697
3.45000 -1.09322
3.50000 -1.06878
3.55000 -1.04375
3.60000 -1.01822
3.65000 -0.99230
3.70000 -0.96609
3.75000 -0.93972
3.80000 -0.91329
3.85000 -0.88691
3.90000 -0.86069
3.95000 -0.83474
4.00000 -0.80914
4.05000 -0.78398
4.10000 -0.75933
4.15000 -0.73528
4.20000 -0.71187
4.25000 -0.68915
4.30000 -0.66717
4.35000 -0.64594
4.40000 -0.62549
4.45000 -0.60584
4.50000 -0.58698
4.55000 -0.56891
4.60000 -0.55162
4.65000 -0.53509
4.70000 -0.51931
4.75000 -0.50426
4.80000 -0.48989
4.85000 -0.47620
4.90000 -0.46314
4.95000 -0.45068
5.00000 -0.43879
5.05000 -0.42745
5.10000 -0.41661
5.15000 -0.40625
5.20000 -0.39634
5.25000 -0.38685
5.30000 -0.37775
5.35000 -0.36901
5.40000 -0.36063
5.45000 -0.35256
5.50000 -0.34479
5.55000 -0.33731
5.60000 -0.33008
5.65000 -0.32311
5.70000 -0.31637
5.75000 -0.30984
5.80000 -0.30353
5.85000 -0.29741
5.90000 -0.29147
5.95000 -0.28571
6.00000 -0.28012
6.05000 -0.27468
6.10000 -0.26940
6.15000 -0.26427
6.20000 -0.25927
6.25000 -0.25441
6.30000 -0.24968
6.35000 -0.24508
6.40000 -0.24059
6.45000 -0.23622
6.50000 -0.23196
6.55000 -0.22782
6.60000 -0.22378
6.65000 -0.21984
6.70000 -0.21600
6.75000 -0.21226
6.80000 -0.20861
6.85000 -0.20505
6.90000 -0.20159
6.95000 -0.19821
7.00000 -0.19491
7.05000 -0.19170
7.10000 -0.18856
7.15000 -0.18551
7.20000 -0.18253
7.25000 -0.17962
7.30000 -0.17679
7.35000 -0.17403
7.40000 -0.17133
7.45000 -0.16870
7.50000 -0.16614
7.55000 -0.16363
7.60000 -0.16119
7.65000 -0.15881
7.70000 -0.15649
7.75000 -0.15422
7.80000 -0.15201
7.85000 -0.14985
7.90000 -0.14775
7.95000 -0.14569
8.00000 -0.14369
8.05000 -0.14173
8.10000 -0.13982
8.15000 -0.13795
8.20000 -0.13613
8.25000 -0.13435
8.30000 -0.13262
8.35000 -0.13092
8.40000 -0.12927
8.45000 -0.12765
8.50000 -0.12607
8.55000 -0.12453
8.60000 -0.12303
8.65000 -0.12155
8.70000 -0.12012
8.75000 -0.11871
8.80000 -0.11734
8.85000 -0.11600
8.90000 -0.11469
8.95000 -0.11341
9.00000 -0.11216
9.05000 -0.11094
9.10000 -0.10974
9.15000 -0.10857
9.20000 -0.10743
9.25000 -0.10632
9.30000 -0.10523
9.35000 -0.10416
9.40000 -0.10312
9.45000 -0.10210
9.50000 -0.10110
9.55000 -0.10013
9.60000 -0.09918
9.65000 -0.09825
9.70000 -0.09735
9.75000 -0.09646
9.80000 -0.09560
9.85000 -0.09475
9.90000 -0.09393
9.95000 -0.09312
10.00000 -0.09234
10.05000 -0.09157
10.10000 -0.09083
10.15000 -0.09010
10.20000 -0.08939
10.25000 -0.08870
10.30000 -0.08803
10.35000 -0.08738
10.40000 -0.08674
10.45000 -0.08612
10.50000 -0.08553
10.55000 -0.08495
10.60000 -0.08438
10.65000 -0.08384
10.70000 -0.08332
10.75000 -0.08281
10.80000 -0.08232
10.85000 -0.08185
10.90000 -0.08140
10.95000 -0.08097
11.00000 -0.08056
11.05000 -0.08017
11.10000 -0.07979
11.15000 -0.07944
11.20000 -0.07911
11.25000 -0.07879
11.30000 -0.07850
11.35000 -0.07823
11.40000 -0.07798
11.45000 -0.07775
11.50000 -0.07754
11.55000 -0.07735
11.60000 -0.07718
11.65000 -0.07703
11.70000 -0.07691
11.75000 -0.07680
11.80000 -0.07672
11.85000 -0.07665
11.90000 -0.07661
11.95000 -0.07658
12.00000 -0.07657
12.05000 -0.07658
12.10000 -0.07660
12.15000 -0.07664
12.20000 -0.07670
12.25000 -0.07677
12.30000 -0.07685
12.35000 -0.07694
12.40000 -0.07705
12.45000 -0.07716
12.50000 -0.07728
12.55000 -0.07741
12.60000 -0.07754
12.65000 -0.07768
12.70000 -0.07782
12.75000 -0.07796
12.80000 -0.07811
12.85000 -0.07826
12.90000 -0.07841
12.95000 -0.07856
13.00000 -0.07871
13.05000 -0.07886
13.10000 -0.07901
13.15000 -0.07917
13.20000 -0.07932
13.25000 -0.07948
13.30000 -0.07965
13.35000 -0.07982
13.40000 -0.08000
13.45000 -0.08018
13.50000 -0.08037
13.55000 -0.08058
13.60000 -0.08079
13.65000 -0.08102
13.70000 -0.08125
13.75000 -0.08150
13.80000 -0.08176
13.85000 -0.08203
13.90000 -0.08232
13.95000 -0.08261
14.00000 -0.08292
14.05000 -0.08323
14.10000 -0.08355
14.15000 -0.08387
14.20000 -0.08419
14.25000 -0.08450
14.30000 -0.08481
14.35000 -0.08511
14.40000 -0.08540
14.45000 -0.08567
14.50000 -0.08591
14.55000 -0.08613
14.60000 -0.08632
14.65000 -0.08647
14.70000 -0.08658
14.75000 -0.08665
14.80000 -0.08667
14.85000 -0.08664
14.90000 -0.08656
14.95000 -0.08642
15.00000 -0.08622
15.05000 -0.08597
15.10000 -0.08566
15.15000 -0.08529
15.20000 -0.08486
15.25000 -0.08437
15.30000 -0.08383
15.35000 -0.08323
15.40000 -0.08257
15.45000 -0.08187
15.50000 -0.08112
15.55000 -0.08032
15.60000 -0.07949
15.65000 -0.07861
15.70000 -0.07771
15.75000 -0.07677
15.80000 -0.07581
15.85000 -0.07483
15.90000 -0.07383
15.95000 -0.07282
16.00000 -0.07179
16.05000 -0.07076
16.10000 -0.06972
16.15000 -0.06868
16.20000 -0.06764
16.25000 -0.06660
16.30000 -0.06557
16.35000 -0.06454
16.40000 -0.06353
16.45000 -0.06252
16.50000 -0.06151
16.55000 -0.06052
16.60000 -0.05955
16.65000 -0.05858
16.70000 -0.05762
16.75000 -0.05668
16.80000 -0.05575
16.85000 -0.05483
16.90000 -0.05393
16.95000 -0.05304
17.00000 -0.05216
17.05000 -0.05129
17.10000 -0.05044
17.15000 -0.04960
17.20000 -0.04878
17.25000 -0.04797
17.30000 -0.04717
17.35000 -0.04639
17.40000 -0.04562
17.45000 -0.04487
17.50000 -0.04413
17.55000 -0.04341
17.60000 -0.04271
17.65000 -0.04202
17.70000 -0.04134
17.75000 -0.04068
17.80000 -0.04004
17.85000 -0.03941
17.90000 -0.03880
17.95000 -0.03820
18.00000 -0.03762
18.05000 -0.03706
18.10000 -0.03651
18.15000 -0.03598
18.20000 -0.03546
18.25000 -0.03495
18.30000 -0.03446
18.35000 -0.03398
18.40000 -0.03352
18.45000 -0.03307
18.50000 -0.03264
18.55000 -0.03221
18.60000 -0.03180
18.65000 -0.03140
18.70000 -0.03101
18.75000 -0.03063
18.80000 -0.03026
18.85000 -0.02990
18.90000 -0.02955
18.95000 -0.02921
19.00000 -0.02888
19.05000 -0.02856
19.10000 -0.02824
19.15000 -0.02793
19.20000 -0.02763
19.25000 -0.02734
19.30000 -0.02705
19.35000 -0.02677
19.40000 -0.02650
19.45000 -0.02623
19.50000 -0.02597
19.55000 -0.02572
19.60000 -0.02547
19.65000 -0.02522
19.70000 -0.02498
19.75000 -0.02475
19.80000 -0.02452
19.85000 -0.02429
19.90000 -0.02407
19.95000 -0.02385
20.00000 -0.02364
