-77.76414 -0.00000
-77.47248 -0.00000
-76.14190 -0.00000
-76.11484 -0.00000
-75.71786 -0.00000
-74.52606 -0.00000
-64.05352 -0.00002
-62.95216 -0.00000
-62.95208 -0.00000
-62.73418 -0.00000
-62.42185 -0.00000
-62.18529 -0.00000
-61.75972 -0.00001
-61.25819 -0.00000
-61.25809 -0.00000
-60.95330 -0.00001
-60.81377 -0.00003
-60.81226 -0.00000
-60.77728 -0.00000
-60.68825 -0.00000
-60.60361 -0.00000
-60.59318 -0.00000
-60.44545 -0.00000
-60.40784 -0.00000
-60.31091 -0.00000
-60.22307 -0.00000
-59.80197 -0.00000
-59.56512 -0.00000
-59.50264 -0.00001
-59.46396 -0.00000
-58.93337 -0.00000
-58.80949 -0.00000
-58.77795 -0.00000
-58.75900 -0.00000
-58.69701 -0.00000
-58.61871 -0.00000
-58.42359 -0.00000
-58.33578 -0.00000
-58.26477 -0.00000
-58.09315 -0.00000
-58.09307 -0.00000
-58.01756 -0.00000
-57.97610 -0.00000
-57.95744 -0.00000
-57.93732 -0.00000
-57.90316 -0.00000
-57.90313 -0.00000
-57.83750 -0.00000
-57.73557 -0.00000
-57.65327 -0.00000
-57.65313 -0.00000
-57.60239 -0.00000
-57.58795 -0.00001
-57.49967 -0.00000
-57.44831 -0.00000
-57.39525 -0.00000
-57.27685 -0.00001
-57.26804 -0.00000
-57.09474 -0.00004
-56.80505 -0.00000
-56.75665 -0.00000
-56.70509 -0.00000
-56.63525 -0.00000
-56.63514 -0.00000
-56.63291 -0.00000
-56.57195 -0.00000
-56.55046 -0.00000
-56.53819 -0.00000
-56.45921 -0.00000
-56.45913 -0.00000
-56.41950 -0.00000
-56.40987 -0.00000
-56.35055 -0.00000
-56.30216 -0.00000
-56.26434 -0.00000
-56.25858 -0.00000
-56.14682 -0.00000
-56.09360 -0.00000
-56.05021 -0.00000
-56.04027 -0.00000
-56.03539 -0.00000
-56.02920 -0.00000
-55.90417 -0.00000
-55.89374 -0.00000
-55.83041 -0.00000
-55.76888 -0.00000
-55.76293 -0.00000
-55.76042 -0.00000
-55.70540 -0.00000
-55.68143 -0.00000
-55.67072 -0.00000
-55.60995 -0.00000
-55.58363 -0.00000
-55.57627 -0.00000
-55.57313 -0.00000
-55.49463 -0.00000
-55.44450 -0.00000
-55.39851 -0.00000
-55.36652 -0.00000
-55.34699 -0.00001
-55.33073 -0.00000
-55.29501 -0.00000
-55.25871 -0.00000
-55.23605 -0.00000
-55.18739 -0.00000
-55.12492 -0.00000
-55.02357 -0.00000
-55.00161 -0.00000
-54.97463 -0.00000
-54.96567 -0.00000
-54.92702 -0.00000
-54.92149 -0.00000
-54.87836 -0.00000
-54.84205 -0.00000
-54.84088 -0.00000
-54.83885 -0.00000
-54.79317 -0.00000
-54.79313 -0.00000
-54.77488 -0.00000
-54.73913 -0.00000
-54.71065 -0.00000
-54.66762 -0.00000
-54.60977 -0.00000
-54.58126 -0.00000
-54.56175 -0.00000
-54.56052 -0.00000
-54.52494 -0.00004
-54.50150 -0.00000
-54.46778 -0.00000
-54.42936 -0.00000
-54.42092 -0.00000
-54.41726 -0.00000
-54.35237 -0.00000
-54.30223 -0.00000
-54.26127 -0.00000
-54.20910 -0.00000
-54.16734 -0.00000
-54.16603 -0.00000
-54.16039 -0.00000
-54.15797 -0.00000
-54.12047 -0.00000
-54.08762 -0.00000
-54.06019 -0.00000
-54.04399 -0.00000
-54.01933 -0.00000
-54.01585 -0.00000
-54.00689 -0.00000
-53.98878 -0.00000
-53.96407 -0.00000
-53.90199 -0.00000
-53.86333 -0.00000
-53.85781 -0.00000
-53.85542 -0.00000
-53.82091 -0.00000
-53.76336 -0.00000
-53.72488 -0.00000
-53.71378 -0.00000
-53.71149 -0.00000
-53.69056 -0.00000
-53.68906 -0.00000
-53.65789 -0.00000
-53.65189 -0.00000
-53.63997 -0.00000
-53.61855 -0.00000
-53.53504 -0.00000
-53.53364 -0.00000
-53.53263 -0.00000
-53.51232 -0.00000
-53.46668 -0.00000
-53.46183 -0.00000
-53.44466 -0.00000
-53.41525 -0.00000
-53.34364 -0.00000
-53.32572 -0.00000
-53.31207 -0.00000
-53.29459 -0.00000
-53.28217 -0.00000
-53.27758 -0.00000
-53.21404 -0.00000
-53.21302 -0.00000
-53.19598 -0.00000
-53.18547 -0.00000
-53.17259 -0.00000
-53.16654 -0.00000
-53.11405 -0.00000
-53.07577 -0.00000
-53.06021 -0.00000
-53.05677 -0.00000
-53.05462 -0.00000
-53.03864 -0.00000
-53.00497 -0.00000
-52.97943 -0.00000
-52.90876 -0.00000
-52.89274 -0.00000
-52.85592 -0.00000
-52.84587 -0.00000
-52.81044 -0.00001
-52.77695 -0.00000
-52.66733 -0.00000
-52.61240 -0.00000
-52.56443 -0.00000
-52.55404 -0.00000
-52.54126 -0.00000
-52.53973 -0.00000
-52.53872 -0.00000
-52.52750 -0.00000
-52.48131 -0.00000
-52.42843 -0.00000
-52.30398 -0.00000
-52.29771 -0.00000
-52.29462 -0.00000
-52.26349 -0.00000
-52.25752 -0.00000
-52.24368 -0.00000
-52.24192 -0.00000
-52.24061 -0.00000
-52.19415 -0.00000
-52.19411 -0.00000
-52.15466 -0.00000
-52.15166 -0.00001
-52.13689 -0.00000
-52.08976 -0.00000
-52.05877 -0.00000
-52.03022 -0.00000
-52.02668 -0.00000
-52.00997 -0.00000
-51.99821 -0.00000
-51.98531 -0.00000
-51.93943 -0.00000
-51.93731 -0.00000
-51.89925 -0.00000
-51.89281 -0.00000
-51.83810 -0.00000
-51.82379 -0.00000
-51.81380 -0.00000
-51.81179 -0.00000
-51.80441 -0.00000
-51.73566 -0.00000
-51.71633 -0.00000
-51.64151 -0.00000
-51.60155 -0.00000
-51.49747 -0.00000
-51.49009 -0.00000
-51.48688 -0.00000
-51.40973 -0.00000
-51.39317 -0.00000
-51.39137 -0.00000
-51.39017 -0.00000
-51.36715 -0.00000
-51.36704 -0.00000
-51.35444 -0.00000
-51.33005 -0.00000
-51.26595 -0.00000
-51.25217 -0.00000
-51.24403 -0.00000
-51.21874 -0.00000
-51.20605 -0.00000
-51.19483 -0.00000
-51.11092 -0.00000
-51.10985 -0.00000
-51.10905 -0.00000
-51.05479 -0.00000
-51.00665 -0.00000
-51.00327 -0.00000
-50.97224 -0.00000
-50.94998 -0.00000
-50.94311 -0.00000
-50.92919 -0.00000
-50.92912 -0.00000
-50.90401 -0.00000
-50.88354 -0.00000
-50.85744 -0.00000
-50.85078 -0.00000
-50.84400 -0.00000
-50.82978 -0.00000
-50.81710 -0.00000
-50.81242 -0.00000
-50.80266 -0.00000
-50.80151 -0.00000
-50.80073 -0.00000
-50.77621 -0.00002
-50.76269 -0.00000
-50.71878 -0.00000
-50.67811 -0.00000
-50.65788 -0.00000
-50.63091 -0.00000
-50.56856 -0.00000
-50.56207 -0.00000
-50.53896 -0.00000
-50.52526 -0.00000
-50.52509 -0.00000
-50.49847 -0.00000
-50.49531 -0.00000
-50.47918 -0.00000
-50.47906 -0.00000
-50.46480 -0.00000
-50.44524 -0.00000
-50.44473 -0.00000
-50.43240 -0.00000
-50.40319 -0.00000
-50.40307 -0.00000
-50.40076 -0.00000
-50.39319 -0.00000
-50.39150 -0.00000
-50.34498 -0.00000
-50.32548 -0.00000
-50.29158 -0.00000
-50.28049 -0.00000
-50.26743 -0.00000
-50.19635 -0.00000
-50.19526 -0.00000
-50.14987 -0.00000
-50.11105 -0.00000
-50.06847 -0.00000
-50.05494 -0.00000
-50.04462 -0.00000
-50.04018 -0.00000
-50.04011 -0.00000
-50.00365 -0.00000
-50.00012 -0.00000
-49.97856 -0.00000
-49.96100 -0.00000
-49.95417 -0.00000
-49.91302 -0.00000
-49.90466 -0.00000
-49.89767 -0.00000
-49.86166 -0.00000
-49.81142 -0.00000
-49.78370 -0.00000
-49.75517 -0.00000
-49.75509 -0.00000
-49.74187 -0.00000
-49.73629 -0.00000
-49.63747 -0.00000
-49.61594 -0.00000
-49.58984 -0.00000
-49.56573 -0.00000
-49.56478 -0.00000
-49.54964 -0.00000
-49.46748 -0.00000
-49.46703 -0.00000
-49.39501 -0.00000
-49.37056 -0.00000
-49.32693 -0.00000
-49.29897 -0.00000
-49.29248 -0.00000
-49.28512 -0.00000
-49.27013 -0.00000
-49.23807 -0.00000
-49.23469 -0.00000
-49.23278 -0.00000
-49.22614 -0.00000
-49.18153 -0.00000
-49.15766 -0.00000
-49.15693 -0.00000
-49.14661 -0.00000
-49.14453 -0.00000
-49.12066 -0.00000
-49.06276 -0.00000
-49.02486 -0.00000
-48.98624 -0.00000
-48.97902 -0.00000
-48.92458 -0.00000
-48.90797 -0.00000
-48.87679 -0.00000
-48.84558 -0.00000
-48.82195 -0.00000
-48.76847 -0.00000
-48.75327 -0.00000
-48.74721 -0.00000
-48.73792 -0.00000
-48.73209 -0.00000
-48.71083 -0.00000
-48.67866 -0.00000
-48.65190 -0.00000
-48.64649 -0.00000
-48.63438 -0.00000
-48.62315 -0.00000
-48.62313 -0.00000
-48.61369 -0.00000
-48.60224 -0.00000
-48.59294 -0.00000
-48.59069 -0.00000
-48.56351 -0.00000
-48.55816 -0.00000
-48.55813 -0.00000
-48.55492 -0.00000
-48.54958 -0.00000
-48.53895 -0.00000
-48.51674 -0.00000
-48.51444 -0.00000
-48.50221 -0.00000
-48.48295 -0.00000
-48.43669 -0.00000
-48.41080 -0.00000
-48.40167 -0.00000
-48.39728 -0.00000
-48.39367 -0.00000
-48.39274 -0.00000
-48.36314 -0.00000
-48.34811 -0.00000
-48.31906 -0.00000
-48.23466 -0.00000
-48.18772 -0.00000
-48.16356 -0.00000
-48.14056 -0.00000
-48.13653 -0.00000
-48.11610 -0.00000
-48.08547 -0.00000
-48.06715 -0.00000
-48.06712 -0.00000
-48.04881 -0.00000
-48.01130 -0.00000
-47.92567 -0.00000
-47.91164 -0.00000
-47.89273 -0.00000
-47.89082 -0.00000
-47.87265 -0.00000
-47.85854 -0.00000
-47.84422 -0.00000
-47.84145 -0.00000
-47.82408 -0.00000
-47.76635 -0.00000
-47.75877 -0.00000
-47.74844 -0.00000
-47.73768 -0.00000
-47.73449 -0.00000
-47.70901 -0.00000
-47.70799 -0.00000
-47.70498 -0.00000
-47.69903 -0.00000
-47.67091 -0.00000
-47.65318 -0.00000
-47.65126 -0.00000
-47.63628 -0.00000
-47.57121 -0.00000
-47.56026 -0.00000
-47.52848 -0.00000
-47.48450 -0.00000
-47.47773 -0.00000
-47.45280 -0.00000
-47.43164 -0.00000
-47.42121 -0.00000
-47.42110 -0.00000
-47.41864 -0.00000
-47.40525 -0.00000
-47.40343 -0.00000
-47.39953 -0.00000
-47.38951 -0.00000
-47.36184 -0.00000
-47.34225 -0.00000
-47.32986 -0.00000
-47.30531 -0.00000
-47.29738 -0.00000
-47.29378 -0.00000
-47.27492 -0.00000
-47.25447 -0.00000
-47.24274 -0.00000
-47.23587 -0.00000
-47.21976 -0.00000
-47.18443 -0.00000
-47.12885 -0.00000
-47.11659 -0.00000
-47.09023 -0.00000
-47.04398 -0.00000
-47.02192 -0.00000
-47.00036 -0.00000
-46.96874 -0.00000
-46.96098 -0.00000
-46.93031 -0.00000
-46.92232 -0.00000
-46.91403 -0.00000
-46.91205 -0.00000
-46.89518 -0.00000
-46.89512 -0.00000
-46.88876 -0.00000
-46.88422 -0.00000
-46.87656 -0.00000
-46.85740 -0.00000
-46.84910 -0.00000
-46.84037 -0.00000
-46.83035 -0.00000
-46.82015 -0.00000
-46.82011 -0.00000
-46.81219 -0.00000
-46.81059 -0.00000
-46.80796 -0.00000
-46.79477 -0.00000
-46.76582 -0.00000
-46.75233 -0.00000
-46.74343 -0.00000
-46.73521 -0.00000
-46.69837 -0.00000
-46.69568 -0.00000
-46.69482 -0.00000
-46.68538 -0.00000
-46.68069 -0.00000
-46.65945 -0.00000
-46.65885 -0.00000
-46.64906 -0.00000
-46.62497 -0.00000
-46.58616 -0.00000
-46.58518 -0.00000
-46.56978 -0.00000
-46.56646 -0.00000
-46.56438 -0.00000
-46.55688 -0.00000
-46.52730 -0.00000
-46.52127 -0.00000
-46.50618 -0.00000
-46.49261 -0.00000
-46.48050 -0.00000
-46.46240 -0.00000
-46.45881 -0.00000
-46.43675 -0.00000
-46.41840 -0.00000
-46.41600 -0.00000
-46.39168 -0.00000
-46.38730 -0.00000
-46.38464 -0.00000
-46.37283 -0.00000
-46.36873 -0.00000
-46.36108 -0.00000
-46.35457 -0.00000
-46.28955 -0.00000
-46.27225 -0.00000
-46.24358 -0.00000
-46.23488 -0.00000
-46.21143 -0.00000
-46.21069 -0.00000
-46.20583 -0.00000
-46.20375 -0.00000
-46.20271 -0.00000
-46.15239 -0.00000
-46.15150 -0.00000
-46.14515 -0.00000
-46.14513 -0.00000
-46.13708 -0.00000
-46.13608 -0.00000
-46.13247 -0.00000
-46.12865 -0.00000
-46.12025 -0.00000
-46.11839 -0.00000
-46.09790 -0.00000
-46.09553 -0.00000
-46.06799 -0.00000
-46.06416 -0.00000
-46.06144 -0.00000
-46.05100 -0.00000
-46.04933 -0.00000
-46.02019 -0.00000
-46.01035 -0.00000
-46.00676 -0.00000
-46.00043 -0.00000
-45.94540 -0.00000
-45.93566 -0.00000
-45.92538 -0.00000
-45.91506 -0.00000
-45.90086 -0.00000
-45.88394 -0.00000
-45.87990 -0.00000
-45.87218 -0.00000
-45.87214 -0.00000
-45.83463 -0.00000
-45.80521 -0.00000
-45.80157 -0.00000
-45.79491 -0.00000
-45.75545 -0.00000
-45.75440 -0.00000
-45.74922 -0.00000
-45.74667 -0.00000
-45.74352 -0.00000
-45.74202 -0.00000
-45.73158 -0.00000
-45.72979 -0.00000
-45.69428 -0.00000
-45.68762 -0.00000
-45.68420 -0.00000
-45.66992 -0.00000
-45.66896 -0.00000
-45.66251 -0.00000
-45.65518 -0.00000
-45.62505 -0.00000
-45.62151 -0.00000
-45.61021 -0.00000
-45.60465 -0.00000
-45.60267 -0.00000
-45.59505 -0.00000
-45.58988 -0.00000
-45.57621 -0.00000
-45.57378 -0.00000
-45.57111 -0.00000
-45.55034 -0.00000
-45.54103 -0.00000
-45.53260 -0.00000
-45.53094 -0.00000
-45.52970 -0.00000
-45.52424 -0.00000
-45.51441 -0.00000
-45.50678 -0.00000
-45.50500 -0.00000
-45.50281 -0.00000
-45.49387 -0.00000
-45.49185 -0.00000
-45.46978 -0.00000
-45.46732 -0.00000
-45.46468 -0.00000
-45.42567 -0.00000
-45.42319 -0.00000
-45.40623 -0.00000
-45.39432 -0.00000
-45.35875 -0.00000
-45.35615 -0.00000
-45.35613 -0.00000
-45.34557 -0.00000
-45.33580 -0.00000
-45.33484 -0.00000
-45.32672 -0.00000
-45.29153 -0.00000
-45.29094 -0.00000
-45.28172 -0.00000
-45.27715 -0.00000
-45.27712 -0.00000
-45.27009 -0.00000
-45.25805 -0.00000
-45.24787 -0.00000
-45.24572 -0.00000
-45.24335 -0.00000
-45.23272 -0.00000
-45.21822 -0.00000
-45.20456 -0.00000
-45.18985 -0.00000
-45.18842 -0.00000
-45.17123 -0.00000
-45.17056 -0.00000
-45.11941 -0.00000
-45.11640 -0.00000
-45.11298 -0.00000
-45.10458 -0.00000
-45.08751 -0.00000
-45.07729 -0.00000
-45.07415 -0.00000
-45.07413 -0.00000
-45.03812 -0.00000
-44.99072 -0.00000
-44.98831 -0.00000
-44.98528 -0.00000
-44.98318 -0.00000
-44.98074 -0.00000
-44.97443 -0.00000
-44.96917 -0.00000
-44.96914 -0.00000
-44.95423 -0.00000
-44.94660 -0.00000
-44.92979 -0.00000
-44.92617 -0.00000
-44.92611 -0.00000
-44.90854 -0.00000
-44.89503 -0.00000
-44.88995 -0.00000
-44.88818 -0.00000
-44.87359 -0.00000
-44.86555 -0.00000
-44.86001 -0.00000
-44.85796 -0.00000
-44.84933 -0.00000
-44.84521 -0.00000
-44.84512 -0.00000
-44.83675 -0.00000
-44.82146 -0.00000
-44.80743 -0.00000
-44.79099 -0.00000
-44.78851 -0.00000
-44.78457 -0.00000
-44.77955 -0.00000
-44.77145 -0.00000
-44.75188 -0.00000
-44.74432 -0.00000
-44.72009 -0.00000
-44.71448 -0.00000
-44.69700 -0.00000
-44.68649 -0.00000
-44.67344 -0.00000
-44.67146 -0.00000
-44.64833 -0.00000
-44.64752 -0.00000
-44.63403 -0.00000
-44.63145 -0.00000
-44.62728 -0.00000
-44.62301 -0.00000
-44.60832 -0.00000
-44.60424 -0.00000
-44.60029 -0.00000
-44.57670 -0.00000
-44.57170 -0.00000
-44.53603 -0.00000
-44.53301 -0.00000
-44.53046 -0.00000
-44.52545 -0.00000
-44.52485 -0.00000
-44.50525 -0.00000
-44.50146 -0.00000
-44.48487 -0.00000
-44.47170 -0.00000
-44.46957 -0.00000
-44.46209 -0.00000
-44.45290 -0.00000
-44.44952 -0.00000
-44.43848 -0.00000
-44.42161 -0.00000
-44.41470 -0.00000
-44.41307 -0.00000
-44.40946 -0.00000
-44.40659 -0.00000
-44.39897 -0.00000
-44.39688 -0.00000
-44.38788 -0.00000
-44.38624 -0.00000
-44.37334 -0.00000
-44.35278 -0.00000
-44.33952 -0.00000
-44.32142 -0.00000
-44.31789 -0.00000
-44.29293 -0.00000
-44.28574 -0.00000
-44.28218 -0.00000
-44.28210 -0.00000
-44.27032 -0.00000
-44.26560 -0.00000
-44.25750 -0.00000
-44.25699 -0.00000
-44.25253 -0.00000
-44.24847 -0.00000
-44.23917 -0.00000
-44.23905 -0.00000
-44.23701 -0.00000
-44.22637 -0.00000
-44.21852 -0.00000
-44.20296 -0.00000
-44.19346 -0.00000
-44.18720 -0.00000
-44.18642 -0.00000
-44.17131 -0.00000
-44.16578 -0.00000
-44.15358 -0.00000
-44.13704 -0.00000
-44.13422 -0.00000
-44.10629 -0.00000
-44.10587 -0.00000
-44.10285 -0.00000
-44.10052 -0.00000
-44.08796 -0.00000
-44.08643 -0.00000
-44.07359 -0.00000
-44.07127 -0.00000
-44.06790 -0.00000
-44.06443 -0.00000
-44.05625 -0.00000
-44.01167 -0.00000
-43.99353 -0.00000
-43.99313 -0.00000
-43.98925 -0.00000
-43.98910 -0.00000
-43.97637 -0.00000
-43.96899 -0.00000
-43.95660 -0.00000
-43.92566 -0.00002
-43.92478 -0.00000
-43.90380 -0.00000
-43.89522 -0.00000
-43.89420 -0.00000
-43.89413 -0.00000
-43.85962 -0.00000
-43.85757 -0.00000
-43.85264 -0.00000
-43.81404 -0.00000
-43.81022 -0.00000
-43.78533 -0.00000
-43.78225 -0.00000
-43.76324 -0.00000
-43.76305 -0.00000
-43.75323 -0.00000
-43.75143 -0.00000
-43.74310 -0.00000
-43.72574 -0.00000
-43.71395 -0.00000
-43.70751 -0.00000
-43.66317 -0.00000
-43.66309 -0.00000
-43.65939 -0.00000
-43.65676 -0.00000
-43.64991 -0.00000
-43.64120 -0.00000
-43.64112 -0.00000
-43.62328 -0.00000
-43.60649 -0.00000
-43.60372 -0.00000
-43.56500 -0.00000
-43.54558 -0.00000
-43.54033 -0.00000
-43.52654 -0.00000
-43.52378 -0.00000
-43.49391 -0.00000
-43.48458 -0.00000
-43.46980 -0.00000
-43.43432 -0.00000
-43.43368 -0.00000
-43.43302 -0.00000
-43.42639 -0.00000
-43.40570 -0.00000
-43.37951 -0.00000
-43.37246 -0.00000
-43.36333 -0.00000
-43.32540 -0.00000
-43.31513 -0.00000
-43.30792 -0.00000
-43.29771 -0.00000
-43.27681 -0.00000
-43.23739 -0.00000
-43.23342 -0.00000
-43.23149 -0.00000
-43.20278 -0.00000
-43.19970 -0.00000
-43.18839 -0.00000
-43.16827 -0.00000
-43.15872 -0.00000
-43.15611 -0.00000
-43.15466 -0.00000
-43.15044 -0.00000
-43.14802 -0.00000
-43.13483 -0.00000
-43.12742 -0.00000
-43.11860 -0.00000
-43.11626 -0.00000
-43.09774 -0.00000
-43.09657 -0.00000
-43.08882 -0.00000
-43.08647 -0.00000
-43.07802 -0.00000
-43.07365 -0.00000
-43.06541 -0.00000
-43.05822 -0.00000
-43.04337 -0.00000
-43.00652 -0.00000
-42.99764 -0.00000
-42.97223 -0.00000
-42.97172 -0.00000
-42.95459 -0.00000
-42.92660 -0.00000
-42.92561 -0.00000
-42.89004 -0.00000
-42.88182 -0.00000
-42.85651 -0.00000
-42.84715 -0.00000
-42.84711 -0.00000
-42.82967 -0.00000
-42.82720 -0.00000
-42.80984 -0.00000
-42.79577 -0.00000
-42.78941 -0.00000
-42.78774 -0.00000
-42.77547 -0.00000
-42.77508 -0.00000
-42.76899 -0.00000
-42.76701 -0.00000
-42.76530 -0.00000
-42.76249 -0.00000
-42.75117 -0.00000
-42.74995 -0.00000
-42.74870 -0.00000
-42.74789 -0.00000
-42.73829 -0.00000
-42.73621 -0.00000
-42.73458 -0.00000
-42.72141 -0.00000
-42.71470 -0.00000
-42.71292 -0.00000
-42.71134 -0.00000
-42.70574 -0.00000
-42.67127 -0.00000
-42.66803 -0.00000
-42.66573 -0.00000
-42.65626 -0.00000
-42.65108 -0.00000
-42.64662 -0.00000
-42.64248 -0.00000
-42.60206 -0.00000
-42.59251 -0.00000
-42.57540 -0.00000
-42.57307 -0.00000
-42.56526 -0.00000
-42.55093 -0.00000
-42.52134 -0.00000
-42.52066 -0.00000
-42.51329 -0.00000
-42.49789 -0.00000
-42.49694 -0.00000
-42.48251 -0.00000
-42.47515 -0.00000
-42.47487 -0.00000
-42.44383 -0.00000
-42.44243 -0.00000
-42.43867 -0.00000
-42.43204 -0.00000
-42.39942 -0.00000
-42.39734 -0.00000
-42.38218 -0.00000
-42.36804 -0.00000
-42.36469 -0.00000
-42.35064 -0.00000
-42.33937 -0.00000
-42.33617 -0.00000
-42.33607 -0.00000
-42.33099 -0.00000
-42.32633 -0.00000
-42.32293 -0.00000
-42.32034 -0.00000
-42.31439 -0.00000
-42.31129 -0.00000
-42.30547 -0.00000
-42.29608 -0.00000
-42.28819 -0.00000
-42.28448 -0.00000
-42.27677 -0.00000
-42.27538 -0.00000
-42.26706 -0.00000
-42.26595 -0.00000
-42.26348 -0.00000
-42.26000 -0.00000
-42.24673 -0.00000
-42.24485 -0.00000
-42.23634 -0.00000
-42.22994 -0.00000
-42.22910 -0.00000
-42.22036 -0.00000
-42.21819 -0.00000
-42.21751 -0.00000
-42.20455 -0.00000
-42.20225 -0.00000
-42.19961 -0.00000
-42.19642 -0.00000
-42.19308 -0.00000
-42.18517 -0.00000
-42.18513 -0.00000
-42.18229 -0.00000
-42.18164 -0.00000
-42.17293 -0.00000
-42.16991 -0.00000
-42.16293 -0.00000
-42.14709 -0.00000
-42.13377 -0.00000
-42.13287 -0.00000
-42.13049 -0.00000
-42.12973 -0.00000
-42.11938 -0.00000
-42.11548 -0.00000
-42.09779 -0.00000
-42.03958 -0.00000
-42.02287 -0.00000
-42.01958 -0.00000
-42.01891 -0.00000
-42.01404 -0.00000
-42.00212 -0.00000
-41.99149 -0.00000
-41.98946 -0.00000
-41.97703 -0.00000
-41.97250 -0.00000
-41.96733 -0.00000
-41.94518 -0.00000
-41.94466 -0.00000
-41.94302 -0.00000
-41.94100 -0.00000
-41.93787 -0.00000
-41.93615 -0.00000
-41.92686 -0.00000
-41.92403 -0.00000
-41.89375 -0.00000
-41.89122 -0.00000
-41.89037 -0.00000
-41.86192 -0.00000
-41.82393 -0.00000
-41.81562 -0.00000
-41.80302 -0.00000
-41.79522 -0.00000
-41.78877 -0.00000
-41.78321 -0.00000
-41.77705 -0.00000
-41.76718 -0.00000
-41.76105 -0.00000
-41.73666 -0.00000
-41.70598 -0.00000
-41.65788 -0.00000
-41.64937 -0.00000
-41.64577 -0.00000
-41.62466 -0.00000
-41.60764 -0.00000
-41.58887 -0.00000
-41.57952 -0.00000
-41.56348 -0.00000
-41.54302 -0.00000
-41.53289 -0.00000
-41.52609 -0.00000
-41.52379 -0.00000
-41.51288 -0.00000
-41.49940 -0.00000
-41.49865 -0.00000
-41.49179 -0.00000
-41.46405 -0.00000
-41.45756 -0.00000
-41.45267 -0.00000
-41.45063 -0.00000
-41.42815 -0.00000
-41.42811 -0.00000
-41.41928 -0.00000
-41.41523 -0.00000
-41.41403 -0.00000
-41.39918 -0.00000
-41.39902 -0.00000
-41.39357 -0.00000
-41.37876 -0.00000
-41.37185 -0.00000
-41.36649 -0.00000
-41.36136 -0.00000
-41.35516 -0.00000
-41.35506 -0.00000
-41.34250 -0.00000
-41.34083 -0.00000
-41.32964 -0.00000
-41.32638 -0.00000
-41.30352 -0.00000
-41.29804 -0.00000
-41.28394 -0.00000
-41.27927 -0.00000
-41.27784 -0.00000
-41.26595 -0.00000
-41.25002 -0.00000
-41.24396 -0.00000
-41.23124 -0.00000
-41.22997 -0.00000
-41.22882 -0.00000
-41.22623 -0.00000
-41.21027 -0.00000
-41.19846 -0.00000
-41.18483 -0.00000
-41.17924 -0.00000
-41.17766 -0.00000
-41.17213 -0.00000
-41.16079 -0.00000
-41.14038 -0.00000
-41.13586 -0.00000
-41.11266 -0.00000
-41.09319 -0.00000
-41.09166 -0.00000
-41.08515 -0.00000
-41.08509 -0.00000
-41.07538 -0.00000
-41.07307 -0.00000
-41.07169 -0.00000
-41.06953 -0.00000
-41.05862 -0.00000
-41.05701 -0.00000
-41.04990 -0.00000
-41.04633 -0.00000
-41.03094 -0.00000
-41.02939 -0.00001
-41.02293 -0.00000
-41.01281 -0.00000
-41.00683 -0.00000
-40.99156 -0.00000
-40.98858 -0.00000
-40.97723 -0.00000
-40.97712 -0.00000
-40.97378 -0.00000
-40.96835 -0.00000
-40.95922 -0.00000
-40.95543 -0.00000
-40.94964 -0.00000
-40.92313 -0.00000
-40.91866 -0.00000
-40.91798 -0.00000
-40.91366 -0.00000
-40.91051 -0.00000
-40.89596 -0.00000
-40.88433 -0.00003
-40.87901 -0.00000
-40.87106 -0.00000
-40.86918 -0.00000
-40.86877 -0.00000
-40.86666 -0.00000
-40.86251 -0.00000
-40.85500 -0.00000
-40.84801 -0.00000
-40.84608 -0.00000
-40.84410 -0.00000
-40.84062 -0.00000
-40.83978 -0.00000
-40.83081 -0.00000
-40.81388 -0.00000
-40.78047 -0.00000
-40.76582 -0.00000
-40.76295 -0.00000
-40.75352 -0.00000
-40.72691 -0.00000
-40.72448 -0.00000
-40.71716 -0.00000
-40.71703 -0.00000
-40.70498 -0.00000
-40.69891 -0.00000
-40.64101 -0.00000
-40.63972 -0.00000
-40.60936 -0.00000
-40.60656 -0.00000
-40.55275 -0.00000
-40.54888 -0.00000
-40.52740 -0.00000
-40.49564 -0.00000
-40.48998 -0.00000
-40.47323 -0.00000
-40.47311 -0.00000
-40.45640 -0.00000
-40.36217 -0.00000
-40.35654 -0.00003
-40.35612 -0.00000
-40.35194 -0.00000
-40.32232 -0.00000
-40.31959 -0.00000
-40.28251 -0.00000
-40.27817 -0.00000
-40.26006 -0.00000
-40.25770 -0.00000
-40.24604 -0.00000
-40.19928 -0.00000
-40.18052 -0.00000
-40.17267 -0.00000
-40.16736 -0.00000
-40.15363 -0.00003
-40.10368 -0.00000
-40.09500 -0.00000
-40.08974 -0.00000
-40.04393 -0.00000
-40.03132 -0.00000
-40.00842 -0.00000
-40.00726 -0.00000
-39.99834 -0.00000
-39.99218 -0.00000
-39.99207 -0.00000
-39.94602 -0.00000
-39.92999 -0.00000
-39.91823 -0.00000
-39.89487 -0.00000
-39.88962 -0.00000
-39.88911 -0.00000
-39.88202 -0.00000
-39.86530 -0.00000
-39.86500 -0.00000
-39.85932 -0.00001
-39.85065 -0.00000
-39.83416 -0.00000
-39.80399 -0.00000
-39.79809 -0.00000
-39.79420 -0.00000
-39.78126 -0.00000
-39.77837 -0.00000
-39.76679 -0.00000
-39.75652 -0.00000
-39.75552 -0.00000
-39.75327 -0.00000
-39.74482 -0.00000
-39.71701 -0.00000
-39.70623 -0.00000
-39.70535 -0.00000
-39.68929 -0.00000
-39.68350 -0.00000
-39.66299 -0.00000
-39.64959 -0.00000
-39.64449 -0.00000
-39.61609 -0.00000
-39.60526 -0.00000
-39.60487 -0.00000
-39.60375 -0.00000
-39.60062 -0.00000
-39.59859 -0.00000
-39.59527 -0.00000
-39.57461 -0.00000
-39.57065 -0.00000
-39.53317 -0.00000
-39.52428 -0.00000
-39.51467 -0.00000
-39.50915 -0.00000
-39.50902 -0.00000
-39.50686 -0.00001
-39.48397 -0.00000
-39.48119 -0.00000
-39.47340 -0.00000
-39.46087 -0.00000
-39.45719 -0.00000
-39.45710 -0.00000
-39.45271 -0.00000
-39.44460 -0.00000
-39.42490 -0.00000
-39.40296 -0.00000
-39.39388 -0.00000
-39.37790 -0.00000
-39.37212 -0.00000
-39.35644 -0.00000
-39.35219 -0.00000
-39.29264 -0.00000
-39.29035 -0.00000
-39.28836 -0.00000
-39.26847 -0.00000
-39.26498 -0.00000
-39.26098 -0.00000
-39.25697 -0.00000
-39.24800 -0.00000
-39.24518 -0.00000
-39.24500 -0.00000
-39.22085 -0.00000
-39.18722 -0.00000
-39.18030 -0.00000
-39.16940 -0.00000
-39.15815 -0.00000
-39.15800 -0.00000
-39.11027 -0.00000
-39.10881 -0.00000
-39.10623 -0.00000
-39.08582 -0.00000
-39.06915 -0.00000
-39.05748 -0.00000
-39.05095 -0.00001
-39.04380 -0.00000
-39.03582 -0.00000
-39.01630 -0.00000
-39.01021 -0.00000
-38.95681 -0.00000
-38.94535 -0.00000
-38.92052 -0.00000
-38.88369 -0.00000
-38.86625 -0.00000
-38.86100 -0.00000
-38.85410 -0.00000
-38.83982 -0.00000
-38.83500 -0.00000
-38.82816 -0.00000
-38.82802 -0.00000
-38.81924 -0.00000
-38.79598 -0.00000
-38.78469 -0.00000
-38.76925 -0.00000
-38.76760 -0.00000
-38.76698 -0.00000
-38.76315 -0.00001
-38.76310 -0.00001
-38.76075 -0.00000
-38.75993 -0.00000
-38.74597 -0.00000
-38.74475 -0.00000
-38.74187 -0.00002
-38.73371 -0.00000
-38.68613 -0.00000
-38.62892 -0.00000
-38.62640 -0.00000
-38.60472 -0.00000
-38.58198 -0.00000
-38.58111 -0.00000
-38.57451 -0.00000
-38.56364 -0.00000
-38.54705 -0.00000
-38.53693 -0.00000
-38.53240 -0.00000
-38.51949 -0.00000
-38.50130 -0.00000
-38.49603 -0.00000
-38.48536 -0.00000
-38.47797 -0.00000
-38.42381 -0.00000
-38.40973 -0.00000
-38.34232 -0.00000
-38.33843 -0.00000
-38.32688 -0.00000
-38.27961 -0.00000
-38.25348 -0.00000
-38.22006 -0.00000
-38.21456 -0.00000
-38.18792 -0.00000
-38.17756 -0.00000
-38.15292 -0.00000
-38.13490 -0.00000
-38.13249 -0.00000
-38.13049 -0.00000
-38.10550 -0.00000
-38.10262 -0.00000
-38.09929 -0.00000
-38.07161 -0.00000
-38.04141 -0.00000
-38.03416 -0.00000
-38.02816 -0.00000
-38.02807 -0.00000
-38.01598 -0.00000
-38.00014 -0.00000
-38.00008 -0.00000
-37.99734 -0.00000
-37.97125 -0.00000
-37.96920 -0.00000
-37.96825 -0.00000
-37.96491 -0.00000
-37.92776 -0.00000
-37.92099 -0.00000
-37.91274 -0.00000
-37.90244 -0.00000
-37.90079 -0.00000
-37.89365 -0.00000
-37.88826 -0.00000
-37.88560 -0.00000
-37.88158 -0.00000
-37.85966 -0.00000
-37.84695 -0.00000
-37.83218 -0.00000
-37.82650 -0.00000
-37.82530 -0.00000
-37.78786 -0.00000
-37.77773 -0.00000
-37.71415 -0.00000
-37.69816 -0.00000
-37.69334 -0.00000
-37.68984 -0.00000
-37.68018 -0.00000
-37.67134 -0.00000
-37.64721 -0.00000
-37.63039 -0.00000
-37.62337 -0.00000
-37.61923 -0.00000
-37.61200 -0.00000
-37.60611 -0.00000
-37.58788 -0.00000
-37.54222 -0.00000
-37.54162 -0.00000
-37.52709 -0.00000
-37.50715 -0.00000
-37.50637 -0.00000
-37.49343 -0.00000
-37.47317 -0.00000
-37.46020 -0.00000
-37.45820 -0.00000
-37.45540 -0.00000
-37.45039 -0.00000
-37.44648 -0.00000
-37.43769 -0.00000
-37.43668 -0.00000
-37.43247 -0.00000
-37.40168 -0.00000
-37.39108 -0.00000
-37.38900 -0.00000
-37.36997 -0.00000
-37.35141 -0.00000
-37.33968 -0.00000
-37.33832 -0.00000
-37.32818 -0.00000
-37.28625 -0.00000
-37.28265 -0.00000
-37.26864 -0.00000
-37.26376 -0.00000
-37.26137 -0.00000
-37.25817 -0.00000
-37.25570 -0.00000
-37.25323 -0.00000
-37.25304 -0.00000
-37.22865 -0.00000
-37.22262 -0.00000
-37.21100 -0.00000
-37.17225 -0.00000
-37.16724 -0.00000
-37.12519 -0.00000
-37.09750 -0.00000
-37.08938 -0.00000
-37.07711 -0.00000
-37.06547 -0.00000
-37.05978 -0.00000
-37.05393 -0.00000
-37.03741 -0.00000
-37.03367 -0.00000
-37.02514 -0.00000
-37.02180 -0.00000
-37.00738 -0.00000
-37.00056 -0.00000
-36.99104 -0.00000
-36.97852 -0.00000
-36.96946 -0.00000
-36.96786 -0.00000
-36.95618 -0.00000
-36.94886 -0.00000
-36.90789 -0.00000
-36.90701 -0.00000
-36.90090 -0.00000
-36.88631 -0.00000
-36.88544 -0.00000
-36.88476 -0.00000
-36.88198 -0.00000
-36.88059 -0.00000
-36.84412 -0.00002
-36.81774 -0.00000
-36.78929 -0.00000
-36.78327 -0.00000
-36.76006 -0.00000
-36.73751 -0.00000
-36.72813 -0.00000
-36.72135 -0.00000
-36.70716 -0.00000
-36.70533 -0.00000
-36.70453 -0.00000
-36.69759 -0.00000
-36.62756 -0.00000
-36.59348 -0.00000
-36.59208 -0.00000
-36.58986 -0.00000
-36.57446 -0.00000
-36.56547 -0.00000
-36.54324 -0.00000
-36.53950 -0.00000
-36.53538 -0.00000
-36.49113 -0.00000
-36.48578 -0.00000
-36.47964 -0.00000
-36.46547 -0.00000
-36.46381 -0.00000
-36.41581 -0.00000
-36.40955 -0.00000
-36.39790 -0.00000
-36.38755 -0.00000
-36.37913 -0.00000
-36.37096 -0.00000
-36.34596 -0.00000
-36.33294 -0.00001
-36.31819 -0.00000
-36.31281 -0.00000
-36.30665 -0.00000
-36.29489 -0.00000
-36.28408 -0.00000
-36.24619 -0.00000
-36.24535 -0.00000
-36.23252 -0.00000
-36.16896 -0.00000
-36.15951 -0.00000
-36.13891 -0.00000
-36.13217 -0.00000
-36.11248 -0.00000
-36.09164 -0.00000
-36.07120 -0.00000
-36.06538 -0.00000
-36.06507 -0.00000
-36.06316 -0.00000
-36.06307 -0.00000
-36.06057 -0.00000
-36.04556 -0.00000
-36.04149 -0.00000
-36.02898 -0.00000
-36.00587 -0.00000
-35.96908 -0.00000
-35.96124 -0.00000
-35.95425 -0.00000
-35.93587 -0.00000
-35.93114 -0.00000
-35.93110 -0.00000
-35.91473 -0.00000
-35.90897 -0.00000
-35.90032 -0.00000
-35.89040 -0.00000
-35.88259 -0.00000
-35.87490 -0.00000
-35.86562 -0.00000
-35.85561 -0.00000
-35.84666 -0.00000
-35.83980 -0.00000
-35.82359 -0.00000
-35.81358 -0.00000
-35.78671 -0.00000
-35.77338 -0.00000
-35.77151 -0.00000
-35.76765 -0.00000
-35.76662 -0.00000
-35.75449 -0.00000
-35.72832 -0.00000
-35.71717 -0.00000
-35.70941 -0.00000
-35.69955 -0.00000
-35.68582 -0.00000
-35.68349 -0.00000
-35.62592 -0.00000
-35.62364 -0.00000
-35.60738 -0.00000
-35.60680 -0.00000
-35.57655 -0.00000
-35.57435 -0.00000
-35.56094 -0.00000
-35.55547 -0.00000
-35.54485 -0.00000
-35.53725 -0.00000
-35.53707 -0.00000
-35.52212 -0.00000
-35.47487 -0.00000
-35.47169 -0.00000
-35.45509 -0.00000
-35.45322 -0.00000
-35.42890 -0.00000
-35.41520 -0.00000
-35.41013 -0.00000
-35.40476 -0.00000
-35.39400 -0.00000
-35.36838 -0.00000
-35.36484 -0.00000
-35.36136 -0.00000
-35.34718 -0.00001
-35.34002 -0.00000
-35.32652 -0.00000
-35.32051 -0.00000
-35.31539 -0.00000
-35.30944 -0.00000
-35.30224 -0.00000
-35.29723 -0.00000
-35.28375 -0.00000
-35.26952 -0.00000
-35.23974 -0.00000
-35.23669 -0.00000
-35.19836 -0.00000
-35.19288 -0.00000
-35.17560 -0.00000
-35.16049 -0.00000
-35.14900 -0.00000
-35.14397 -0.00000
-35.13415 -0.00000
-35.13412 -0.00000
-35.09805 -0.00000
-35.09409 -0.00000
-35.09093 -0.00000
-35.08492 -0.00000
-35.07418 -0.00000
-35.07403 -0.00000
-35.06121 -0.00000
-35.06107 -0.00000
-35.03901 -0.00000
-35.03181 -0.00000
-35.02538 -0.00000
-35.00977 -0.00000
-34.99207 -0.00000
-34.98923 -0.00000
-34.98009 -0.00000
-34.97630 -0.00000
-34.96618 -0.00000
-34.95684 -0.00000
-34.95054 -0.00000
-34.94782 -0.00000
-34.94216 -0.00000
-34.93904 -0.00000
-34.91460 -0.00000
-34.90421 -0.00000
-34.89439 -0.00000
-34.88477 -0.00000
-34.87393 -0.00000
-34.86054 -0.00000
-34.84660 -0.00000
-34.84596 -0.00000
-34.84293 -0.00000
-34.81889 -0.00000
-34.80583 -0.00000
-34.79166 -0.00000
-34.77594 -0.00000
-34.75456 -0.00000
-34.73521 -0.00000
-34.73122 -0.00000
-34.73113 -0.00000
-34.72565 -0.00000
-34.72144 -0.00000
-34.71933 -0.00000
-34.65722 -0.00000
-34.65481 -0.00000
-34.65321 -0.00000
-34.64727 -0.00000
-34.61749 -0.00000
-34.61538 -0.00001
-34.58968 -0.00000
-34.58501 -0.00000
-34.55749 -0.00000
-34.54879 -0.00000
-34.53939 -0.00000
-34.53376 -0.00000
-34.52488 -0.00000
-34.49948 -0.00000
-34.48608 -0.00000
-34.47449 -0.00000
-34.45634 -0.00000
-34.45392 -0.00000
-34.44611 -0.00000
-34.44337 -0.00000
-34.42070 -0.00000
-34.41428 -0.00000
-34.40935 -0.00000
-34.40052 -0.00000
-34.38654 -0.00000
-34.36328 -0.00000
-34.35936 -0.00000
-34.35294 -0.00000
-34.34428 -0.00000
-34.32948 -0.00000
-34.32877 -0.00000
-34.32413 -0.00000
-34.32130 -0.00000
-34.31400 -0.00000
-34.30235 -0.00000
-34.28954 -0.00000
-34.27834 -0.00000
-34.25900 -0.00000
-34.25312 -0.00000
-34.24617 -0.00000
-34.24609 -0.00000
-34.23589 -0.00000
-34.23366 -0.00000
-34.23280 -0.00000
-34.23198 -0.00000
-34.21813 -0.00000
-34.21185 -0.00000
-34.20119 -0.00000
-34.19848 -0.00000
-34.16889 -0.00000
-34.16502 -0.00000
-34.15764 -0.00000
-34.14930 -0.00000
-34.14037 -0.00000
-34.11248 -0.00001
-34.09240 -0.00000
-34.08192 -0.00000
-34.06051 -0.00000
-34.02984 -0.00000
-34.02625 -0.00000
-34.00937 -0.00000
-33.99853 -0.00000
-33.99384 -0.00000
-33.98604 -0.00000
-33.97784 -0.00000
-33.96863 -0.00000
-33.94294 -0.00000
-33.93598 -0.00000
-33.93240 -0.00000
-33.91366 -0.00000
-33.91233 -0.00000
-33.84268 -0.00000
-33.83688 -0.00000
-33.82803 -0.00000
-33.81540 -0.00000
-33.80494 -0.00000
-33.80269 -0.00000
-33.79729 -0.00000
-33.79436 -0.00000
-33.79324 -0.00000
-33.79132 -0.00000
-33.78652 -0.00000
-33.78426 -0.00000
-33.78093 -0.00001
-33.77043 -0.00000
-33.76272 -0.00000
-33.75976 -0.00000
-33.74616 -0.00000
-33.74223 -0.00000
-33.70205 -0.00000
-33.69809 -0.00000
-33.69544 -0.00000
-33.68638 -0.00000
-33.68613 -0.00000
-33.66882 -0.00000
-33.62827 -0.00000
-33.61894 -0.00000
-33.61173 -0.00000
-33.59930 -0.00000
-33.59821 -0.00000
-33.59240 -0.00000
-33.56603 -0.00000
-33.56011 -0.00000
-33.55851 -0.00000
-33.54498 -0.00000
-33.50066 -0.00000
-33.46732 -0.00000
-33.46133 -0.00000
-33.45586 -0.00000
-33.44903 -0.00000
-33.42712 -0.00000
-33.38357 -0.00000
-33.37159 -0.00000
-33.35242 -0.00000
-33.35159 -0.00000
-33.32721 -0.00000
-33.31978 -0.00000
-33.31833 -0.00000
-33.31124 -0.00000
-33.30669 -0.00000
-33.29079 -0.00000
-33.28634 -0.00000
-33.26220 -0.00000
-33.25517 -0.00000
-33.25513 -0.00000
-33.24911 -0.00000
-33.24365 -0.00000
-33.23079 -0.00000
-33.23014 -0.00000
-33.22669 -0.00000
-33.22560 -0.00000
-33.22330 -0.00000
-33.21507 -0.00000
-33.21021 -0.00000
-33.20266 -0.00000
-33.20131 -0.00000
-33.18349 -0.00000
-33.17478 -0.00000
-33.15798 -0.00000
-33.15643 -0.00000
-33.12793 -0.00000
-33.12602 -0.00000
-33.12182 -0.00000
-33.10419 -0.00000
-33.09310 -0.00000
-33.08121 -0.00000
-33.07212 -0.00000
-33.04961 -0.00000
-33.03833 -0.00000
-33.02596 -0.00000
-33.01098 -0.00000
-32.99777 -0.00000
-32.98606 -0.00000
-32.96983 -0.00000
-32.93445 -0.00000
-32.91161 -0.00000
-32.90921 -0.00000
-32.90250 -0.00000
-32.87646 -0.00000
-32.85069 -0.00000
-32.84291 -0.00000
-32.73222 -0.00000
-32.73214 -0.00000
-32.71572 -0.00000
-32.67017 -0.00000
-32.65787 -0.00000
-32.64123 -0.00000
-32.62563 -0.00000
-32.62512 -0.00000
-32.62173 -0.00000
-32.61650 -0.00000
-32.59108 -0.00000
-32.56192 -0.00000
-32.55846 -0.00000
-32.55539 -0.00000
-32.55361 -0.00000
-32.53470 -0.00000
-32.50821 -0.00000
-32.50294 -0.00000
-32.48811 -0.00000
-32.47189 -0.00000
-32.45889 -0.00000
-32.41447 -0.00000
-32.41117 -0.00000
-32.41113 -0.00000
-32.38479 -0.00000
-32.38309 -0.00000
-32.38203 -0.00000
-32.35144 -0.00000
-32.34426 -0.00000
-32.34048 -0.00000
-32.32943 -0.00000
-32.30435 -0.00000
-32.26892 -0.00000
-32.24375 -0.00000
-32.24247 -0.00000
-32.24197 -0.00000
-32.22861 -0.00000
-32.22541 -0.00000
-32.20232 -0.00000
-32.20168 -0.00000
-32.15836 -0.00000
-32.15549 -0.00000
-32.15327 -0.00000
-32.14429 -0.00000
-32.11375 -0.00000
-32.07154 -0.00000
-32.06785 -0.00000
-32.05988 -0.00000
-32.05834 -0.00000
-32.04825 -0.00000
-32.04697 -0.00000
-32.04578 -0.00000
-32.03348 -0.00000
-32.03107 -0.00000
-32.02577 -0.00000
-32.01479 -0.00000
-32.01141 -0.00000
-32.00249 -0.00000
-32.00203 -0.00000
-31.99323 -0.00000
-31.98787 -0.00000
-31.98610 -0.00000
-31.98396 -0.00000
-31.98238 -0.00000
-31.97927 -0.00000
-31.97752 -0.00000
-31.96779 -0.00000
-31.96632 -0.00000
-31.95455 -0.00000
-31.95278 -0.00000
-31.94573 -0.00000
-31.92676 -0.00000
-31.92379 -0.00000
-31.89515 -0.00000
-31.89403 -0.00000
-31.88920 -0.00000
-31.85877 -0.00000
-31.85520 -0.00000
-31.85247 -0.00000
-31.84753 -0.00000
-31.84644 -0.00000
-31.84524 -0.00000
-31.81810 -0.00000
-31.80798 -0.00000
-31.80501 -0.00000
-31.79934 -0.00000
-31.78957 -0.00000
-31.78629 -0.00000
-31.74765 -0.00000
-31.74418 -0.00000
-31.72648 -0.00000
-31.72494 -0.00000
-31.72408 -0.00000
-31.72140 -0.00000
-31.71011 -0.00000
-31.70633 -0.00000
-31.70578 -0.00000
-31.69780 -0.00000
-31.68399 -0.00000
-31.67671 -0.00000
-31.65351 -0.00000
-31.63840 -0.00000
-31.61473 -0.00000
-31.59779 -0.00000
-31.57194 -0.00000
-31.56689 -0.00000
-31.49688 -0.00000
-31.49410 -0.00000
-31.41474 -0.00000
-31.39396 -0.00000
-31.38026 -0.00000
-31.36822 -0.00000
-31.35993 -0.00000
-31.35783 -0.00000
-31.34445 -0.00000
-31.33900 -0.00000
-31.33610 -0.00000
-31.32467 -0.00000
-31.31925 -0.00000
-31.31709 -0.00000
-31.30132 -0.00000
-31.28976 -0.00000
-31.28206 -0.00000
-31.26439 -0.00000
-31.26258 -0.00000
-31.26060 -0.00000
-31.25975 -0.00000
-31.25425 -0.00000
-31.23183 -0.00000
-31.22863 -0.00000
-31.22686 -0.00000
-31.21130 -0.00000
-31.21037 -0.00000
-31.19998 -0.00000
-31.19472 -0.00000
-31.15426 -0.00000
-31.15390 -0.00000
-31.14890 -0.00000
-31.13378 -0.00000
-31.12950 -0.00000
-31.11973 -0.00000
-31.09547 -0.00000
-31.09477 -0.00000
-31.08061 -0.00000
-31.07858 -0.00000
-31.07121 -0.00000
-31.06384 -0.00000
-31.05570 -0.00000
-31.04874 -0.00000
-31.02107 -0.00000
-31.01455 -0.00000
-31.00678 -0.00000
-30.99207 -0.00000
-30.98075 -0.00000
-30.97749 -0.00000
-30.97491 -0.00000
-30.96893 -0.00000
-30.91935 -0.00000
-30.90664 -0.00000
-30.90560 -0.00000
-30.90450 -0.00000
-30.89869 -0.00000
-30.89589 -0.00000
-30.89503 -0.00000
-30.88506 -0.00000
-30.88295 -0.00000
-30.86958 -0.00000
-30.86555 -0.00000
-30.83640 -0.00000
-30.80362 -0.00000
-30.79357 -0.00000
-30.77138 -0.00000
-30.74594 -0.00000
-30.73265 -0.00000
-30.69584 -0.00000
-30.65170 -0.00000
-30.65039 -0.00000
-30.64842 -0.00000
-30.63560 -0.00000
-30.56433 -0.00000
-30.56075 -0.00000
-30.52900 -0.00000
-30.50797 -0.00000
-30.47207 -0.00000
-30.46723 -0.00000
-30.43876 -0.00000
-30.41438 -0.00000
-30.40418 -0.00000
-30.35697 -0.00000
-30.35157 -0.00000
-30.32116 -0.00000
-30.32113 -0.00000
-30.31367 -0.00000
-30.29820 -0.00000
-30.26310 -0.00000
-30.25493 -0.00000
-30.23657 -0.00000
-30.23420 -0.00000
-30.23403 -0.00000
-30.19429 -0.00000
-30.17716 -0.00000
-30.17708 -0.00000
-30.17549 -0.00000
-30.16798 -0.00000
-30.14240 -0.00000
-30.11984 -0.00000
-30.11688 -0.00000
-30.10961 -0.00000
-30.09387 -0.00000
-30.07577 -0.00000
-30.04930 -0.00000
-30.04659 -0.00000
-30.03097 -0.00000
-30.02796 -0.00000
-30.02325 -0.00000
-30.01840 -0.00000
-29.97676 -0.00000
-29.97083 -0.00000
-29.96866 -0.00000
-29.95704 -0.00000
-29.94964 -0.00000
-29.93891 -0.00000
-29.92319 -0.00000
-29.90286 -0.00000
-29.89956 -0.00000
-29.88615 -0.00000
-29.88611 -0.00000
-29.88484 -0.00000
-29.85980 -0.00000
-29.84394 -0.00000
-29.82334 -0.00000
-29.81722 -0.00000
-29.80382 -0.00000
-29.79334 -0.00000
-29.75940 -0.00000
-29.74497 -0.00000
-29.70841 -0.00000
-29.70670 -0.00000
-29.68937 -0.00000
-29.65405 -0.00000
-29.65292 -0.00000
-29.63217 -0.00000
-29.62419 -0.00000
-29.61768 -0.00000
-29.61467 -0.00000
-29.60224 -0.00000
-29.58218 -0.00000
-29.58211 -0.00000
-29.56369 -0.00000
-29.55802 -0.00000
-29.53904 -0.00000
-29.48640 -0.00000
-29.44158 -0.00001
-29.42130 -0.00000
-29.42053 -0.00000
-29.41536 -0.00000
-29.41033 -0.00000
-29.40727 -0.00000
-29.36539 -0.00000
-29.33296 -0.00000
-29.30019 -0.00000
-29.27488 -0.00000
-29.23751 -0.00000
-29.23695 -0.00000
-29.23457 -0.00000
-29.22438 -0.00000
-29.21914 -0.00000
-29.21457 -0.00000
-29.20464 -0.00000
-29.18835 -0.00000
-29.17306 -0.00000
-29.17134 -0.00000
-29.15888 -0.00000
-29.14944 -0.00000
-29.12760 -0.00000
-29.11952 -0.00000
-29.11425 -0.00000
-29.10533 -0.00000
-29.09527 -0.00000
-29.08462 -0.00000
-29.04888 -0.00000
-29.04591 -0.00000
-29.02955 -0.00000
-29.02391 -0.00002
-29.01821 -0.00000
-29.00792 -0.00000
-28.95870 -0.00000
-28.94322 -0.00000
-28.93617 -0.00000
-28.93375 -0.00000
-28.93077 -0.00000
-28.90022 -0.00000
-28.89903 -0.00000
-28.88986 -0.00000
-28.86767 -0.00000
-28.82995 -0.00000
-28.76823 -0.00000
-28.73185 -0.00000
-28.72116 -0.00000
-28.63967 -0.00000
-28.61854 -0.00000
-28.59297 -0.00000
-28.57579 -0.00000
-28.55917 -0.00000
-28.46999 -0.00000
-28.45046 -0.00000
-28.42883 -0.00000
-28.39685 -0.00000
-28.38332 -0.00000
-28.37036 -0.00000
-28.31603 -0.00000
-28.31355 -0.00000
-28.30452 -0.00000
-28.29304 -0.00000
-28.26846 -0.00000
-28.26287 -0.00000
-28.23548 -0.00000
-28.19905 -0.00000
-28.16256 -0.00000
-28.14456 -0.00000
-28.11248 -0.00000
-28.09924 -0.00000
-28.06392 -0.00000
-28.06217 -0.00000
-28.06213 -0.00000
-28.04058 -0.00000
-28.03575 -0.00000
-28.02316 -0.00000
-28.01739 -0.00000
-28.01097 -0.00000
-28.00749 -0.00000
-27.98263 -0.00000
-27.97395 -0.00000
-27.96485 -0.00000
-27.91625 -0.00000
-27.91030 -0.00000
-27.88375 -0.00000
-27.88191 -0.00000
-27.82904 -0.00000
-27.78881 -0.00000
-27.78092 -0.00000
-27.77122 -0.00000
-27.75173 -0.00000
-27.74624 -0.00000
-27.71360 -0.00000
-27.69752 -0.00000
-27.67647 -0.00000
-27.61162 -0.00000
-27.59547 -0.00000
-27.58146 -0.00000
-27.51234 -0.00000
-27.50132 -0.00000
-27.48905 -0.00002
-27.43942 -0.00000
-27.43750 -0.00000
-27.37734 -0.00000
-27.37223 -0.00000
-27.36442 -0.00000
-27.36046 -0.00000
-27.30528 -0.00000
-27.29081 -0.00000
-27.25257 -0.00000
-27.24859 -0.00000
-27.24237 -0.00000
-27.23561 -0.00000
-27.21219 -0.00000
-27.12549 -0.00000
-27.07199 -0.00000
-27.06097 -0.00000
-27.04315 -0.00000
-27.04313 -0.00000
-27.03362 -0.00000
-26.98196 -0.00000
-26.97255 -0.00000
-26.95127 -0.00000
-26.94433 -0.00000
-26.88167 -0.00000
-26.85980 -0.00000
-26.83100 -0.00000
-26.83009 -0.00000
-26.82682 -0.00000
-26.74870 -0.00000
-26.73666 -0.00000
-26.71914 -0.00000
-26.70687 -0.00000
-26.67903 -0.00000
-26.65056 -0.00000
-26.54632 -0.00000
-26.53962 -0.00000
-26.53822 -0.00002
-26.53813 -0.00002
-26.45622 -0.00000
-26.45201 -0.00000
-26.42719 -0.00000
-26.41007 -0.00000
-26.39949 -0.00000
-26.33993 -0.00000
-26.33870 -0.00000
-26.30658 -0.00000
-26.29395 -0.00000
-26.24939 -0.00000
-26.22170 -0.00000
-26.21859 -0.00000
-26.21358 -0.00000
-26.20047 -0.00000
-26.16599 -0.00000
-26.15241 -0.00000
-26.12380 -0.00000
-26.08363 -0.00000
-26.07183 -0.00000
-26.06043 -0.00000
-26.00025 -0.00000
-25.98363 -0.00006
-25.95901 -0.00002
-25.92152 -0.00000
-25.86172 -0.00000
-25.86095 -0.00000
-25.80473 -0.00000
-25.79093 -0.00000
-25.75500 -0.00000
-25.75091 -0.00000
-25.73651 -0.00000
-25.71384 -0.00000
-25.69449 -0.00000
-25.66358 -0.00000
-25.61517 -0.00000
-25.61508 -0.00000
-25.59007 -0.00000
-25.52284 -0.00000
-25.50663 -0.00000
-25.48720 -0.00000
-25.45281 -0.00000
-25.41644 -0.00000
-25.35838 -0.00000
-25.31198 -0.00000
-25.29802 -0.00000
-25.26260 -0.00000
-25.24451 -0.00000
-25.16436 -0.00000
-25.14839 -0.00000
-25.14228 -0.00000
-25.12315 -0.00000
-25.10583 -0.00000
-25.09764 -0.00000
-25.09713 -0.00000
-25.08030 -0.00000
-25.02499 -0.00000
-24.99435 -0.00001
-24.96684 -0.00000
-24.96604 -0.00000
-24.90909 -0.00000
-24.90227 -0.00000
-24.88097 -0.00000
-24.85564 -0.00000
-24.85497 -0.00000
-24.81582 -0.00000
-24.79497 -0.00000
-24.78640 -0.00000
-24.73284 -0.00000
-24.71804 -0.00000
-24.68205 -0.00000
-24.65742 -0.00000
-24.63723 -0.00000
-24.63214 -0.00000
-24.60359 -0.00000
-24.59918 -0.00000
-24.59911 -0.00000
-24.57567 -0.00001
-24.55496 -0.00000
-24.55109 -0.00000
-24.41251 -0.00000
-24.37704 -0.00000
-24.35645 -0.00000
-24.33992 -0.00000
-24.30549 -0.00000
-24.29581 -0.00000
-24.27832 -0.00000
-24.23889 -0.00000
-24.21755 -0.00000
-24.13294 -0.00000
-24.11580 -0.00000
-24.04429 -0.00000
-24.00668 -0.00000
-23.99301 -0.00000
-23.95894 -0.00000
-23.92791 -0.00000
-23.91073 -0.00018
-23.89271 -0.00001
-23.87932 -0.00000
-23.86770 -0.00000
-23.86236 -0.00000
-23.85412 -0.00000
-23.81941 -0.00000
-23.73698 -0.00000
-23.73405 -0.00000
-23.71853 -0.00000
-23.71742 -0.00000
-23.71479 -0.00000
-23.69534 -0.00000
-23.65771 -0.00000
-23.63719 -0.00000
-23.63532 -0.00000
-23.61507 -0.00000
-23.61082 -0.00000
-23.60755 -0.00000
-23.58573 -0.00000
-23.58431 -0.00000
-23.56356 -0.00000
-23.56056 -0.00000
-23.55284 -0.00000
-23.53764 -0.00000
-23.52294 -0.00000
-23.52029 -0.00000
-23.50856 -0.00000
-23.48533 -0.00000
-23.46765 -0.00000
-23.45273 -0.00000
-23.40444 -0.00000
-23.38795 -0.00000
-23.37739 -0.00000
-23.31125 -0.00000
-23.31001 -0.00000
-23.30468 -0.00007
-23.29993 -0.00000
-23.27375 -0.00000
-23.26965 -0.00000
-23.25066 -0.00001
-23.22697 -0.00005
-23.12778 -0.00000
-23.09925 -0.00007
-23.09890 -0.00000
-23.09035 -0.00000
-23.00437 -0.00000
-22.98606 -0.00000
-22.98004 -0.00000
-22.94582 -0.00000
-22.93125 -0.00000
-22.93113 -0.00000
-22.88499 -0.00000
-22.85989 -0.00000
-22.83322 -0.00000
-22.78938 -0.00000
-22.77841 -0.00000
-22.77716 -0.00000
-22.75662 -0.00000
-22.66339 -0.00000
-22.65326 -0.00000
-22.61672 -0.00000
-22.59975 -0.00000
-22.59296 -0.00000
-22.49391 -0.00000
-22.47547 -0.00000
-22.44650 -0.00000
-22.43998 -0.00000
-22.40268 -0.00000
-22.22612 -0.00000
-22.21942 -0.00000
-22.21764 -0.00000
-22.20776 -0.00000
-22.17552 -0.00000
-22.14366 -0.00000
-22.09255 -0.00000
-22.08036 -0.00000
-22.07923 -0.00000
-22.07395 -0.00000
-22.06472 -0.00000
-21.99455 -0.00000
-21.98377 -0.00000
-21.92883 -0.00000
-21.87521 -0.00000
-21.87510 -0.00000
-21.87057 -0.00011
-21.85106 -0.00000
-21.83967 -0.00000
-21.83171 -0.00000
-21.82898 -0.00000
-21.80991 -0.00000
-21.73290 -0.00000
-21.72971 -0.00000
-21.72740 -0.00001
-21.71976 -0.00000
-21.64019 -0.00000
-21.61932 -0.00001
-21.60737 -0.00000
-21.44985 -0.00000
-21.43046 -0.00000
-21.43010 -0.00000
-21.39907 -0.00000
-21.38564 -0.00000
-21.32275 -0.00000
-21.30246 -0.00000
-21.28863 -0.00001
-21.24079 -0.00000
-21.18180 -0.00000
-21.14598 -0.00001
-21.08446 -0.00000
-21.08314 -0.00000
-21.03768 -0.00000
-21.03076 -0.00000
-20.97169 -0.00000
-20.95061 -0.00001
-20.86923 -0.00000
-20.86575 -0.00000
-20.81094 -0.00000
-20.77666 -0.00000
-20.75830 -0.00000
-20.73509 -0.00000
-20.73119 -0.00000
-20.68418 -0.00000
-20.68414 -0.00000
-20.68208 -0.00000
-20.66964 -0.00000
-20.64604 -0.00000
-20.60836 -0.00000
-20.58901 -0.00000
-20.58721 -0.00000
-20.54585 -0.00000
-20.50598 -0.00001
-20.49708 -0.00000
-20.48819 -0.00000
-20.42246 -0.00000
-20.34255 -0.00000
-20.33821 -0.00001
-20.32004 -0.00000
-20.31180 -0.00000
-20.28656 -0.00000
-20.23506 -0.00000
-20.18176 -0.00000
-20.16220 -0.00011
-20.05858 -0.00000
-20.04589 -0.00000
-20.02462 -0.00000
-19.97533 -0.00000
-19.96044 -0.00000
-19.92358 -0.00000
-19.91857 -0.00000
-19.86901 -0.00000
-19.81757 -0.00000
-19.79087 -0.00001
-19.75219 -0.00000
-19.75207 -0.00000
-19.74780 -0.00000
-19.72298 -0.00000
-19.68691 -0.00000
-19.65917 -0.00000
-19.65914 -0.00000
-19.64935 -0.00000
-19.64744 -0.00000
-19.62296 -0.00000
-19.61541 -0.00000
-19.60726 -0.00000
-19.59371 -0.00000
-19.58037 -0.00000
-19.51223 -0.00000
-19.49642 -0.00000
-19.28835 -0.00000
-19.22959 -0.00002
-19.17759 -0.00000
-19.17640 -0.00013
-19.14695 -0.00000
-19.10528 -0.00000
-18.97351 -0.00000
-18.96137 -0.00000
-18.94335 -0.00000
-18.93589 -0.00000
-18.90778 -0.00000
-18.88577 -0.00001
-18.84445 -0.00001
-18.84089 -0.00000
-18.77141 -0.00000
-18.73919 -0.00000
-18.73911 -0.00000
-18.70787 -0.00000
-18.67997 -0.00000
-18.67684 -0.00148
-18.58229 -0.00000
-18.56463 -0.00000
-18.53752 -0.00000
-18.51066 -0.00000
-18.47093 -0.00000
-18.38499 -0.00000
-18.37451 -0.00000
-18.29579 -0.00000
-18.26619 -0.00000
-18.13937 -0.00000
-18.11599 -0.00000
-18.10630 -0.00000
-18.10186 -0.00000
-18.01280 -0.00000
-18.00830 -0.00000
-17.99735 -0.00000
-17.92672 -0.00000
-17.89499 -0.00000
-17.84794 -0.00000
-17.83320 -0.00000
-17.83307 -0.00000
-17.76383 -0.00001
-17.63730 -0.00000
-17.55508 -0.00000
-17.54982 -0.00000
-17.52909 -0.00407
-17.44036 -0.00070
-17.37338 -0.00000
-17.36142 -0.00033
-17.30010 -0.00005
-17.16311 -0.00000
-16.97515 -0.00000
-16.97508 -0.00000
-16.89099 -0.00000
-16.80482 -0.00500
-16.76455 -0.00000
-16.67402 -0.00000
-16.58779 -0.00000
-16.53317 -0.00000
-16.42106 -0.00000
-16.38352 -0.00000
-16.33433 -0.00008
-16.32420 -0.00025
-16.24020 -0.00001
-16.23111 -0.00000
-16.12870 -0.00000
-15.96770 -0.00000
-15.49386 -0.00000
-15.43755 -0.00000
-15.41276 -0.00000
-15.34557 -0.00000
-15.12408 -0.00000
-15.07692 -0.00000
-15.00636 -0.00000
-14.99314 -0.00000
-14.96569 -0.00000
-14.94898 -0.00027
-14.94262 -0.00000
-14.94016 -0.00002
-14.94010 -0.00002
-14.89140 -0.00000
-14.83866 -0.00009
-14.80839 -0.00006
-14.68441 -0.00003
-14.56816 -0.00001
-14.26709 -0.00006
-13.99350 -0.00000
-13.94702 -0.00011
-13.86633 -0.00000
-13.74825 -0.00000
-13.62180 -0.00000
-13.47852 -0.00000
-13.33035 -0.00151
-13.16332 -0.00042
-12.78619 -0.00006
-12.78611 -0.00006
-12.61894 -0.05904
-12.57566 -0.00016
-12.57343 -0.00106
-12.41245 -0.00000
-12.36918 -0.00012
-12.36910 -0.00001
-12.32055 -0.00000
-12.21023 -0.00064
-12.21011 -0.00064
-12.19990 -0.00000
-12.12829 -0.00000
-12.09168 -0.00000
-12.00577 -0.00000
-11.91535 -0.00037
-11.89227 -0.00000
-11.82511 -0.00019
-11.71809 -0.00003
-11.71441 -0.00006
-11.63910 -0.00000
-11.50867 -0.00000
-11.49229 -0.00001
-11.45292 -0.00008
-11.40560 -0.00179
-11.23892 -0.00000
-11.02935 -0.00010
-10.81941 -0.00000
-10.81671 -0.00000
-10.81307 -0.00002
-10.63384 -0.00004
-10.34065 -0.00215
-9.88928 -0.00000
-9.68112 -0.00000
-9.56928 -0.00036
-9.54948 -0.00000
-7.95747 -0.00002
-7.66139 -0.00000
-6.95126 -0.09399
-6.53085 -0.21544
-5.51719 -0.04348
-5.43578 -0.19141
-5.36535 -0.02546
-5.22331 -0.00620
-1.10000 -0.76385
0.20882 -0.84260
0.20898 -0.84260
3.92807 -1.65270
6.34253 -0.00000
6.64358 -0.00005
7.47627 -0.00792
8.33248 -0.00000
8.51015 -0.01165
9.12375 -0.00007
9.12397 -0.00007
9.45809 -0.00190
9.60261 -0.03080
10.05755 -0.00000
10.35821 -0.00006
11.02622 -0.00000
11.19282 -0.01186
11.53884 -0.00000
11.53902 -0.00000
11.77690 -0.00541
12.04446 -0.00000
12.04915 -0.00000
12.27582 -0.01532
12.27590 -0.01532
12.51697 -0.00000
12.83849 -0.00004
13.18381 -0.01416
13.24439 -0.04607
13.65633 -0.00000
13.96168 -0.00000
14.69473 -0.00000
14.99991 -0.00000
15.33860 -0.00412
15.62276 -0.00000
15.64239 -0.00000
15.79878 -0.00000
15.94781 -0.00000
16.10327 -0.00000
16.39682 -0.00884
16.44745 -0.00000
16.65989 -0.00000
17.18574 -0.00000
17.36248 -0.00000
17.39363 -0.03201
17.48517 -0.00000
17.49069 -0.00000
17.60675 -0.00000
17.66733 -0.00001
17.68735 -0.00000
17.76029 -0.00000
17.93854 -0.00000
17.99157 -0.00000
18.17010 -0.00000
18.20826 -0.00000
18.23089 -0.00000
18.32233 -0.00000
18.43305 -0.00000
18.45568 -0.00000
18.51327 -0.00000
18.58607 -0.00001
18.66901 -0.00000
18.76001 -0.00000
18.97354 -0.00000
19.16006 -0.00000
19.33330 -0.00000
19.36251 -0.00000
19.47014 -0.00000
19.66680 -0.00000
19.66692 -0.00000
19.77814 -0.00000
19.81244 -0.00000
19.82139 -0.00001
19.89949 -0.00000
19.90823 -0.00000
19.92966 -0.00013
19.97566 -0.00000
20.07338 -0.00000
20.14896 -0.00000
20.18077 -0.00000
20.25785 -0.00000
20.25788 -0.00000
20.38315 -0.00001
20.41743 -0.00001
20.42342 -0.00000
20.47443 -0.00000
20.49784 -0.00011
20.49790 -0.00011
20.64664 -0.00000
20.73073 -0.00000
20.80021 -0.00007
20.99778 -0.00000
21.14425 -0.00000
21.24246 -0.00001
21.32998 -0.00000
21.43777 -0.00000
21.43787 -0.00000
21.44420 -0.00008
21.45716 -0.00000
21.48684 -0.00000
21.48697 -0.00000
21.49576 -0.00007
21.49587 -0.00007
21.78772 -0.00000
21.85258 -0.00000
21.99584 -0.00000
22.00118 -0.00000
22.14931 -0.00001
22.32057 -0.00010
22.33203 -0.00002
22.35016 -0.00000
22.55551 -0.00000
22.64149 -0.00000
22.68910 -0.00000
22.81177 -0.00003
22.86051 -0.00000
22.87856 -0.00007
23.11610 -0.00020
23.22133 -0.00000
23.30519 -0.00000
23.39906 -0.00006
23.40930 -0.00000
23.46569 -0.00009
23.46599 -0.00008
23.56557 -0.00000
23.58670 -0.00000
23.69075 -0.00000
23.75727 -0.00000
23.81566 -0.00000
23.82358 -0.00000
23.84176 -0.00037
23.86502 -0.00000
23.88518 -0.00000
23.93304 -0.00003
23.93977 -0.00000
24.08784 -0.00017
24.12230 -0.00011
24.21105 -0.00000
24.27753 -0.00000
24.34844 -0.00000
24.53359 -0.00000
24.77655 -0.00000
24.82397 -0.00003
24.94028 -0.00011
24.95908 -0.00076
25.33857 -0.00000
25.39671 -0.00013
25.54744 -0.00000
25.73691 -0.00000
25.86104 -0.00000
26.00622 -0.00000
26.24244 -0.00000
26.27335 -0.00000
26.28030 -0.00000
26.28785 -0.00000
26.28797 -0.00000
26.35689 -0.00013
26.39601 -0.00001
26.40582 -0.00000
26.40590 -0.00000
26.43867 -0.00000
26.57992 -0.00000
26.59073 -0.00000
26.72171 -0.00000
26.75302 -0.00008
26.85008 -0.00000
26.88697 -0.00000
26.90164 -0.00000
26.90377 -0.00000
26.90392 -0.00000
27.00558 -0.00000
27.05250 -0.00000
27.09492 -0.00025
27.15627 -0.00000
27.18564 -0.00000
27.31890 -0.00000
27.32076 -0.00000
27.32114 -0.00000
27.32433 -0.00001
27.39636 -0.00004
27.42566 -0.00016
27.45837 -0.00000
27.50193 -0.00001
27.51694 -0.00000
27.68595 -0.00000
27.69192 -0.00000
27.77217 -0.00000
27.83335 -0.00000
27.88137 -0.00000
27.89435 -0.00000
27.94858 -0.00000
27.96274 -0.00000
27.96305 -0.00000
28.04201 -0.00000
28.04767 -0.00005
28.05056 -0.00000
28.09534 -0.00000
28.09935 -0.00073
28.11957 -0.00000
28.12846 -0.00000
28.16206 -0.00000
28.23678 -0.00058
28.27074 -0.00000
28.29092 -0.00000
28.36709 -0.00000
28.57272 -0.00000
28.69644 -0.00000
28.70925 -0.00000
28.71161 -0.00000
28.74904 -0.00000
28.88884 -0.00000
28.88888 -0.00000
28.89484 -0.00000
28.89492 -0.00000
28.97336 -0.00000
29.01818 -0.00000
29.02216 -0.00000
29.02506 -0.00000
29.05076 -0.00026
29.05216 -0.00000
29.05392 -0.00000
29.09072 -0.00000
29.09092 -0.00000
29.14541 -0.00000
29.19303 -0.00000
29.19414 -0.00000
29.26358 -0.00000
29.27567 -0.00000
29.28853 -0.00000
29.32861 -0.00000
29.34668 -0.00000
29.42199 -0.00000
29.48724 -0.00000
29.49518 -0.00000
29.52734 -0.00000
29.55737 -0.00000
29.57744 -0.00000
29.64182 -0.00000
29.64187 -0.00000
29.65004 -0.00000
29.65094 -0.00000
29.67570 -0.00000
29.69224 -0.00000
29.72127 -0.00000
29.72675 -0.00000
29.72690 -0.00000
29.72973 -0.00000
29.76931 -0.00000
29.77194 -0.00000
29.79252 -0.00000
29.81677 -0.00000
29.82101 -0.00000
29.83269 -0.00000
29.84476 -0.00000
29.86996 -0.00000
29.88941 -0.00000
29.98847 -0.00000
30.00056 -0.00000
30.00377 -0.00000
30.00483 -0.00000
30.00496 -0.00000
30.01500 -0.00000
30.04852 -0.00000
30.07829 -0.00000
30.08896 -0.00000
30.11831 -0.00000
30.13641 -0.00000
30.15457 -0.00000
30.18995 -0.00000
30.20533 -0.00000
30.25601 -0.00000
30.26149 -0.00000
30.28380 -0.00000
30.33159 -0.00000
30.34109 -0.00000
30.34324 -0.00000
30.44412 -0.00000
30.49901 -0.00000
30.51493 -0.00000
30.53996 -0.00000
30.55414 -0.00000
30.57635 -0.00000
30.60291 -0.00000
30.61015 -0.00000
30.63944 -0.00000
30.64058 -0.00000
30.65094 -0.00000
30.65451 -0.00000
30.69049 -0.00000
30.72538 -0.00000
30.75480 -0.00000
30.75486 -0.00000
30.76485 -0.00000
30.76487 -0.00000
30.79829 -0.00000
30.80791 -0.00000
30.85483 -0.00000
30.85491 -0.00000
30.85635 -0.00000
30.89407 -0.00000
30.89567 -0.00000
30.89940 -0.00000
30.92714 -0.00000
31.01417 -0.00000
31.04600 -0.00000
31.07516 -0.00000
31.11647 -0.00000
31.13770 -0.00000
31.14886 -0.00000
31.14892 -0.00000
31.21878 -0.00000
31.24863 -0.00000
31.30659 -0.00000
31.33841 -0.00000
31.35063 -0.00000
31.38458 -0.00000
31.39373 -0.00003
31.39388 -0.00003
31.43808 -0.00000
31.49404 -0.00000
31.52015 -0.00000
31.53768 -0.00000
31.54370 -0.00000
31.54925 -0.00000
31.55283 -0.00000
31.55289 -0.00000
31.55773 -0.00000
31.58375 -0.00000
31.59361 -0.00000
31.59682 -0.00000
31.59692 -0.00000
31.63716 -0.00000
31.64932 -0.00000
31.67403 -0.00000
31.67872 -0.00000
31.69874 -0.00000
31.72079 -0.00000
31.74543 -0.00000
31.75939 -0.00000
31.76533 -0.00000
31.79764 -0.00000
31.80648 -0.00000
31.80873 -0.00000
31.85106 -0.00000
31.85631 -0.00000
31.87923 -0.00000
31.89846 -0.00000
31.90272 -0.00000
31.96782 -0.00000
31.97066 -0.00000
31.97207 -0.00000
32.01206 -0.00000
32.04665 -0.00000
32.08759 -0.00000
32.08946 -0.00000
32.14100 -0.00039
32.17125 -0.00000
32.21999 -0.00000
32.24679 -0.00000
32.24689 -0.00000
32.26939 -0.00000
32.28270 -0.00000
32.30730 -0.00000
32.33085 -0.00000
32.33099 -0.00000
32.35600 -0.00000
32.37160 -0.00000
32.38535 -0.00000
32.38612 -0.00000
32.42178 -0.00000
32.46881 -0.00000
32.47701 -0.00000
32.52840 -0.00000
32.54021 -0.00000
32.55796 -0.00000
32.55904 -0.00000
32.58149 -0.00000
32.59976 -0.00000
32.59986 -0.00000
32.63619 -0.00000
32.63726 -0.00000
32.67925 -0.00000
32.67999 -0.00000
32.71096 -0.00000
32.74044 -0.00000
32.82176 -0.00000
32.84243 -0.00000
32.86416 -0.00000
32.87117 -0.00000
32.90971 -0.00000
32.95028 -0.00000
32.98277 -0.00000
32.98621 -0.00000
33.00110 -0.00000
33.03717 -0.00000
33.05360 -0.00000
33.09451 -0.00000
33.11555 -0.00000
33.12772 -0.00000
33.17261 -0.00000
33.19556 -0.00000
33.26357 -0.00000
33.30260 -0.00000
33.30914 -0.00000
33.31240 -0.00000
33.33559 -0.00000
33.36079 -0.00000
33.36698 -0.00000
33.37695 -0.00000
33.41469 -0.00000
33.41920 -0.00000
33.45697 -0.00000
33.51836 -0.00000
33.53129 -0.00000
33.53886 -0.00000
33.53889 -0.00000
33.56226 -0.00000
33.57328 -0.00000
33.62332 -0.00000
33.62553 -0.00000
33.62660 -0.00000
33.66671 -0.00000
33.72770 -0.00000
33.75653 -0.00000
33.75970 -0.00000
33.79659 -0.00000
33.81935 -0.00000
33.82135 -0.00000
33.89063 -0.00000
33.93349 -0.00000
33.93727 -0.00000
33.93965 -0.00000
33.94624 -0.00000
34.06824 -0.00000
34.07452 -0.00000
34.11636 -0.00000
34.13564 -0.00000
34.19839 -0.00000
34.25651 -0.00000
34.33524 -0.00000
34.36300 -0.00000
34.43018 -0.00000
34.44762 -0.00000
34.44868 -0.00000
34.45084 -0.00000
34.45094 -0.00000
34.50780 -0.00000
34.53424 -0.00000
34.56947 -0.00000
34.59354 -0.00000
34.60669 -0.00000
34.61624 -0.00000
34.64638 -0.00000
34.66964 -0.00000
34.67101 -0.00000
34.67361 -0.00000
34.86260 -0.00000
34.90884 -0.00000
34.90890 -0.00000
34.96247 -0.00000
35.11880 -0.00000
35.14075 -0.00000
35.16518 -0.00000
35.19634 -0.00000
35.32495 -0.00000
35.35862 -0.00000
35.35888 -0.00000
35.36264 -0.00000
35.36662 -0.00000
35.42115 -0.00000
35.45547 -0.00000
35.49420 -0.00000
35.52020 -0.00000
35.52683 -0.00000
35.52688 -0.00000
35.57079 -0.00000
35.58916 -0.00000
35.59652 -0.00000
35.64379 -0.00000
35.71284 -0.00000
35.71294 -0.00000
35.71538 -0.00000
35.72314 -0.00000
35.72514 -0.00000
35.73101 -0.00000
35.78128 -0.00000
35.82123 -0.00000
35.87273 -0.00000
35.87287 -0.00000
35.96223 -0.00000
35.97792 -0.00000
36.07115 -0.00000
36.07266 -0.00000
36.09216 -0.00000
36.14560 -0.00000
36.18740 -0.00000
36.26182 -0.00000
36.26200 -0.00000
36.27375 -0.00000
36.27959 -0.00000
36.43196 -0.00000
36.45446 -0.00000
36.51868 -0.00000
36.54469 -0.00000
36.56845 -0.00000
36.64627 -0.00000
36.68524 -0.00000
36.78501 -0.00000
36.84625 -0.00000
36.95229 -0.00000
36.96068 -0.00000
37.05698 -0.00000
37.06578 -0.00000
37.08204 -0.00000
37.15151 -0.00000
37.15984 -0.00000
37.15989 -0.00000
37.16714 -0.00000
37.26789 -0.00000
37.33945 -0.00000
37.34071 -0.00000
37.35453 -0.00000
37.37466 -0.00000
37.43053 -0.00000
37.43872 -0.00000
37.50301 -0.00000
37.51691 -0.00000
37.54129 -0.00000
37.68406 -0.00000
37.69202 -0.00000
37.74723 -0.00000
37.84080 -0.00000
37.84087 -0.00000
37.84429 -0.00000
37.85222 -0.00000
37.97501 -0.00000
37.97724 -0.00000
37.98543 -0.00000
38.07684 -0.00000
38.07687 -0.00000
38.08166 -0.00000
38.13059 -0.00000
38.13207 -0.00000
38.16198 -0.00000
38.18684 -0.00000
38.19837 -0.00000
38.23332 -0.00000
38.26359 -0.00000
38.28868 -0.00000
38.32639 -0.00000
38.33353 -0.00000
38.36574 -0.00000
38.37177 -0.00000
38.37188 -0.00000
38.45522 -0.00000
38.51223 -0.00000
38.61126 -0.00000
38.75745 -0.00000
38.79036 -0.00000
38.83983 -0.00000
38.84142 -0.00000
38.89544 -0.00000
38.99060 -0.00000
39.04322 -0.00000
39.06157 -0.00000
39.16760 -0.00000
39.21389 -0.00000
39.21651 -0.00000
39.34267 -0.00000
39.37536 -0.00000
39.38508 -0.00000
39.43271 -0.00000
39.43473 -0.00000
39.60261 -0.00000
39.64848 -0.00000
39.67787 -0.00000
39.69751 -0.00000
39.71005 -0.00000
39.99343 -0.00000
40.08611 -0.00000
40.16683 -0.00000
40.16709 -0.00000
40.34554 -0.00000
40.35902 -0.00000
40.47262 -0.00000
40.49384 -0.00000
40.51032 -0.00000
40.53119 -0.00000
40.54802 -0.00000
40.55334 -0.00000
40.60879 -0.00000
40.62822 -0.00000
40.65600 -0.00000
40.66307 -0.00000
40.71675 -0.00000
40.72215 -0.00000
40.72636 -0.00000
40.79655 -0.00000
40.80171 -0.00000
40.80266 -0.00000
40.81962 -0.00000
40.82671 -0.00000
40.84489 -0.00000
40.91707 -0.00000
40.96119 -0.00000
40.96706 -0.00000
41.03951 -0.00000
41.07510 -0.00000
41.08237 -0.00000
41.11718 -0.00000
41.13556 -0.00000
41.18822 -0.00000
41.23774 -0.00000
41.23803 -0.00000
41.25750 -0.00000
41.27819 -0.00000
41.27994 -0.00000
41.30225 -0.00000
41.32516 -0.00000
41.44206 -0.00000
41.50246 -0.00000
41.57833 -0.00000
41.65371 -0.00000
41.74030 -0.00000
41.76212 -0.00000
41.80080 -0.00000
41.81686 -0.00000
41.81690 -0.00000
41.82580 -0.00000
41.87220 -0.00000
41.89511 -0.00000
41.89622 -0.00000
41.90152 -0.00000
41.90990 -0.00000
41.95277 -0.00000
41.97642 -0.00000
41.98217 -0.00000
42.03463 -0.00000
42.05453 -0.00000
42.12176 -0.00000
42.12682 -0.00000
42.14583 -0.00000
42.14625 -0.00000
42.20604 -0.00000
42.22012 -0.00000
42.23774 -0.00000
42.23788 -0.00000
42.28337 -0.00000
42.29581 -0.00000
42.29606 -0.00000
42.30523 -0.00000
42.31281 -0.00000
42.31290 -0.00000
42.31853 -0.00000
42.32200 -0.00000
42.34763 -0.00000
42.39094 -0.00000
42.41344 -0.00000
42.42506 -0.00000
42.42834 -0.00000
42.45239 -0.00000
42.48659 -0.00000
42.51711 -0.00000
42.55272 -0.00000
42.55296 -0.00000
42.55517 -0.00000
42.57048 -0.00000
42.57938 -0.00000
42.58441 -0.00000
42.62424 -0.00000
42.63298 -0.00000
42.64812 -0.00000
42.67517 -0.00000
42.67587 -0.00000
42.68307 -0.00000
42.70817 -0.00000
42.73914 -0.00000
42.76663 -0.00000
42.80221 -0.00000
42.80967 -0.00000
42.84982 -0.00000
42.85017 -0.00000
42.86037 -0.00000
42.88012 -0.00000
42.88609 -0.00000
42.94006 -0.00000
42.94907 -0.00000
42.98035 -0.00000
42.98875 -0.00000
42.99327 -0.00000
43.01830 -0.00000
43.07813 -0.00000
43.12068 -0.00000
43.12801 -0.00000
43.14075 -0.00000
43.14088 -0.00000
43.14864 -0.00000
43.20297 -0.00000
43.23005 -0.00000
43.24460 -0.00000
43.24703 -0.00000
43.32444 -0.00000
43.37756 -0.00000
43.38950 -0.00000
43.39024 -0.00000
43.55670 -0.00000
43.59081 -0.00000
43.59097 -0.00000
43.63720 -0.00000
43.65171 -0.00000
43.65189 -0.00000
43.66626 -0.00000
43.70004 -0.00000
43.73817 -0.00000
43.74924 -0.00000
43.76949 -0.00000
43.79081 -0.00000
43.79089 -0.00000
43.80876 -0.00000
43.81162 -0.00001
43.82355 -0.00000
43.85167 -0.00000
43.85392 -0.00000
43.87453 -0.00000
43.89380 -0.00000
43.89417 -0.00000
43.89581 -0.00000
43.89588 -0.00000
43.90047 -0.00000
43.92358 -0.00000
43.92486 -0.00000
43.92490 -0.00000
43.94064 -0.00000
43.94774 -0.00000
43.96971 -0.00000
43.98071 -0.00000
43.98248 -0.00000
43.98296 -0.00000
43.99702 -0.00000
44.02043 -0.00000
44.02606 -0.00000
44.03896 -0.00000
44.05442 -0.00000
44.07240 -0.00000
44.10680 -0.00000
44.10691 -0.00000
44.15655 -0.00000
44.15769 -0.00000
44.16525 -0.00000
44.18412 -0.00000
44.18949 -0.00000
44.20465 -0.00000
44.21263 -0.00000
44.22808 -0.00000
44.26450 -0.00000
44.28656 -0.00000
44.29399 -0.00000
44.31268 -0.00000
44.31463 -0.00000
44.36591 -0.00000
44.37171 -0.00000
44.37188 -0.00000
44.38576 -0.00000
44.39008 -0.00000
44.39883 -0.00000
44.40318 -0.00000
44.44160 -0.00000
44.45529 -0.00000
44.46685 -0.00000
44.46694 -0.00000
44.46812 -0.00000
44.48201 -0.00000
44.48716 -0.00000
44.51228 -0.00000
44.54057 -0.00000
44.54227 -0.00000
44.54781 -0.00000
44.54980 -0.00000
44.54989 -0.00000
44.55095 -0.00000
44.57728 -0.00000
44.58476 -0.00000
44.59518 -0.00000
44.60789 -0.00000
44.62212 -0.00000
44.64256 -0.00000
44.64581 -0.00000
44.64591 -0.00000
44.67784 -0.00000
44.67799 -0.00000
44.68509 -0.00000
44.71394 -0.00000
44.71732 -0.00000
44.74115 -0.00000
44.74271 -0.00000
44.74719 -0.00000
44.75837 -0.00000
44.79147 -0.00000
44.81631 -0.00000
44.82121 -0.00000
44.83878 -0.00000
44.83897 -0.00000
44.84906 -0.00000
44.87329 -0.00000
44.87721 -0.00000
44.89930 -0.00000
44.92069 -0.00000
44.93436 -0.00000
44.95008 -0.00000
44.97908 -0.00000
44.99110 -0.00000
44.99974 -0.00000
45.02839 -0.00000
45.04680 -0.00000
45.05907 -0.00000
45.07479 -0.00000
45.10586 -0.00000
45.10604 -0.00000
45.10712 -0.00000
45.11890 -0.00000
45.12079 -0.00000
45.12087 -0.00000
45.13186 -0.00000
45.13194 -0.00000
45.13682 -0.00000
45.13697 -0.00000
45.15019 -0.00000
45.15584 -0.00000
45.15587 -0.00000
45.16152 -0.00000
45.17564 -0.00000
45.18429 -0.00000
45.20164 -0.00000
45.21581 -0.00000
45.21590 -0.00000
45.24743 -0.00000
45.25459 -0.00000
45.26825 -0.00000
45.28004 -0.00000
45.29501 -0.00000
45.30550 -0.00000
45.30899 -0.00000
45.32935 -0.00000
45.33975 -0.00000
45.34035 -0.00000
45.34933 -0.00000
45.35214 -0.00000
45.37753 -0.00000
45.38304 -0.00000
45.39172 -0.00000
45.40363 -0.00000
45.42377 -0.00000
45.42444 -0.00000
45.42516 -0.00000
45.43595 -0.00000
45.44920 -0.00000
45.46835 -0.00000
45.47720 -0.00000
45.49432 -0.00000
45.53455 -0.00000
45.54002 -0.00000
45.54626 -0.00000
45.54753 -0.00000
45.55493 -0.00000
45.55851 -0.00000
45.57845 -0.00000
45.61758 -0.00000
45.62050 -0.00000
45.63383 -0.00000
45.63390 -0.00000
45.63952 -0.00000
45.66759 -0.00000
45.67255 -0.00000
45.68027 -0.00000
45.69021 -0.00000
45.73543 -0.00000
45.74121 -0.00000
45.74364 -0.00000
45.74551 -0.00000
45.76095 -0.00000
45.78825 -0.00000
45.80177 -0.00000
45.80279 -0.00000
45.80296 -0.00000
45.80650 -0.00000
45.80934 -0.00000
45.82324 -0.00000
45.82445 -0.00000
45.89120 -0.00000
45.90923 -0.00000
45.91597 -0.00000
45.93467 -0.00000
45.94965 -0.00000
45.95359 -0.00000
45.96665 -0.00000
45.99079 -0.00000
45.99110 -0.00000
45.99397 -0.00000
46.00089 -0.00000
46.01185 -0.00000
46.01197 -0.00000
46.01359 -0.00000
46.01869 -0.00000
46.02055 -0.00000
46.02510 -0.00000
46.03997 -0.00000
46.05064 -0.00000
46.05308 -0.00000
46.05777 -0.00000
46.06402 -0.00000
46.07081 -0.00000
46.07645 -0.00000
46.09164 -0.00000
46.09614 -0.00000
46.09762 -0.00000
46.10362 -0.00000
46.11903 -0.00000
46.12308 -0.00000
46.14223 -0.00000
46.16018 -0.00000
46.18043 -0.00000
46.19080 -0.00000
46.20172 -0.00000
46.20251 -0.00000
46.21361 -0.00000
46.21752 -0.00000
46.23137 -0.00000
46.23332 -0.00000
46.23411 -0.00000
46.23559 -0.00000
46.25008 -0.00000
46.27116 -0.00000
46.29079 -0.00000
46.29089 -0.00000
46.29874 -0.00000
46.31120 -0.00000
46.32006 -0.00001
46.32157 -0.00000
46.32229 -0.00000
46.33775 -0.00000
46.33938 -0.00000
46.34081 -0.00000
46.34282 -0.00000
46.34516 -0.00000
46.35779 -0.00000
46.35789 -0.00000
46.37854 -0.00000
46.38922 -0.00000
46.39377 -0.00000
46.40771 -0.00000
46.41367 -0.00000
46.41444 -0.00000
46.43370 -0.00000
46.43883 -0.00000
46.43887 -0.00000
46.51269 -0.00000
46.51761 -0.00000
46.52951 -0.00000
46.53034 -0.00000
46.53754 -0.00000
46.55830 -0.00000
46.55970 -0.00000
46.56684 -0.00000
46.56689 -0.00000
46.59013 -0.00000
46.60990 -0.00000
46.62242 -0.00000
46.62322 -0.00000
46.62598 -0.00000
46.62989 -0.00000
46.63844 -0.00000
46.64552 -0.00000
46.65009 -0.00000
46.66444 -0.00000
46.67568 -0.00000
46.68070 -0.00000
46.68716 -0.00000
46.69140 -0.00000
46.78048 -0.00000
46.80515 -0.00000
46.80648 -0.00000
46.84174 -0.00000
46.87572 -0.00000
46.89325 -0.00000
46.89509 -0.00000
46.94222 -0.00000
46.95615 -0.00000
46.97679 -0.00000
46.98601 -0.00000
47.00435 -0.00000
47.04448 -0.00000
47.04536 -0.00000
47.04814 -0.00000
47.05546 -0.00000
47.07957 -0.00000
47.09556 -0.00000
47.10385 -0.00000
47.10394 -0.00000
47.11957 -0.00000
47.12050 -0.00000
47.12353 -0.00000
47.13254 -0.00000
47.13538 -0.00000
47.14621 -0.00000
47.15469 -0.00000
47.16735 -0.00000
47.18546 -0.00000
47.18946 -0.00000
47.19671 -0.00000
47.20967 -0.00000
47.21876 -0.00000
47.23178 -0.00000
47.23327 -0.00000
47.23736 -0.00000
47.27750 -0.00000
47.28016 -0.00000
47.30349 -0.00000
47.31000 -0.00000
47.31836 -0.00000
47.32600 -0.00000
47.34159 -0.00000
47.35640 -0.00000
47.35844 -0.00000
47.36172 -0.00000
47.41271 -0.00000
47.43110 -0.00000
47.43533 -0.00000
47.45473 -0.00000
47.45497 -0.00000
47.46479 -0.00000
47.46500 -0.00000
47.46970 -0.00000
47.48096 -0.00000
47.48394 -0.00000
47.48983 -0.00000
47.48988 -0.00000
47.50923 -0.00000
47.50998 -0.00000
47.52858 -0.00000
47.53553 -0.00000
47.54475 -0.00000
47.54922 -0.00000
47.56535 -0.00000
47.56970 -0.00000
47.57521 -0.00000
47.58830 -0.00000
47.60415 -0.00000
47.61025 -0.00000
47.61182 -0.00000
47.62302 -0.00000
47.65340 -0.00000
47.67018 -0.00000
47.68026 -0.00000
47.71853 -0.00000
47.72149 -0.00000
47.72360 -0.00000
47.73179 -0.00000
47.73191 -0.00000
47.75295 -0.00000
47.75953 -0.00000
47.76624 -0.00000
47.76842 -0.00000
47.77695 -0.00000
47.79581 -0.00000
47.79783 -0.00000
47.79790 -0.00000
47.81087 -0.00000
47.82883 -0.00000
47.82901 -0.00000
47.84332 -0.00000
47.85358 -0.00000
47.86722 -0.00000
47.92477 -0.00000
47.92791 -0.00000
47.93214 -0.00000
47.93768 -0.00000
47.96473 -0.00000
47.98064 -0.00000
47.98135 -0.00000
47.98198 -0.00000
48.00443 -0.00000
48.01070 -0.00000
48.01279 -0.00000
48.01292 -0.00000
48.01953 -0.00000
48.03254 -0.00000
48.05769 -0.00000
48.06621 -0.00000
48.06907 -0.00000
48.08168 -0.00000
48.08741 -0.00000
48.09370 -0.00000
48.10810 -0.00000
48.12041 -0.00000
48.14927 -0.00000
48.15202 -0.00000
48.15866 -0.00000
48.16276 -0.00000
48.18251 -0.00000
48.20558 -0.00000
48.21851 -0.00000
48.22505 -0.00000
48.27126 -0.00000
48.27741 -0.00000
48.28796 -0.00000
48.29237 -0.00000
48.30150 -0.00000
48.31674 -0.00000
48.31905 -0.00000
48.32907 -0.00000
48.35029 -0.00000
48.36593 -0.00000
48.37219 -0.00000
48.37383 -0.00000
48.42671 -0.00000
48.42982 -0.00000
48.43541 -0.00000
48.46632 -0.00000
48.49783 -0.00000
48.49787 -0.00000
48.50312 -0.00000
48.52265 -0.00000
48.52902 -0.00000
48.53560 -0.00000
48.54026 -0.00000
48.55559 -0.00000
48.55726 -0.00000
48.56617 -0.00000
48.58108 -0.00000
48.58414 -0.00000
48.59046 -0.00000
48.60840 -0.00000
48.62150 -0.00000
48.62205 -0.00000
48.62529 -0.00000
48.62882 -0.00000
48.63386 -0.00000
48.63395 -0.00000
48.64266 -0.00000
48.64444 -0.00000
48.64774 -0.00000
48.65134 -0.00000
48.66346 -0.00000
48.67442 -0.00000
48.68699 -0.00000
48.69794 -0.00000
48.71669 -0.00000
48.73672 -0.00000
48.73783 -0.00000
48.73788 -0.00000
48.74054 -0.00000
48.74268 -0.00000
48.74338 -0.00000
48.75340 -0.00000
48.76770 -0.00000
48.76816 -0.00000
48.76908 -0.00000
48.78835 -0.00000
48.80438 -0.00000
48.80611 -0.00000
48.82952 -0.00000
48.83771 -0.00000
48.84884 -0.00000
48.84983 -0.00000
48.84989 -0.00000
48.85284 -0.00000
48.85321 -0.00000
48.85392 -0.00000
48.85602 -0.00000
48.86249 -0.00000
48.86952 -0.00000
48.86994 -0.00000
48.87860 -0.00000
48.89105 -0.00000
48.97802 -0.00000
48.98045 -0.00000
48.98881 -0.00000
48.98887 -0.00000
48.99822 -0.00000
48.99888 -0.00000
49.01215 -0.00000
49.03128 -0.00000
49.05237 -0.00000
49.07980 -0.00000
49.08635 -0.00000
49.09284 -0.00000
49.09291 -0.00000
49.09583 -0.00000
49.09589 -0.00000
49.12010 -0.00000
49.12851 -0.00000
49.16369 -0.00000
49.16521 -0.00000
49.16659 -0.00000
49.17368 -0.00000
49.21078 -0.00000
49.21440 -0.00000
49.23336 -0.00000
49.24972 -0.00000
49.25719 -0.00000
49.26121 -0.00000
49.29755 -0.00000
49.31087 -0.00000
49.32079 -0.00000
49.32207 -0.00000
49.34042 -0.00000
49.36749 -0.00000
49.37009 -0.00000
49.37241 -0.00000
49.38167 -0.00000
49.39176 -0.00000
49.39204 -0.00000
49.39467 -0.00000
49.40215 -0.00000
49.41146 -0.00000
49.42258 -0.00000
49.43868 -0.00000
49.44020 -0.00000
49.45531 -0.00000
49.47944 -0.00000
49.48277 -0.00000
49.49532 -0.00000
49.52098 -0.00000
49.53584 -0.00000
49.53587 -0.00000
49.54082 -0.00000
49.54107 -0.00000
49.55279 -0.00000
49.55293 -0.00000
49.55614 -0.00000
49.55727 -0.00000
49.56911 -0.00000
49.58196 -0.00000
49.58844 -0.00000
49.60073 -0.00000
49.64030 -0.00000
49.64228 -0.00000
49.65570 -0.00000
49.65637 -0.00000
49.66525 -0.00000
49.67399 -0.00000
49.68468 -0.00000
49.69113 -0.00000
49.71079 -0.00000
49.72916 -0.00000
49.73560 -0.00000
49.75723 -0.00000
49.76196 -0.00000
49.76801 -0.00000
49.77020 -0.00000
49.81242 -0.00000
49.83579 -0.00000
49.86478 -0.00000
49.86993 -0.00000
49.88348 -0.00000
49.88912 -0.00000
49.89583 -0.00000
49.89909 -0.00000
49.90268 -0.00000
49.90440 -0.00000
49.91656 -0.00000
49.93522 -0.00000
49.94491 -0.00000
49.98049 -0.00000
49.98918 -0.00000
50.01795 -0.00000
50.03995 -0.00000
50.04564 -0.00000
50.05302 -0.00000
50.06552 -0.00000
50.07536 -0.00000
50.08634 -0.00000
50.10709 -0.00000
50.12293 -0.00000
50.12766 -0.00000
50.13926 -0.00000
50.14371 -0.00000
50.15939 -0.00000
50.17961 -0.00000
50.19250 -0.00000
50.20521 -0.00000
50.21472 -0.00000
50.25596 -0.00000
50.25934 -0.00000
50.27735 -0.00000
50.28407 -0.00000
50.29848 -0.00000
50.30612 -0.00000
50.31761 -0.00000
50.31937 -0.00000
50.32246 -0.00000
50.34768 -0.00000
50.35593 -0.00000
50.37024 -0.00000
50.39012 -0.00000
50.39112 -0.00000
50.40950 -0.00000
50.41665 -0.00000
50.41725 -0.00000
50.41849 -0.00000
50.44125 -0.00000
50.44890 -0.00000
50.45052 -0.00000
50.46252 -0.00000
50.46380 -0.00000
50.47478 -0.00000
50.49573 -0.00000
50.51428 -0.00000
50.51559 -0.00000
50.52895 -0.00000
50.53627 -0.00000
50.54324 -0.00000
50.57395 -0.00000
50.58031 -0.00000
50.59144 -0.00000
50.60972 -0.00000
50.63632 -0.00000
50.64069 -0.00000
50.65554 -0.00000
50.67242 -0.00000
50.67774 -0.00000
50.70847 -0.00000
50.72752 -0.00000
50.73772 -0.00000
50.77600 -0.00000
50.77850 -0.00000
50.78974 -0.00000
50.79076 -0.00000
50.83063 -0.00000
50.83115 -0.00000
50.84185 -0.00000
50.84187 -0.00000
50.87002 -0.00000
50.94754 -0.00000
50.95382 -0.00000
50.95396 -0.00000
50.95846 -0.00000
50.98224 -0.00000
51.01513 -0.00000
51.02013 -0.00000
51.04559 -0.00000
51.04645 -0.00000
51.05288 -0.00000
51.06132 -0.00000
51.06647 -0.00000
51.06854 -0.00000
51.10442 -0.00000
51.12408 -0.00000
51.13925 -0.00000
51.14573 -0.00000
51.15741 -0.00000
51.17647 -0.00000
51.19449 -0.00000
51.19706 -0.00000
51.21875 -0.00000
51.24692 -0.00000
51.25037 -0.00000
51.25878 -0.00000
51.27142 -0.00000
51.30109 -0.00000
51.30643 -0.00000
51.32039 -0.00000
51.33027 -0.00000
51.33539 -0.00000
51.34218 -0.00000
51.35518 -0.00000
51.36528 -0.00000
51.36949 -0.00000
51.37550 -0.00000
51.40076 -0.00000
51.42093 -0.00000
51.44577 -0.00000
51.44881 -0.00000
51.44942 -0.00000
51.45086 -0.00000
51.45095 -0.00000
51.47009 -0.00000
51.48019 -0.00000
51.50163 -0.00000
51.50549 -0.00000
51.52505 -0.00000
51.53110 -0.00000
51.54971 -0.00000
51.56496 -0.00000
51.57256 -0.00000
51.57927 -0.00000
51.58464 -0.00000
51.61076 -0.00000
51.61224 -0.00000
51.61353 -0.00000
51.63353 -0.00000
51.63779 -0.00000
51.65018 -0.00000
51.65770 -0.00000
51.66360 -0.00000
51.67278 -0.00000
51.68990 -0.00000
51.70133 -0.00000
51.70622 -0.00000
51.73199 -0.00000
51.74158 -0.00000
51.80505 -0.00000
51.81142 -0.00000
51.81609 -0.00000
51.83118 -0.00000
51.83235 -0.00000
51.88077 -0.00000
51.88521 -0.00000
51.88767 -0.00000
51.89115 -0.00000
51.90417 -0.00000
51.93330 -0.00000
51.93804 -0.00000
51.95309 -0.00000
51.99395 -0.00000
52.01172 -0.00000
52.02872 -0.00000
52.03362 -0.00000
52.03620 -0.00000
52.05594 -0.00000
52.06064 -0.00000
52.11912 -0.00000
52.14368 -0.00000
52.14857 -0.00000
52.15364 -0.00000
52.15415 -0.00000
52.18204 -0.00000
52.20492 -0.00000
52.21045 -0.00000
52.21451 -0.00000
52.22316 -0.00000
52.25404 -0.00000
52.28442 -0.00000
52.28662 -0.00000
52.29443 -0.00000
52.30362 -0.00000
52.30829 -0.00000
52.33582 -0.00000
52.36873 -0.00000
52.37482 -0.00000
52.37486 -0.00000
52.38725 -0.00000
52.41534 -0.00000
52.41735 -0.00000
52.41978 -0.00000
52.42171 -0.00000
52.43977 -0.00000
52.43989 -0.00000
52.45193 -0.00000
52.46060 -0.00000
52.46285 -0.00000
52.46288 -0.00000
52.50909 -0.00000
52.53154 -0.00000
52.53790 -0.00000
52.55794 -0.00000
52.56464 -0.00000
52.59697 -0.00000
52.60384 -0.00000
52.60386 -0.00000
52.64510 -0.00000
52.65631 -0.00000
52.67335 -0.00000
52.67591 -0.00000
52.69038 -0.00000
52.71651 -0.00000
52.72634 -0.00000
52.72883 -0.00000
52.72894 -0.00000
52.74800 -0.00000
52.75153 -0.00000
52.77374 -0.00000
52.78720 -0.00000
52.79723 -0.00000
52.80302 -0.00000
52.84761 -0.00000
52.87250 -0.00000
52.89789 -0.00000
52.93269 -0.00000
52.93536 -0.00000
52.94109 -0.00000
52.94566 -0.00000
52.98061 -0.00000
53.00334 -0.00000
53.01522 -0.00000
53.02566 -0.00000
53.05030 -0.00000
53.06623 -0.00000
53.08110 -0.00000
53.10050 -0.00000
53.11612 -0.00000
53.12022 -0.00000
53.14635 -0.00000
53.15088 -0.00000
53.15556 -0.00000
53.15938 -0.00000
53.16034 -0.00000
53.17125 -0.00000
53.28944 -0.00000
53.31332 -0.00000
53.34203 -0.00000
53.36128 -0.00000
53.38039 -0.00000
53.38409 -0.00000
53.39986 -0.00000
53.39991 -0.00000
53.40484 -0.00000
53.42783 -0.00000
53.42789 -0.00000
53.43753 -0.00000
53.43929 -0.00000
53.44675 -0.00000
53.50164 -0.00000
53.50606 -0.00000
53.51299 -0.00000
53.52151 -0.00000
53.52747 -0.00000
53.58051 -0.00000
53.59707 -0.00000
53.61139 -0.00000
53.63519 -0.00000
53.64613 -0.00000
53.65327 -0.00000
53.70586 -0.00000
53.70744 -0.00000
53.72353 -0.00000
53.74799 -0.00000
53.84945 -0.00000
53.87181 -0.00000
53.88472 -0.00000
53.90117 -0.00000
53.93199 -0.00000
53.96061 -0.00000
53.98196 -0.00000
54.01215 -0.00000
54.04908 -0.00000
54.05210 -0.00000
54.08900 -0.00000
54.10529 -0.00000
54.10855 -0.00000
54.13383 -0.00000
54.13396 -0.00000
54.13492 -0.00000
54.16178 -0.00000
54.16189 -0.00000
54.17286 -0.00000
54.18937 -0.00000
54.20779 -0.00000
54.26768 -0.00000
54.26940 -0.00000
54.29173 -0.00000
54.35873 -0.00000
54.37294 -0.00000
54.38870 -0.00000
54.43307 -0.00000
54.47115 -0.00000
54.50241 -0.00000
54.50289 -0.00000
54.56508 -0.00000
54.57071 -0.00000
54.57118 -0.00000
54.57964 -0.00000
54.63171 -0.00000
54.64982 -0.00000
54.64997 -0.00000
54.65435 -0.00000
54.65588 -0.00000
54.73920 -0.00000
54.74536 -0.00000
54.74702 -0.00000
54.77383 -0.00000
54.79716 -0.00000
54.82453 -0.00000
54.82967 -0.00000
54.87924 -0.00000
54.89124 -0.00000
54.93100 -0.00000
54.97038 -0.00000
54.98791 -0.00000
54.99085 -0.00000
54.99093 -0.00000
55.00801 -0.00000
55.11110 -0.00000
55.15482 -0.00000
55.16457 -0.00000
55.23201 -0.00000
55.36553 -0.00000
55.44011 -0.00000
55.47511 -0.00000
55.47996 -0.00000
55.54765 -0.00000
55.59354 -0.00000
55.60999 -0.00000
55.69550 -0.00000
55.70110 -0.00000
55.70581 -0.00000
55.77930 -0.00000
55.78291 -0.00000
55.78406 -0.00000
55.81123 -0.00000
55.84477 -0.00000
55.88381 -0.00000
55.88390 -0.00000
55.92909 -0.00000
55.95521 -0.00000
56.03802 -0.00000
56.06587 -0.00000
56.09928 -0.00000
56.16443 -0.00000
56.21220 -0.00000
56.21460 -0.00000
56.22056 -0.00000
56.22511 -0.00000
56.28548 -0.00000
56.33317 -0.00000
56.40325 -0.00000
56.45717 -0.00000
56.57927 -0.00000
56.63172 -0.00000
56.64481 -0.00000
56.67886 -0.00000
56.67891 -0.00000
56.70557 -0.00000
56.92432 -0.00000
56.96386 -0.00000
56.96389 -0.00000
57.01730 -0.00000
57.02436 -0.00000
57.10703 -0.00000
57.11568 -0.00000
57.24326 -0.00000
57.31895 -0.00000
57.40595 -0.00000
57.44173 -0.00000
57.47997 -0.00000
57.67374 -0.00000
57.74394 -0.00000
57.97109 -0.00000
58.10579 -0.00000
58.10621 -0.00000
58.16129 -0.00000
58.39003 -0.00000
58.40202 -0.00000
58.43440 -0.00000
58.44540 -0.00000
58.48391 -0.00000
58.54816 -0.00000
58.55030 -0.00000
58.55431 -0.00000
58.57084 -0.00000
58.57087 -0.00000
58.62921 -0.00000
58.64392 -0.00000
58.81165 -0.00000
58.88379 -0.00000
58.89319 -0.00000
58.92219 -0.00000
58.93493 -0.00000
58.95216 -0.00000
59.00471 -0.00000
59.04762 -0.00000
59.17891 -0.00000
59.18487 -0.00000
59.18549 -0.00000
59.18783 -0.00000
59.18795 -0.00000
59.26022 -0.00000
59.31060 -0.00000
59.33740 -0.00000
59.44386 -0.00000
59.44410 -0.00000
59.44972 -0.00000
59.51126 -0.00000
59.59072 -0.00000
59.88483 -0.00000
59.95769 -0.00000
60.04124 -0.00000
60.46041 -0.00000
60.53204 -0.00000
60.55214 -0.00000
60.59934 -0.00000
60.60217 -0.00000
60.65845 -0.00000
60.70806 -0.00000
60.76933 -0.00000
60.77507 -0.00000
60.78903 -0.00000
60.79473 -0.00000
60.80080 -0.00000
60.80093 -0.00000
60.89966 -0.00000
60.98495 -0.00000
61.02876 -0.00000
61.03484 -0.00000
61.03489 -0.00000
61.03695 -0.00000
61.05599 -0.00000
61.23096 -0.00000
61.32360 -0.00000
61.33082 -0.00000
61.35033 -0.00000
61.36819 -0.00000
61.38831 -0.00000
61.45596 -0.00000
61.50876 -0.00000
61.52043 -0.00000
61.60986 -0.00000
61.65414 -0.00000
61.67323 -0.00000
61.68208 -0.00000
61.86053 -0.00000
61.87093 -0.00000
61.90952 -0.00000
61.92881 -0.00000
61.92887 -0.00000
61.96818 -0.00000
62.01463 -0.00000
62.08046 -0.00000
62.14911 -0.00000
62.29538 -0.00000
62.30647 -0.00000
62.30949 -0.00000
62.34861 -0.00000
62.40873 -0.00000
62.40953 -0.00000
62.44482 -0.00000
62.44489 -0.00000
62.66469 -0.00000
62.68656 -0.00000
62.73858 -0.00000
62.81496 -0.00000
62.87796 -0.00000
62.88815 -0.00000
62.92699 -0.00000
63.01352 -0.00000
63.03345 -0.00000
63.13704 -0.00000
63.17858 -0.00000
63.18127 -0.00000
63.27734 -0.00000
63.30229 -0.00000
63.44967 -0.00000
63.45617 -0.00000
63.80349 -0.00000
63.81332 -0.00000
64.06839 -0.00000
64.07942 -0.00000
64.12112 -0.00000
64.15884 -0.00000
64.19804 -0.00000
64.20038 -0.00000
64.28530 -0.00000
64.32531 -0.00000
64.41720 -0.00000
64.48338 -0.00000
64.48562 -0.00000
64.58780 -0.00000
64.63924 -0.00000
64.73165 -0.00000
64.83361 -0.00000
65.01594 -0.00000
65.04146 -0.00000
65.15608 -0.00000
65.23986 -0.00000
65.23995 -0.00000
65.36227 -0.00000
65.40862 -0.00000
65.41999 -0.00000
65.42205 -0.00000
65.42399 -0.00000
65.49637 -0.00000
65.57036 -0.00000
65.59023 -0.00000
65.71931 -0.00000
65.75532 -0.00000
65.80811 -0.00000
65.86975 -0.00000
65.99848 -0.00000
66.09532 -0.00000
66.21195 -0.00000
66.21838 -0.00000
66.25114 -0.00000
66.39986 -0.00000
66.39989 -0.00000
66.41010 -0.00000
66.54860 -0.00000
66.72421 -0.00000
66.80910 -0.00000
66.90452 -0.00000
67.01739 -0.00000
67.02683 -0.00000
67.02688 -0.00000
67.11295 -0.00000
67.17399 -0.00000
67.24759 -0.00000
67.33952 -0.00000
67.89083 -0.00000
68.03019 -0.00000
68.27422 -0.00000
68.67081 -0.00000
68.67095 -0.00000
68.97802 -0.00000
69.33152 -0.00000
69.47176 -0.00000
69.85471 -0.00000
69.99883 -0.00000
69.99891 -0.00000
70.21521 -0.00000
70.35215 -0.00000
70.42715 -0.00000
71.42780 -0.00000
71.75829 -0.00000
72.05727 -0.00000
