-71.55548 0.00000
-70.19588 0.00000
-69.26855 0.00000
-69.26838 0.00000
-68.52058 0.00000
-68.52042 0.00000
-68.14198 0.00000
-67.90271 0.00000
-67.83722 0.00000
-67.75829 0.00000
-67.36527 0.00000
-67.15816 0.00000
-67.09360 0.00000
-67.09351 0.00000
-66.97274 0.00000
-66.97251 0.00000
-66.77970 0.00000
-66.47410 0.00000
-66.39584 0.00000
-66.17515 0.00000
-65.99837 0.00000
-65.94956 0.00000
-65.94952 0.00000
-65.86232 0.00000
-65.72218 0.00000
-65.62629 0.00000
-65.61420 0.00000
-65.59930 0.00000
-65.44933 0.00000
-65.42781 0.00000
-65.38666 0.00000
-65.31756 0.00000
-65.31744 0.00000
-65.15382 0.00000
-65.09790 0.00000
-64.99662 0.00000
-64.98251 0.00000
-64.87947 0.00000
-64.83302 0.00000
-64.79696 0.00000
-64.79073 0.00000
-64.63985 0.00000
-64.63041 0.00000
-64.56967 0.00000
-64.48206 0.00000
-64.25694 0.00000
-64.23464 0.00000
-64.22125 0.00000
-64.07734 0.00000
-64.06686 0.00000
-64.04542 0.00000
-64.04105 0.00000
-64.00314 0.00000
-63.93269 0.00000
-63.89158 0.00000
-63.78110 0.00000
-63.72492 0.00000
-63.62283 0.00000
-63.60995 0.00000
-63.50820 0.00000
-63.45361 0.00000
-63.41213 0.00000
-63.39629 0.00000
-63.38749 0.00000
-63.34807 0.00000
-63.25872 0.00000
-63.25143 0.00000
-63.23129 0.00000
-63.22557 0.00000
-63.22552 0.00000
-63.21707 0.00000
-63.14999 0.00000
-63.02039 0.00000
-62.93604 0.00000
-62.85216 0.00000
-62.69765 0.00000
-62.67070 0.00000
-62.60235 0.00000
-62.52117 0.00000
-62.49139 0.00000
-62.45733 0.00000
-62.33876 0.00000
-62.33509 0.00000
-62.31007 0.00000
-62.29125 0.00000
-62.26683 0.00000
-62.18024 0.00000
-62.13554 0.00000
-62.13544 0.00000
-62.13017 0.00000
-62.12942 0.00000
-62.01013 0.00000
-61.99844 0.00000
-61.98892 0.00000
-61.97240 0.00000
-61.86183 0.00000
-61.86099 0.00000
-61.83630 0.00000
-61.83516 0.00000
-61.82743 0.00000
-61.76085 0.00000
-61.70626 0.00000
-61.65041 0.00000
-61.64713 0.00000
-61.63134 0.00000
-61.55825 0.00000
-61.49738 0.00000
-61.43804 0.00000
-61.35706 0.00000
-61.34801 0.00000
-61.29758 0.00000
-61.26565 0.00000
-61.21775 0.00000
-61.19860 0.00000
-61.19852 0.00000
-61.15401 0.00000
-61.10824 0.00000
-61.09796 0.00000
-61.07077 0.00000
-61.00957 0.00000
-61.00953 0.00000
-60.95303 0.00000
-60.95000 0.00000
-60.92434 0.00000
-60.90350 0.00000
-60.88468 0.00000
-60.87160 0.00000
-60.81735 0.00000
-60.79568 0.00000
-60.74718 0.00000
-60.74363 0.00000
-60.74220 0.00000
-60.70734 0.00000
-60.68797 0.00000
-60.62777 0.00000
-60.60297 0.00000
-60.50794 0.00000
-60.47266 0.00000
-60.45916 0.00000
-60.44780 0.00000
-60.40917 0.00000
-60.35061 0.00000
-60.32610 0.00000
-60.31690 0.00000
-60.30135 0.00000
-60.29166 0.00000
-60.25800 0.00000
-60.24100 0.00000
-60.19649 0.00000
-60.11294 0.00000
-60.07341 0.00000
-60.05171 0.00000
-59.97219 0.00000
-59.96802 0.00000
-59.90347 0.00000
-59.88378 0.00000
-59.87926 0.00000
-59.84261 0.00000
-59.83421 0.00000
-59.81319 0.00000
-59.76818 0.00000
-59.71140 0.00000
-59.62722 0.00000
-59.62158 0.00000
-59.56593 0.00000
-59.50536 0.00000
-59.48233 0.00000
-59.43053 0.00000
-59.39960 0.00000
-59.39951 0.00000
-59.39679 0.00000
-59.35391 0.00000
-59.32931 0.00000
-59.31828 0.00000
-59.30049 0.00000
-59.26515 0.00000
-59.24788 0.00000
-59.23491 0.00000
-59.17345 0.00000
-59.12022 0.00000
-59.10154 0.00000
-59.10150 0.00000
-59.06934 0.00000
-59.01957 0.00000
-58.95738 0.00000
-58.93082 0.00000
-58.91673 0.00000
-58.90622 0.00000
-58.81185 0.00000
-58.68974 0.00000
-58.50188 0.00000
-58.49726 0.00000
-58.46088 0.00000
-58.45210 0.00000
-58.39360 0.00000
-58.28259 0.00000
-58.26373 0.00000
-58.23431 0.00000
-58.18493 0.00000
-58.18017 0.00000
-58.17250 0.00000
-58.11578 0.00000
-58.10960 0.00000
-58.08631 0.00000
-58.07423 0.00000
-58.00821 0.00000
-58.00183 0.00000
-57.99314 0.00000
-57.97939 0.00000
-57.95167 0.00000
-57.93533 0.00000
-57.92984 0.00000
-57.87182 0.00000
-57.86889 0.00000
-57.85261 0.00000
-57.85247 0.00000
-57.84422 0.00000
-57.80889 0.00000
-57.80133 0.00000
-57.77692 0.00000
-57.73296 0.00000
-57.70427 0.00000
-57.41229 0.00000
-57.27293 0.00000
-57.15813 0.00000
-57.15369 0.00000
-57.10342 0.00000
-56.99895 0.00000
-56.99247 0.00000
-56.88865 0.00000
-56.87835 0.00000
-56.87516 0.00000
-56.86967 0.00000
-56.78983 0.00000
-56.78506 0.00000
-56.71363 0.00000
-56.69559 0.00000
-56.67873 0.00000
-56.59679 0.00000
-56.58288 0.00000
-56.55460 0.00000
-56.55450 0.00000
-56.53294 0.00000
-56.47102 0.00000
-56.44589 0.00000
-56.41035 0.00000
-56.40263 0.00000
-56.40102 0.00000
-56.30596 0.00000
-56.01781 0.00000
-55.99601 0.00000
-55.93701 0.00000
-55.93485 0.00000
-55.88580 0.00000
-55.87613 0.00000
-55.76255 0.00000
-55.76252 0.00000
-55.75854 0.00000
-55.75851 0.00000
-55.62348 0.00000
-55.59663 0.00000
-55.48173 0.00000
-55.47863 0.00000
-55.47851 0.00000
-55.45541 0.00000
-55.39727 0.00000
-55.18835 0.00000
-55.15650 0.00000
-55.00646 0.00000
-54.63628 0.00000
-54.59833 0.00000
-54.54371 0.00000
-54.53879 0.00000
-54.53655 0.00000
-54.53651 0.00000
-54.48699 0.00000
-54.44083 0.00000
-54.26647 0.00000
-54.06966 0.00000
-54.05066 0.00000
-53.83302 0.00000
-53.79931 0.00000
-53.77957 0.00000
-53.65194 0.00000
-53.61578 0.00000
-53.35583 0.00000
-53.34184 0.00000
-53.13195 0.00000
-53.12689 0.00000
-53.12392 0.00000
-53.05407 0.00000
-52.99321 0.00000
-52.94843 0.00000
-52.94090 0.00000
-52.91366 0.00000
-52.74492 0.00000
-52.69128 0.00000
-52.67854 0.00000
-52.67838 0.00000
-52.38281 0.00000
-52.34975 0.00000
-52.33280 0.00000
-52.32835 0.00000
-52.31697 0.00000
-52.25750 0.00000
-52.12377 0.00000
-51.95860 0.00000
-51.93481 0.00000
-51.89305 0.00000
-51.86969 0.00000
-51.86216 0.00000
-51.80099 0.00000
-51.75604 0.00000
-51.75318 0.00000
-51.71265 0.00000
-51.71243 0.00000
-51.65599 0.00000
-51.58813 0.00000
-51.48199 0.00000
-51.46452 0.00000
-51.45885 0.00000
-51.43767 0.00000
-51.37245 0.00000
-51.35591 0.00000
-51.29843 0.00000
-51.27897 0.00000
-51.26648 0.00000
-51.23676 0.00000
-51.23475 0.00000
-51.18749 0.00000
-51.09900 0.00000
-51.00457 0.00000
-50.99340 0.00000
-50.94759 0.00000
-50.94469 0.00000
-50.93994 0.00000
-50.93948 0.00000
-50.90687 0.00000
-50.89098 0.00000
-50.88268 0.00000
-50.82985 0.00000
-50.79294 0.00000
-50.68798 0.00000
-50.66145 0.00000
-50.62935 0.00000
-50.60184 0.00000
-50.57930 0.00000
-50.56998 0.00000
-50.54763 0.00000
-50.52995 0.00000
-50.52759 0.00000
-50.52752 0.00000
-50.51257 0.00000
-50.51249 0.00000
-50.50608 0.00000
-50.47301 0.00000
-50.46508 0.00000
-50.44125 0.00000
-50.42071 0.00000
-50.41158 0.00000
-50.39018 0.00000
-50.38394 0.00000
-50.37168 0.00000
-50.24433 0.00000
-50.23736 0.00000
-50.15274 0.00000
-50.11301 0.00000
-50.09685 0.00000
-50.06881 0.00000
-50.04321 0.00000
-49.93609 0.00000
-49.92595 0.00000
-49.91169 0.00000
-49.89896 0.00000
-49.89347 0.00000
-49.88824 0.00000
-49.87771 0.00000
-49.84701 0.00000
-49.84220 0.00000
-49.80746 0.00000
-49.75377 0.00000
-49.71941 0.00000
-49.66716 0.00000
-49.66013 0.00000
-49.60106 0.00000
-49.59668 0.00000
-49.59221 0.00000
-49.59126 0.00000
-49.54277 0.00000
-49.51524 0.00000
-49.47576 0.00000
-49.46950 0.00000
-49.45464 0.00000
-49.45082 0.00000
-49.41907 0.00000
-49.41457 0.00000
-49.39462 0.00000
-49.38734 0.00000
-49.34441 0.00000
-49.28103 0.00000
-49.27998 0.00000
-49.27560 0.00000
-49.25715 0.00000
-49.22379 0.00000
-49.19876 0.00000
-49.17807 0.00000
-49.16374 0.00000
-49.13445 0.00000
-49.12607 0.00000
-49.11230 0.00000
-49.10690 0.00000
-49.07687 0.00000
-49.07229 0.00000
-49.03393 0.00000
-49.02702 0.00000
-48.99614 0.00000
-48.97685 0.00000
-48.87879 0.00000
-48.85011 0.00000
-48.84797 0.00000
-48.83438 0.00000
-48.75540 0.00000
-48.72934 0.00000
-48.72781 0.00000
-48.72022 0.00000
-48.71589 0.00000
-48.63284 0.00000
-48.61781 0.00000
-48.60230 0.00000
-48.58929 0.00000
-48.57067 0.00000
-48.55125 0.00000
-48.52743 0.00000
-48.50628 0.00000
-48.50535 0.00000
-48.50434 0.00000
-48.42531 0.00000
-48.35472 0.00000
-48.34594 0.00000
-48.33489 0.00000
-48.30777 0.00000
-48.26185 0.00000
-48.24937 0.00000
-48.23055 0.00000
-48.23017 0.00000
-48.21590 0.00000
-48.20874 0.00000
-48.15842 0.00000
-48.13803 0.00000
-48.12410 0.00000
-48.09803 0.00000
-48.06310 0.00000
-48.05051 0.00000
-48.03068 0.00000
-48.01799 0.00000
-48.01172 0.00000
-47.99184 0.00000
-47.97234 0.00000
-47.96866 0.00000
-47.96831 0.00000
-47.92090 0.00000
-47.87496 0.00000
-47.84181 0.00000
-47.83813 0.00000
-47.83317 0.00000
-47.81489 0.00000
-47.78195 0.00000
-47.73916 0.00000
-47.72665 0.00000
-47.72025 0.00000
-47.71186 0.00000
-47.68773 0.00000
-47.64270 0.00000
-47.63238 0.00000
-47.62434 0.00000
-47.57034 0.00000
-47.55280 0.00000
-47.54412 0.00000
-47.54245 0.00000
-47.51404 0.00000
-47.50254 0.00000
-47.50253 0.00000
-47.46107 0.00000
-47.45608 0.00000
-47.42655 0.00000
-47.42649 0.00000
-47.36536 0.00000
-47.32355 0.00000
-47.32348 0.00000
-47.31473 0.00000
-47.30430 0.00000
-47.30006 0.00000
-47.29142 0.00000
-47.28513 0.00000
-47.28132 0.00000
-47.27525 0.00000
-47.27250 0.00000
-47.25795 0.00000
-47.25031 0.00000
-47.24530 0.00000
-47.24344 0.00000
-47.19963 0.00000
-47.18258 0.00000
-47.18252 0.00000
-47.17925 0.00000
-47.17342 0.00000
-47.16962 0.00000
-47.16950 0.00000
-47.16369 0.00000
-47.15295 0.00000
-47.15098 0.00000
-47.13212 0.00000
-47.12531 0.00000
-47.12376 0.00000
-47.11996 0.00000
-47.09864 0.00000
-47.08426 0.00000
-47.06339 0.00000
-47.05579 0.00000
-47.05302 0.00000
-47.04127 0.00000
-47.02586 0.00000
-47.01001 0.00000
-46.99255 0.00000
-46.99249 0.00000
-46.97038 0.00000
-46.96670 0.00000
-46.94267 0.00000
-46.92192 0.00000
-46.91315 0.00000
-46.91204 0.00000
-46.86838 0.00000
-46.83257 0.00000
-46.82834 0.00000
-46.79969 0.00000
-46.77039 0.00000
-46.76631 0.00000
-46.76230 0.00000
-46.75059 0.00000
-46.73356 0.00000
-46.73351 0.00000
-46.73125 0.00000
-46.72485 0.00000
-46.71035 0.00000
-46.70257 0.00000
-46.70247 0.00000
-46.66931 0.00000
-46.64566 0.00000
-46.63963 0.00000
-46.60846 0.00000
-46.59877 0.00000
-46.58130 0.00000
-46.54270 0.00000
-46.53092 0.00000
-46.52470 0.00000
-46.51549 0.00000
-46.50221 0.00000
-46.47832 0.00000
-46.44189 0.00000
-46.41363 0.00000
-46.41228 0.00000
-46.40661 0.00000
-46.40212 0.00000
-46.38793 0.00000
-46.37233 0.00000
-46.35458 0.00000
-46.34965 0.00000
-46.34119 0.00000
-46.31889 0.00000
-46.31780 0.00000
-46.31564 0.00000
-46.31544 0.00000
-46.30165 0.00000
-46.27636 0.00000
-46.25356 0.00000
-46.24224 0.00000
-46.23956 0.00000
-46.23835 0.00000
-46.22254 0.00000
-46.22250 0.00000
-46.20937 0.00000
-46.20055 0.00000
-46.20048 0.00000
-46.19389 0.00000
-46.19326 0.00000
-46.18625 0.00000
-46.18509 0.00000
-46.17920 0.00000
-46.17797 0.00000
-46.14685 0.00000
-46.14298 0.00000
-46.09843 0.00000
-46.09262 0.00000
-46.09248 0.00000
-46.09093 0.00000
-46.09005 0.00000
-46.08188 0.00000
-46.06918 0.00000
-46.06469 0.00000
-46.05538 0.00000
-46.05054 0.00000
-46.04240 0.00000
-46.03659 0.00000
-46.03128 0.00000
-46.00602 0.00000
-46.00442 0.00000
-46.00265 0.00000
-46.00248 0.00000
-46.00120 0.00000
-45.98202 0.00000
-45.97409 0.00000
-45.96368 0.00000
-45.95735 0.00000
-45.94341 0.00000
-45.92546 0.00000
-45.91103 0.00000
-45.91012 0.00000
-45.90286 0.00000
-45.89474 0.00000
-45.89186 0.00000
-45.88564 0.00000
-45.86951 0.00000
-45.84830 0.00000
-45.84159 0.00000
-45.84145 0.00000
-45.82774 0.00000
-45.82252 0.00000
-45.81414 0.00000
-45.81266 0.00000
-45.80734 0.00000
-45.80065 0.00000
-45.78988 0.00000
-45.78818 0.00000
-45.78555 0.00000
-45.78550 0.00000
-45.75735 0.00000
-45.74589 0.00000
-45.71721 0.00000
-45.70660 0.00000
-45.70641 0.00000
-45.69735 0.00000
-45.69413 0.00000
-45.68712 0.00000
-45.67342 0.00000
-45.66079 0.00000
-45.65427 0.00000
-45.65351 0.00000
-45.65216 0.00000
-45.63382 0.00000
-45.62653 0.00000
-45.62650 0.00000
-45.62485 0.00000
-45.62424 0.00000
-45.62111 0.00000
-45.60112 0.00000
-45.58538 0.00000
-45.55421 0.00000
-45.54836 0.00000
-45.51807 0.00000
-45.51536 0.00000
-45.51008 0.00000
-45.50828 0.00000
-45.50279 0.00000
-45.49585 0.00000
-45.47514 0.00000
-45.45556 0.00000
-45.45548 0.00000
-45.44677 0.00000
-45.43507 0.00000
-45.42936 0.00000
-45.41111 0.00000
-45.40202 0.00000
-45.39621 0.00000
-45.39025 0.00000
-45.38415 0.00000
-45.37991 0.00000
-45.37634 0.00000
-45.34863 0.00000
-45.34847 0.00000
-45.34211 0.00000
-45.34023 0.00000
-45.32275 0.00000
-45.31230 0.00000
-45.29684 0.00000
-45.25724 0.00000
-45.24669 0.00000
-45.22557 0.00000
-45.22549 0.00000
-45.20313 0.00000
-45.20152 0.00000
-45.17900 0.00000
-45.16999 0.00000
-45.16859 0.00000
-45.16846 0.00000
-45.15424 0.00000
-45.13311 0.00000
-45.10914 0.00000
-45.09670 0.00000
-45.09264 0.00000
-45.08018 0.00000
-45.07078 0.00000
-45.04863 0.00000
-45.04845 0.00000
-45.04162 0.00000
-45.04153 0.00000
-45.03912 0.00000
-45.01128 0.00000
-44.99104 0.00000
-44.97277 0.00000
-44.97132 0.00000
-44.94661 0.00000
-44.94160 0.00000
-44.91217 0.00000
-44.90712 0.00000
-44.89080 0.00000
-44.89052 0.00000
-44.87914 0.00000
-44.87094 0.00000
-44.86679 0.00000
-44.86570 0.00000
-44.84104 0.00000
-44.83816 0.00000
-44.83209 0.00000
-44.81022 0.00000
-44.80787 0.00000
-44.80732 0.00000
-44.80401 0.00000
-44.77845 0.00000
-44.77296 0.00000
-44.76202 0.00000
-44.75383 0.00000
-44.75092 0.00000
-44.72094 0.00000
-44.71996 0.00000
-44.71374 0.00000
-44.71086 0.00000
-44.70395 0.00000
-44.69769 0.00000
-44.69481 0.00000
-44.69268 0.00000
-44.68017 0.00000
-44.67482 0.00000
-44.63981 0.00000
-44.63616 0.00000
-44.62690 0.00000
-44.61854 0.00000
-44.61842 0.00000
-44.61641 0.00000
-44.59935 0.00000
-44.59806 0.00000
-44.57877 0.00000
-44.55697 0.00000
-44.55019 0.00000
-44.54402 0.00000
-44.54182 0.00000
-44.54134 0.00000
-44.52955 0.00000
-44.52950 0.00000
-44.52411 0.00000
-44.52208 0.00000
-44.51511 0.00000
-44.50914 0.00000
-44.50842 0.00000
-44.49085 0.00000
-44.48492 0.00000
-44.46909 0.00000
-44.46486 0.00000
-44.42424 0.00000
-44.41983 0.00000
-44.41426 0.00000
-44.40356 0.00000
-44.39716 0.00000
-44.38685 0.00000
-44.37859 0.00000
-44.37850 0.00000
-44.36873 0.00000
-44.35554 0.00000
-44.35552 0.00000
-44.35167 0.00000
-44.34314 0.00000
-44.34197 0.00000
-44.31733 0.00000
-44.31100 0.00000
-44.30912 0.00000
-44.28893 0.00000
-44.27993 0.00000
-44.27715 0.00000
-44.25507 0.00000
-44.25148 0.00000
-44.23538 0.00000
-44.23300 0.00000
-44.22295 0.00000
-44.22239 0.00000
-44.19779 0.00000
-44.19276 0.00000
-44.19051 0.00000
-44.16671 0.00000
-44.16592 0.00000
-44.16430 0.00000
-44.15561 0.00000
-44.15545 0.00000
-44.14701 0.00000
-44.14007 0.00000
-44.13171 0.00000
-44.12961 0.00000
-44.11940 0.00000
-44.11066 0.00000
-44.10895 0.00000
-44.08423 0.00000
-44.07740 0.00000
-44.07585 0.00000
-44.07434 0.00000
-44.05507 0.00000
-44.04421 0.00000
-44.03994 0.00000
-44.00623 0.00000
-44.00444 0.00000
-43.99525 0.00000
-43.98793 0.00000
-43.98705 0.00000
-43.97290 0.00000
-43.95916 0.00000
-43.94978 0.00000
-43.92631 0.00000
-43.91784 0.00000
-43.90936 0.00000
-43.88517 0.00000
-43.87073 0.00000
-43.85401 0.00000
-43.84380 0.00000
-43.84140 0.00000
-43.83836 0.00000
-43.83364 0.00000
-43.81014 0.00000
-43.80896 0.00000
-43.79956 0.00000
-43.79951 0.00000
-43.79337 0.00000
-43.79110 0.00000
-43.78545 0.00000
-43.77235 0.00000
-43.75835 0.00000
-43.74622 0.00000
-43.74175 0.00000
-43.73800 0.00000
-43.72839 0.00000
-43.72625 0.00000
-43.71920 0.00000
-43.70901 0.00000
-43.70435 0.00000
-43.69062 0.00000
-43.69044 0.00000
-43.68662 0.00000
-43.68554 0.00000
-43.68543 0.00000
-43.67309 0.00000
-43.66789 0.00000
-43.66665 0.00000
-43.66395 0.00000
-43.66197 0.00000
-43.65786 0.00000
-43.65140 0.00000
-43.64994 0.00000
-43.64454 0.00000
-43.64426 0.00000
-43.63684 0.00000
-43.59193 0.00000
-43.57360 0.00000
-43.56860 0.00000
-43.54305 0.00000
-43.53263 0.00000
-43.53240 0.00000
-43.52314 0.00000
-43.51391 0.00000
-43.50249 0.00000
-43.49981 0.00000
-43.49623 0.00000
-43.47826 0.00000
-43.45419 0.00000
-43.44391 0.00000
-43.43986 0.00000
-43.42537 0.00000
-43.40915 0.00000
-43.38854 0.00000
-43.38850 0.00000
-43.38528 0.00000
-43.37965 0.00000
-43.37107 0.00000
-43.35871 0.00000
-43.34157 0.00000
-43.34153 0.00000
-43.32529 0.00000
-43.30493 0.00000
-43.29805 0.00000
-43.27765 0.00000
-43.27558 0.00000
-43.27160 0.00000
-43.24968 0.00000
-43.24250 0.00000
-43.23747 0.00000
-43.23385 0.00000
-43.21770 0.00000
-43.21112 0.00000
-43.20061 0.00000
-43.19555 0.00000
-43.19541 0.00000
-43.19099 0.00000
-43.19053 0.00000
-43.16695 0.00000
-43.16601 0.00000
-43.16431 0.00000
-43.16033 0.00000
-43.14494 0.00000
-43.13889 0.00000
-43.13158 0.00000
-43.13102 0.00000
-43.12716 0.00000
-43.11838 0.00000
-43.10905 0.00000
-43.08759 0.00000
-43.08739 0.00000
-43.07286 0.00000
-43.06120 0.00000
-43.05333 0.00000
-43.04002 0.00000
-43.03425 0.00000
-43.02845 0.00000
-43.02696 0.00000
-43.02180 0.00000
-43.01286 0.00000
-43.00793 0.00000
-42.99158 0.00000
-42.99152 0.00000
-42.98200 0.00000
-42.97660 0.00000
-42.97088 0.00000
-42.96737 0.00000
-42.93511 0.00000
-42.92731 0.00000
-42.92308 0.00000
-42.91865 0.00000
-42.91596 0.00000
-42.91465 0.00000
-42.90801 0.00000
-42.88769 0.00000
-42.86958 0.00000
-42.86639 0.00000
-42.86382 0.00000
-42.85970 0.00000
-42.85772 0.00000
-42.85084 0.00000
-42.84884 0.00000
-42.84776 0.00000
-42.83763 0.00000
-42.83512 0.00000
-42.83440 0.00000
-42.82869 0.00000
-42.81507 0.00000
-42.80758 0.00000
-42.78781 0.00000
-42.78209 0.00000
-42.77863 0.00000
-42.76227 0.00000
-42.76028 0.00000
-42.74485 0.00000
-42.73946 0.00000
-42.73759 0.00000
-42.72076 0.00000
-42.71966 0.00000
-42.71947 0.00000
-42.70000 0.00000
-42.69897 0.00000
-42.69773 0.00000
-42.69747 0.00000
-42.69580 0.00000
-42.69518 0.00000
-42.69224 0.00000
-42.67134 0.00000
-42.63983 0.00000
-42.63460 0.00000
-42.63451 0.00000
-42.63313 0.00000
-42.62704 0.00000
-42.62477 0.00000
-42.62399 0.00000
-42.61776 0.00000
-42.61236 0.00000
-42.59312 0.00000
-42.57601 0.00000
-42.57264 0.00000
-42.56174 0.00000
-42.56091 0.00000
-42.55016 0.00000
-42.54075 0.00000
-42.53074 0.00000
-42.52962 0.00000
-42.52944 0.00000
-42.51324 0.00000
-42.48775 0.00000
-42.48459 0.00000
-42.46363 0.00000
-42.46321 0.00000
-42.45603 0.00000
-42.45051 0.00000
-42.44057 0.00000
-42.43259 0.00000
-42.43243 0.00000
-42.41798 0.00000
-42.40061 0.00000
-42.40051 0.00000
-42.39449 0.00000
-42.39328 0.00000
-42.38434 0.00000
-42.37825 0.00000
-42.37408 0.00000
-42.36587 0.00000
-42.36059 0.00000
-42.36027 0.00000
-42.34991 0.00000
-42.34473 0.00000
-42.33741 0.00000
-42.33195 0.00000
-42.32821 0.00000
-42.30701 0.00000
-42.30416 0.00000
-42.30036 0.00000
-42.29389 0.00000
-42.28516 0.00000
-42.28269 0.00000
-42.26706 0.00000
-42.25662 0.00000
-42.25413 0.00000
-42.23557 0.00000
-42.23548 0.00000
-42.22735 0.00000
-42.21968 0.00000
-42.21768 0.00000
-42.21347 0.00000
-42.19782 0.00000
-42.19237 0.00000
-42.18846 0.00000
-42.18287 0.00000
-42.17915 0.00000
-42.17524 0.00000
-42.17426 0.00000
-42.17263 0.00000
-42.15114 0.00000
-42.14559 0.00000
-42.14123 0.00000
-42.14053 0.00000
-42.13155 0.00000
-42.12170 0.00000
-42.12151 0.00000
-42.11617 0.00000
-42.11539 0.00000
-42.08018 0.00000
-42.07832 0.00000
-42.07474 0.00000
-42.07220 0.00000
-42.06248 0.00000
-42.05756 0.00000
-42.05698 0.00000
-42.03985 0.00000
-42.03396 0.00000
-42.01988 0.00000
-42.01763 0.00000
-42.00811 0.00000
-41.99696 0.00000
-41.99083 0.00000
-41.98653 0.00000
-41.98636 0.00000
-41.97730 0.00000
-41.97078 0.00000
-41.96614 0.00000
-41.95568 0.00000
-41.95406 0.00000
-41.94808 0.00000
-41.93731 0.00000
-41.93089 0.00000
-41.92515 0.00000
-41.91887 0.00000
-41.90624 0.00000
-41.89979 0.00000
-41.88776 0.00000
-41.87271 0.00000
-41.86694 0.00000
-41.85929 0.00000
-41.84497 0.00000
-41.83006 0.00000
-41.82448 0.00000
-41.81200 0.00000
-41.81023 0.00000
-41.80035 0.00000
-41.79877 0.00000
-41.79523 0.00000
-41.78620 0.00000
-41.77698 0.00000
-41.75622 0.00000
-41.75378 0.00000
-41.74639 0.00000
-41.74404 0.00000
-41.73202 0.00000
-41.72329 0.00000
-41.72221 0.00000
-41.71999 0.00000
-41.69765 0.00000
-41.69518 0.00000
-41.68921 0.00000
-41.68810 0.00000
-41.68511 0.00000
-41.66746 0.00000
-41.66503 0.00000
-41.66300 0.00000
-41.64224 0.00000
-41.63660 0.00000
-41.63645 0.00000
-41.63354 0.00000
-41.63342 0.00000
-41.62933 0.00000
-41.61816 0.00000
-41.61404 0.00000
-41.61320 0.00000
-41.60509 0.00000
-41.60210 0.00000
-41.58847 0.00000
-41.58504 0.00000
-41.57526 0.00000
-41.56435 0.00000
-41.55253 0.00000
-41.54432 0.00000
-41.53831 0.00000
-41.53288 0.00000
-41.53051 0.00000
-41.52887 0.00000
-41.51721 0.00000
-41.51240 0.00000
-41.50482 0.00000
-41.50198 0.00000
-41.49262 0.00000
-41.47309 0.00000
-41.46893 0.00000
-41.45458 0.00000
-41.45451 0.00000
-41.45130 0.00000
-41.44665 0.00000
-41.43941 0.00000
-41.43293 0.00000
-41.42397 0.00000
-41.41890 0.00000
-41.39991 0.00000
-41.39574 0.00000
-41.39544 0.00000
-41.38731 0.00000
-41.36501 0.00000
-41.35966 0.00000
-41.34570 0.00000
-41.34339 0.00000
-41.33822 0.00000
-41.33622 0.00000
-41.33090 0.00000
-41.32034 0.00000
-41.31435 0.00000
-41.31140 0.00000
-41.30388 0.00000
-41.29609 0.00000
-41.29513 0.00000
-41.29229 0.00000
-41.26758 0.00000
-41.25961 0.00000
-41.24265 0.00000
-41.23583 0.00000
-41.23118 0.00000
-41.22674 0.00000
-41.22069 0.00000
-41.22053 0.00000
-41.21217 0.00000
-41.20874 0.00000
-41.20190 0.00000
-41.19701 0.00000
-41.19175 0.00000
-41.18590 0.00000
-41.18483 0.00000
-41.18258 0.00000
-41.18250 0.00000
-41.18053 0.00000
-41.18052 0.00000
-41.17506 0.00000
-41.17288 0.00000
-41.16764 0.00000
-41.16548 0.00000
-41.14323 0.00000
-41.14217 0.00000
-41.13916 0.00000
-41.13687 0.00000
-41.13061 0.00000
-41.13044 0.00000
-41.12656 0.00000
-41.12632 0.00000
-41.12376 0.00000
-41.11573 0.00000
-41.10946 0.00000
-41.10776 0.00000
-41.10634 0.00000
-41.09160 0.00000
-41.07984 0.00000
-41.07790 0.00000
-41.07592 0.00000
-41.07536 0.00000
-41.06982 0.00000
-41.06557 0.00000
-41.06553 0.00000
-41.06306 0.00000
-41.06217 0.00000
-41.05921 0.00000
-41.05630 0.00000
-41.05434 0.00000
-41.05327 0.00000
-41.04574 0.00000
-41.04144 0.00000
-41.03904 0.00000
-41.02670 0.00000
-41.02121 0.00000
-40.99664 0.00000
-40.99653 0.00000
-40.99375 0.00000
-40.98858 0.00000
-40.98843 0.00000
-40.98706 0.00000
-40.97497 0.00000
-40.96090 0.00000
-40.95732 0.00000
-40.95356 0.00000
-40.95349 0.00000
-40.94379 0.00000
-40.93629 0.00000
-40.93016 0.00000
-40.92768 0.00000
-40.92527 0.00000
-40.92174 0.00000
-40.90981 0.00000
-40.90725 0.00000
-40.90187 0.00000
-40.89860 0.00000
-40.89852 0.00000
-40.89616 0.00000
-40.88810 0.00000
-40.88678 0.00000
-40.88226 0.00000
-40.87149 0.00000
-40.86073 0.00000
-40.84715 0.00000
-40.84308 0.00000
-40.83898 0.00000
-40.82514 0.00000
-40.80323 0.00000
-40.80245 0.00000
-40.79063 0.00000
-40.78657 0.00000
-40.78649 0.00000
-40.78526 0.00000
-40.77868 0.00000
-40.77837 0.00000
-40.77304 0.00000
-40.77090 0.00000
-40.76391 0.00000
-40.75959 0.00000
-40.75947 0.00000
-40.75605 0.00000
-40.75521 0.00000
-40.73986 0.00000
-40.73816 0.00000
-40.72641 0.00000
-40.71888 0.00000
-40.71349 0.00000
-40.70302 0.00000
-40.70105 0.00000
-40.68556 0.00000
-40.67527 0.00000
-40.66677 0.00000
-40.66377 0.00000
-40.66320 0.00000
-40.65796 0.00000
-40.65128 0.00000
-40.64917 0.00000
-40.61808 0.00000
-40.61434 0.00000
-40.61119 0.00000
-40.60720 0.00000
-40.60359 0.00000
-40.59896 0.00000
-40.59844 0.00000
-40.58763 0.00000
-40.58751 0.00000
-40.57855 0.00000
-40.56498 0.00000
-40.56319 0.00000
-40.55189 0.00000
-40.54412 0.00000
-40.51742 0.00000
-40.50674 0.00000
-40.49042 0.00000
-40.48040 0.00000
-40.47566 0.00000
-40.46175 0.00000
-40.44137 0.00000
-40.43915 0.00000
-40.43301 0.00000
-40.43116 0.00000
-40.42588 0.00000
-40.41164 0.00000
-40.40934 0.00000
-40.39970 0.00000
-40.39331 0.00000
-40.39066 0.00000
-40.37311 0.00000
-40.36987 0.00000
-40.36524 0.00000
-40.36112 0.00000
-40.35787 0.00000
-40.35007 0.00000
-40.31182 0.00000
-40.30007 0.00000
-40.29247 0.00000
-40.29076 0.00000
-40.28677 0.00000
-40.28574 0.00000
-40.28368 0.00000
-40.28352 0.00000
-40.27060 0.00000
-40.25962 0.00000
-40.24162 0.00000
-40.23592 0.00000
-40.23422 0.00000
-40.23327 0.00000
-40.23106 0.00000
-40.22823 0.00000
-40.21936 0.00000
-40.21793 0.00000
-40.20733 0.00000
-40.20173 0.00000
-40.18433 0.00000
-40.18215 0.00000
-40.17757 0.00000
-40.17753 0.00000
-40.17386 0.00000
-40.15414 0.00000
-40.15298 0.00000
-40.14426 0.00000
-40.14130 0.00000
-40.13538 0.00000
-40.13221 0.00000
-40.12924 0.00000
-40.12700 0.00000
-40.11919 0.00000
-40.11557 0.00000
-40.11552 0.00000
-40.11114 0.00000
-40.10503 0.00000
-40.09499 0.00000
-40.08591 0.00000
-40.07244 0.00000
-40.06625 0.00000
-40.06373 0.00000
-40.05862 0.00000
-40.05662 0.00000
-40.05647 0.00000
-40.05419 0.00000
-40.04913 0.00000
-40.04380 0.00000
-40.04111 0.00000
-40.01632 0.00000
-40.01279 0.00000
-40.00958 0.00000
-40.00861 0.00000
-40.00728 0.00000
-39.99472 0.00000
-39.99311 0.00000
-39.97538 0.00000
-39.95463 0.00000
-39.95316 0.00000
-39.94999 0.00000
-39.94667 0.00000
-39.94569 0.00000
-39.94524 0.00000
-39.93681 0.00000
-39.93288 0.00000
-39.92648 0.00000
-39.91190 0.00000
-39.89400 0.00000
-39.89199 0.00000
-39.88774 0.00000
-39.88011 0.00000
-39.86181 0.00000
-39.85759 0.00000
-39.84321 0.00000
-39.84241 0.00000
-39.83158 0.00000
-39.82741 0.00000
-39.82201 0.00000
-39.82001 0.00000
-39.81039 0.00000
-39.79661 0.00000
-39.79485 0.00000
-39.78965 0.00000
-39.78945 0.00000
-39.78141 0.00000
-39.77810 0.00000
-39.77515 0.00000
-39.77184 0.00000
-39.75468 0.00000
-39.75158 0.00000
-39.74790 0.00000
-39.73992 0.00000
-39.73823 0.00000
-39.73349 0.00000
-39.72533 0.00000
-39.72309 0.00000
-39.72024 0.00000
-39.71014 0.00000
-39.70212 0.00000
-39.69374 0.00000
-39.68798 0.00000
-39.68427 0.00000
-39.67955 0.00000
-39.67923 0.00000
-39.67622 0.00000
-39.66682 0.00000
-39.65049 0.00000
-39.64912 0.00000
-39.64803 0.00000
-39.64614 0.00000
-39.64181 0.00000
-39.63663 0.00000
-39.62879 0.00000
-39.61774 0.00000
-39.61559 0.00000
-39.61405 0.00000
-39.61217 0.00000
-39.61143 0.00000
-39.60941 0.00000
-39.58972 0.00000
-39.58928 0.00000
-39.58632 0.00000
-39.58401 0.00000
-39.58105 0.00000
-39.57526 0.00000
-39.57260 0.00000
-39.56107 0.00000
-39.55874 0.00000
-39.55529 0.00000
-39.54632 0.00000
-39.54510 0.00000
-39.54158 0.00000
-39.53982 0.00000
-39.53518 0.00000
-39.52877 0.00000
-39.51983 0.00000
-39.51579 0.00000
-39.51112 0.00000
-39.50283 0.00000
-39.49143 0.00000
-39.49023 0.00000
-39.48510 0.00000
-39.48242 0.00000
-39.48000 0.00000
-39.47007 0.00000
-39.46934 0.00000
-39.46357 0.00000
-39.46352 0.00000
-39.44808 0.00000
-39.44664 0.00000
-39.44636 0.00000
-39.44197 0.00000
-39.43214 0.00000
-39.41431 0.00000
-39.41206 0.00000
-39.41076 0.00000
-39.40488 0.00000
-39.39790 0.00000
-39.38194 0.00000
-39.38114 0.00000
-39.37443 0.00000
-39.36954 0.00000
-39.36661 0.00000
-39.36475 0.00000
-39.35733 0.00000
-39.35575 0.00000
-39.35398 0.00000
-39.35117 0.00000
-39.33715 0.00000
-39.33606 0.00000
-39.33411 0.00000
-39.33262 0.00000
-39.32190 0.00000
-39.31624 0.00000
-39.31280 0.00000
-39.31251 0.00000
-39.28054 0.00000
-39.28051 0.00000
-39.27867 0.00000
-39.26339 0.00000
-39.26032 0.00000
-39.25726 0.00000
-39.25558 0.00000
-39.25553 0.00000
-39.24176 0.00000
-39.24018 0.00000
-39.23837 0.00000
-39.23048 0.00000
-39.22465 0.00000
-39.22445 0.00000
-39.21540 0.00000
-39.20491 0.00000
-39.20277 0.00000
-39.20249 0.00000
-39.19590 0.00000
-39.18642 0.00000
-39.16895 0.00000
-39.15362 0.00000
-39.15352 0.00000
-39.14801 0.00000
-39.14684 0.00000
-39.13619 0.00000
-39.12881 0.00000
-39.11713 0.00000
-39.11137 0.00000
-39.11012 0.00000
-39.10560 0.00000
-39.08425 0.00000
-39.08191 0.00000
-39.07318 0.00000
-39.06942 0.00000
-39.06850 0.00000
-39.05761 0.00000
-39.05744 0.00000
-39.04881 0.00000
-39.04842 0.00000
-39.04060 0.00000
-39.04050 0.00000
-39.01694 0.00000
-39.01478 0.00000
-39.00386 0.00000
-39.00280 0.00000
-38.99585 0.00000
-38.98096 0.00000
-38.98000 0.00000
-38.96647 0.00000
-38.95040 0.00000
-38.94787 0.00000
-38.94741 0.00000
-38.94518 0.00000
-38.93361 0.00000
-38.93126 0.00000
-38.88759 0.00000
-38.88642 0.00000
-38.88496 0.00000
-38.87394 0.00000
-38.86786 0.00000
-38.84679 0.00000
-38.83454 0.00000
-38.83445 0.00000
-38.82822 0.00000
-38.82130 0.00000
-38.82015 0.00000
-38.81599 0.00000
-38.81484 0.00000
-38.80624 0.00000
-38.80207 0.00000
-38.78871 0.00000
-38.78820 0.00000
-38.78425 0.00000
-38.78262 0.00000
-38.77668 0.00000
-38.76538 0.00000
-38.75971 0.00000
-38.75407 0.00000
-38.75182 0.00000
-38.75010 0.00000
-38.74256 0.00000
-38.74202 0.00000
-38.73590 0.00000
-38.71156 0.00000
-38.71151 0.00000
-38.70388 0.00000
-38.69872 0.00000
-38.69805 0.00000
-38.69666 0.00000
-38.69386 0.00000
-38.69348 0.00000
-38.68287 0.00000
-38.68237 0.00000
-38.67802 0.00000
-38.66817 0.00000
-38.66594 0.00000
-38.65438 0.00000
-38.64217 0.00000
-38.63504 0.00000
-38.60305 0.00000
-38.58918 0.00000
-38.57896 0.00000
-38.57648 0.00000
-38.57549 0.00000
-38.56646 0.00000
-38.55882 0.00000
-38.55456 0.00000
-38.55451 0.00000
-38.54816 0.00000
-38.53356 0.00000
-38.53304 0.00000
-38.53214 0.00000
-38.52854 0.00000
-38.52822 0.00000
-38.52470 0.00000
-38.52333 0.00000
-38.51836 0.00000
-38.51565 0.00000
-38.50163 0.00000
-38.49519 0.00000
-38.48796 0.00000
-38.47899 0.00000
-38.47680 0.00000
-38.46462 0.00000
-38.46452 0.00000
-38.45365 0.00000
-38.44935 0.00000
-38.44454 0.00000
-38.44448 0.00000
-38.43873 0.00000
-38.43774 0.00000
-38.43714 0.00000
-38.43154 0.00000
-38.43084 0.00000
-38.42556 0.00000
-38.42551 0.00000
-38.41999 0.00000
-38.41827 0.00000
-38.40613 0.00000
-38.38425 0.00000
-38.37920 0.00000
-38.37568 0.00000
-38.37365 0.00000
-38.36989 0.00000
-38.35960 0.00000
-38.35528 0.00000
-38.35064 0.00000
-38.35050 0.00000
-38.33538 0.00000
-38.32766 0.00000
-38.32257 0.00000
-38.32250 0.00000
-38.30476 0.00000
-38.30302 0.00000
-38.29198 0.00000
-38.28597 0.00000
-38.27966 0.00000
-38.27946 0.00000
-38.27023 0.00000
-38.26810 0.00000
-38.26590 0.00000
-38.26523 0.00000
-38.26337 0.00000
-38.25479 0.00000
-38.25301 0.00000
-38.25252 0.00000
-38.25056 0.00000
-38.25053 0.00000
-38.24197 0.00000
-38.23821 0.00000
-38.20313 0.00000
-38.20222 0.00000
-38.19477 0.00000
-38.18538 0.00000
-38.18298 0.00000
-38.17220 0.00000
-38.16487 0.00000
-38.16414 0.00000
-38.15894 0.00000
-38.15134 0.00000
-38.14868 0.00000
-38.14158 0.00000
-38.14098 0.00000
-38.14016 0.00000
-38.13893 0.00000
-38.13206 0.00000
-38.13059 0.00000
-38.13047 0.00000
-38.12879 0.00000
-38.12792 0.00000
-38.12539 0.00000
-38.12225 0.00000
-38.12026 0.00000
-38.10460 0.00000
-38.09730 0.00000
-38.09225 0.00000
-38.07362 0.00000
-38.06921 0.00000
-38.06213 0.00000
-38.06129 0.00000
-38.04156 0.00000
-38.04153 0.00000
-38.03381 0.00000
-38.03159 0.00000
-38.03026 0.00000
-38.02839 0.00000
-38.02396 0.00000
-38.01918 0.00000
-38.00447 0.00000
-38.00216 0.00000
-38.00093 0.00000
-37.99941 0.00000
-37.99617 0.00000
-37.98382 0.00000
-37.97701 0.00000
-37.97624 0.00000
-37.96541 0.00000
-37.95698 0.00000
-37.95633 0.00000
-37.94765 0.00000
-37.94323 0.00000
-37.93039 0.00000
-37.90959 0.00000
-37.90672 0.00000
-37.90637 0.00000
-37.89684 0.00000
-37.87695 0.00000
-37.85929 0.00000
-37.84571 0.00000
-37.84316 0.00000
-37.83245 0.00000
-37.82866 0.00000
-37.82292 0.00000
-37.81392 0.00000
-37.81184 0.00000
-37.80854 0.00000
-37.80843 0.00000
-37.80513 0.00000
-37.80193 0.00000
-37.76781 0.00000
-37.76734 0.00000
-37.76593 0.00000
-37.74788 0.00000
-37.74188 0.00000
-37.73746 0.00000
-37.73128 0.00000
-37.72804 0.00000
-37.71259 0.00000
-37.71058 0.00000
-37.70425 0.00000
-37.70244 0.00000
-37.70063 0.00000
-37.70019 0.00000
-37.67973 0.00000
-37.65399 0.00000
-37.65320 0.00000
-37.65128 0.00000
-37.65016 0.00000
-37.64227 0.00000
-37.63886 0.00000
-37.63724 0.00000
-37.63146 0.00000
-37.62940 0.00000
-37.62798 0.00000
-37.61748 0.00000
-37.61406 0.00000
-37.60824 0.00000
-37.60066 0.00000
-37.60052 0.00000
-37.59507 0.00000
-37.58669 0.00000
-37.58292 0.00000
-37.58146 0.00000
-37.58001 0.00000
-37.57674 0.00000
-37.57610 0.00000
-37.57305 0.00000
-37.56984 0.00000
-37.56435 0.00000
-37.56004 0.00000
-37.55702 0.00000
-37.55265 0.00000
-37.55230 0.00000
-37.55149 0.00000
-37.53790 0.00000
-37.52926 0.00000
-37.52624 0.00000
-37.52383 0.00000
-37.51661 0.00000
-37.50881 0.00000
-37.50638 0.00000
-37.49789 0.00000
-37.49639 0.00000
-37.49398 0.00000
-37.49158 0.00000
-37.49149 0.00000
-37.49019 0.00000
-37.48949 0.00000
-37.48847 0.00000
-37.48479 0.00000
-37.48004 0.00000
-37.46091 0.00000
-37.45164 0.00000
-37.45150 0.00000
-37.44825 0.00000
-37.43305 0.00000
-37.42702 0.00000
-37.41895 0.00000
-37.38954 0.00000
-37.38943 0.00000
-37.36788 0.00000
-37.35915 0.00000
-37.35613 0.00000
-37.35275 0.00000
-37.35007 0.00000
-37.32131 0.00000
-37.31617 0.00000
-37.31504 0.00000
-37.31010 0.00000
-37.29118 0.00000
-37.27480 0.00000
-37.27217 0.00000
-37.26312 0.00000
-37.26093 0.00000
-37.25121 0.00000
-37.23378 0.00000
-37.22796 0.00000
-37.21958 0.00000
-37.21906 0.00000
-37.21688 0.00000
-37.21244 0.00000
-37.20174 0.00000
-37.18425 0.00000
-37.17273 0.00000
-37.17213 0.00000
-37.16965 0.00000
-37.16286 0.00000
-37.16015 0.00000
-37.15586 0.00000
-37.14855 0.00000
-37.14758 0.00000
-37.14751 0.00000
-37.13688 0.00000
-37.12510 0.00000
-37.12374 0.00000
-37.12011 0.00000
-37.11457 0.00000
-37.11449 0.00000
-37.11207 0.00000
-37.10627 0.00000
-37.09554 0.00000
-37.09548 0.00000
-37.09187 0.00000
-37.07910 0.00000
-37.07687 0.00000
-37.07092 0.00000
-37.06991 0.00000
-37.04465 0.00000
-37.04056 0.00000
-37.04050 0.00000
-37.02127 0.00000
-37.01844 0.00000
-37.01486 0.00000
-37.01373 0.00000
-37.01244 0.00000
-37.01027 0.00000
-37.00573 0.00000
-36.98927 0.00000
-36.98414 0.00000
-36.97966 0.00000
-36.97464 0.00000
-36.95147 0.00000
-36.94994 0.00000
-36.94818 0.00000
-36.94208 0.00000
-36.93867 0.00000
-36.93845 0.00000
-36.91781 0.00000
-36.91603 0.00000
-36.90112 0.00000
-36.89648 0.00000
-36.89445 0.00000
-36.89234 0.00000
-36.89000 0.00000
-36.88633 0.00000
-36.88476 0.00000
-36.87205 0.00000
-36.85957 0.00000
-36.85919 0.00000
-36.85851 0.00000
-36.85559 0.00000
-36.85508 0.00000
-36.82246 0.00000
-36.81942 0.00000
-36.81825 0.00000
-36.81680 0.00000
-36.79989 0.00000
-36.78561 0.00000
-36.78553 0.00000
-36.78228 0.00000
-36.77668 0.00000
-36.77604 0.00000
-36.77168 0.00000
-36.76724 0.00000
-36.76455 0.00000
-36.76450 0.00000
-36.76188 0.00000
-36.75777 0.00000
-36.74775 0.00000
-36.73769 0.00000
-36.73584 0.00000
-36.73551 0.00000
-36.73251 0.00000
-36.72968 0.00000
-36.71288 0.00000
-36.71121 0.00000
-36.69542 0.00000
-36.69016 0.00000
-36.68859 0.00000
-36.68853 0.00000
-36.67547 0.00000
-36.66079 0.00000
-36.65318 0.00000
-36.64593 0.00000
-36.63859 0.00000
-36.63759 0.00000
-36.63145 0.00000
-36.62809 0.00000
-36.60598 0.00000
-36.60521 0.00000
-36.59290 0.00000
-36.59069 0.00000
-36.57457 0.00000
-36.57452 0.00000
-36.57091 0.00000
-36.55371 0.00000
-36.54596 0.00000
-36.54520 0.00000
-36.54356 0.00000
-36.54347 0.00000
-36.53983 0.00000
-36.52957 0.00000
-36.52629 0.00000
-36.52515 0.00000
-36.52208 0.00000
-36.51048 0.00000
-36.50720 0.00000
-36.50567 0.00000
-36.50544 0.00000
-36.50087 0.00000
-36.49525 0.00000
-36.49111 0.00000
-36.48179 0.00000
-36.47263 0.00000
-36.47250 0.00000
-36.44844 0.00000
-36.44312 0.00000
-36.42189 0.00000
-36.42149 0.00000
-36.41350 0.00000
-36.40870 0.00000
-36.39619 0.00000
-36.39455 0.00000
-36.39452 0.00000
-36.39041 0.00000
-36.38540 0.00000
-36.37723 0.00000
-36.37420 0.00000
-36.37170 0.00000
-36.36257 0.00000
-36.35716 0.00000
-36.35058 0.00000
-36.34956 0.00000
-36.34951 0.00000
-36.34653 0.00000
-36.34646 0.00000
-36.34402 0.00000
-36.34264 0.00000
-36.34159 0.00000
-36.33377 0.00000
-36.33319 0.00000
-36.33089 0.00000
-36.31168 0.00000
-36.30527 0.00000
-36.29078 0.00000
-36.25928 0.00000
-36.25439 0.00000
-36.24789 0.00000
-36.24726 0.00000
-36.24070 0.00000
-36.23829 0.00000
-36.20155 0.00000
-36.20144 0.00000
-36.19718 0.00000
-36.19421 0.00000
-36.18261 0.00000
-36.17902 0.00000
-36.17593 0.00000
-36.17398 0.00000
-36.16681 0.00000
-36.16610 0.00000
-36.15128 0.00000
-36.14899 0.00000
-36.14681 0.00000
-36.13965 0.00000
-36.12494 0.00000
-36.12284 0.00000
-36.12055 0.00000
-36.12049 0.00000
-36.11034 0.00000
-36.10706 0.00000
-36.10127 0.00000
-36.08819 0.00000
-36.07466 0.00000
-36.07399 0.00000
-36.07020 0.00000
-36.05582 0.00000
-36.05334 0.00000
-36.04259 0.00000
-36.03815 0.00000
-36.03517 0.00000
-36.02789 0.00000
-36.01401 0.00000
-36.00535 0.00000
-35.99945 0.00000
-35.98157 0.00000
-35.98063 0.00000
-35.97796 0.00000
-35.97599 0.00000
-35.97516 0.00000
-35.97345 0.00000
-35.96779 0.00000
-35.95381 0.00000
-35.93919 0.00000
-35.93472 0.00000
-35.93085 0.00000
-35.91719 0.00000
-35.91074 0.00000
-35.90876 0.00000
-35.90324 0.00000
-35.90012 0.00000
-35.89931 0.00000
-35.89698 0.00000
-35.89236 0.00000
-35.87505 0.00000
-35.87307 0.00000
-35.86744 0.00000
-35.86305 0.00000
-35.86068 0.00000
-35.85144 0.00000
-35.84315 0.00000
-35.83984 0.00000
-35.83636 0.00000
-35.83381 0.00000
-35.82679 0.00000
-35.82354 0.00000
-35.82350 0.00000
-35.81622 0.00000
-35.80213 0.00000
-35.79286 0.00000
-35.78555 0.00000
-35.78502 0.00000
-35.78176 0.00000
-35.76645 0.00000
-35.76369 0.00000
-35.76291 0.00000
-35.76249 0.00000
-35.75900 0.00000
-35.75705 0.00000
-35.75558 0.00000
-35.75506 0.00000
-35.75451 0.00000
-35.75345 0.00000
-35.75157 0.00000
-35.75145 0.00000
-35.74561 0.00000
-35.74551 0.00000
-35.74441 0.00000
-35.74062 0.00000
-35.73768 0.00000
-35.71902 0.00000
-35.71773 0.00000
-35.70874 0.00000
-35.70403 0.00000
-35.69538 0.00000
-35.69233 0.00000
-35.69073 0.00000
-35.68638 0.00000
-35.67448 0.00000
-35.67025 0.00000
-35.66862 0.00000
-35.66851 0.00000
-35.66526 0.00000
-35.66230 0.00000
-35.64963 0.00000
-35.64650 0.00000
-35.64011 0.00000
-35.63786 0.00000
-35.62333 0.00000
-35.62103 0.00000
-35.61931 0.00000
-35.61705 0.00000
-35.61005 0.00000
-35.60606 0.00000
-35.60455 0.00000
-35.60446 0.00000
-35.59805 0.00000
-35.59690 0.00000
-35.59116 0.00000
-35.58796 0.00000
-35.58695 0.00000
-35.58635 0.00000
-35.58347 0.00000
-35.56368 0.00000
-35.56142 0.00000
-35.55863 0.00000
-35.55595 0.00000
-35.54354 0.00000
-35.54350 0.00000
-35.52414 0.00000
-35.52326 0.00000
-35.51471 0.00000
-35.50415 0.00000
-35.50306 0.00000
-35.50195 0.00000
-35.49915 0.00000
-35.49483 0.00000
-35.47088 0.00000
-35.47039 0.00000
-35.45075 0.00000
-35.44982 0.00000
-35.44780 0.00000
-35.44021 0.00000
-35.43466 0.00000
-35.43200 0.00000
-35.41728 0.00000
-35.41298 0.00000
-35.39305 0.00000
-35.37626 0.00000
-35.37111 0.00000
-35.33730 0.00000
-35.33338 0.00000
-35.32766 0.00000
-35.32465 0.00000
-35.31503 0.00000
-35.30813 0.00000
-35.30743 0.00000
-35.30284 0.00000
-35.27085 0.00000
-35.27018 0.00000
-35.25961 0.00000
-35.25951 0.00000
-35.25272 0.00000
-35.25040 0.00000
-35.24109 0.00000
-35.23560 0.00000
-35.23093 0.00000
-35.22996 0.00000
-35.21294 0.00000
-35.19476 0.00000
-35.18063 0.00000
-35.17390 0.00000
-35.17264 0.00000
-35.16367 0.00000
-35.15343 0.00000
-35.14597 0.00000
-35.11883 0.00000
-35.10978 0.00000
-35.10498 0.00000
-35.10033 0.00000
-35.09917 0.00000
-35.08723 0.00000
-35.08204 0.00000
-35.07516 0.00000
-35.05590 0.00000
-35.04287 0.00000
-35.03095 0.00000
-35.02962 0.00000
-35.02857 0.00000
-35.02851 0.00000
-35.02726 0.00000
-35.02616 0.00000
-35.02250 0.00000
-35.00619 0.00000
-34.99501 0.00000
-34.98907 0.00000
-34.98836 0.00000
-34.97381 0.00000
-34.95566 0.00000
-34.95071 0.00000
-34.93456 0.00000
-34.93435 0.00000
-34.93058 0.00000
-34.93040 0.00000
-34.92329 0.00000
-34.91307 0.00000
-34.91047 0.00000
-34.90600 0.00000
-34.90168 0.00000
-34.88410 0.00000
-34.88325 0.00000
-34.87812 0.00000
-34.86986 0.00000
-34.86357 0.00000
-34.85116 0.00000
-34.84653 0.00000
-34.84114 0.00000
-34.83731 0.00000
-34.83620 0.00000
-34.83199 0.00000
-34.82443 0.00000
-34.81013 0.00000
-34.80914 0.00000
-34.80262 0.00000
-34.79838 0.00000
-34.79709 0.00000
-34.78970 0.00000
-34.78887 0.00000
-34.78465 0.00000
-34.78265 0.00000
-34.78019 0.00000
-34.77246 0.00000
-34.76783 0.00000
-34.75780 0.00000
-34.75274 0.00000
-34.75140 0.00000
-34.74691 0.00000
-34.73201 0.00000
-34.73153 0.00000
-34.72975 0.00000
-34.71927 0.00000
-34.71276 0.00000
-34.71091 0.00000
-34.70409 0.00000
-34.69525 0.00000
-34.68723 0.00000
-34.68256 0.00000
-34.68247 0.00000
-34.67442 0.00000
-34.66834 0.00000
-34.66671 0.00000
-34.66640 0.00000
-34.66314 0.00000
-34.66187 0.00000
-34.66065 0.00000
-34.64654 0.00000
-34.64602 0.00000
-34.64116 0.00000
-34.64043 0.00000
-34.63725 0.00000
-34.63317 0.00000
-34.62733 0.00000
-34.61355 0.00000
-34.61349 0.00000
-34.61123 0.00000
-34.60664 0.00000
-34.59114 0.00000
-34.57474 0.00000
-34.57329 0.00000
-34.56675 0.00000
-34.56374 0.00000
-34.55040 0.00000
-34.54316 0.00000
-34.53208 0.00000
-34.52262 0.00000
-34.52191 0.00000
-34.52040 0.00000
-34.50949 0.00000
-34.50801 0.00000
-34.50426 0.00000
-34.50066 0.00000
-34.49639 0.00000
-34.49160 0.00000
-34.48707 0.00000
-34.48622 0.00000
-34.47723 0.00000
-34.46404 0.00000
-34.46263 0.00000
-34.45961 0.00000
-34.45177 0.00000
-34.45060 0.00000
-34.44015 0.00000
-34.42879 0.00000
-34.42633 0.00000
-34.42504 0.00000
-34.41860 0.00000
-34.41846 0.00000
-34.40665 0.00000
-34.39837 0.00000
-34.39470 0.00000
-34.38219 0.00000
-34.37508 0.00000
-34.36341 0.00000
-34.35423 0.00000
-34.34579 0.00000
-34.33028 0.00000
-34.32257 0.00000
-34.32249 0.00000
-34.31954 0.00000
-34.31947 0.00000
-34.31790 0.00000
-34.31638 0.00000
-34.31530 0.00000
-34.31438 0.00000
-34.30816 0.00000
-34.30746 0.00000
-34.30492 0.00000
-34.29978 0.00000
-34.29946 0.00000
-34.29172 0.00000
-34.28825 0.00000
-34.28556 0.00000
-34.28548 0.00000
-34.27466 0.00000
-34.25975 0.00000
-34.25259 0.00000
-34.25249 0.00000
-34.24681 0.00000
-34.24395 0.00000
-34.21243 0.00000
-34.19822 0.00000
-34.19233 0.00000
-34.18812 0.00000
-34.17533 0.00000
-34.15739 0.00000
-34.15508 0.00000
-34.14146 0.00000
-34.13082 0.00000
-34.12655 0.00000
-34.12634 0.00000
-34.12377 0.00000
-34.10484 0.00000
-34.09254 0.00000
-34.09247 0.00000
-34.08374 0.00000
-34.06302 0.00000
-34.06101 0.00000
-34.05893 0.00000
-34.05707 0.00000
-34.02137 0.00000
-34.01998 0.00000
-34.00971 0.00000
-34.00936 0.00000
-34.00123 0.00000
-33.99616 0.00000
-33.98338 0.00000
-33.98167 0.00000
-33.97023 0.00000
-33.96940 0.00000
-33.96740 0.00000
-33.95536 0.00000
-33.95363 0.00000
-33.95313 0.00000
-33.95185 0.00000
-33.92885 0.00000
-33.92761 0.00000
-33.92559 0.00000
-33.91512 0.00000
-33.90490 0.00000
-33.90449 0.00000
-33.89893 0.00000
-33.89433 0.00000
-33.86800 0.00000
-33.86202 0.00000
-33.82490 0.00000
-33.82365 0.00000
-33.82057 0.00000
-33.81330 0.00000
-33.80757 0.00000
-33.80424 0.00000
-33.80141 0.00000
-33.79476 0.00000
-33.78873 0.00000
-33.77175 0.00000
-33.76330 0.00000
-33.75618 0.00000
-33.74191 0.00000
-33.73412 0.00000
-33.72712 0.00000
-33.71910 0.00000
-33.71259 0.00000
-33.71253 0.00000
-33.70331 0.00000
-33.68926 0.00000
-33.65926 0.00000
-33.62857 0.00000
-33.62437 0.00000
-33.62108 0.00000
-33.60916 0.00000
-33.60785 0.00000
-33.60751 0.00000
-33.60202 0.00000
-33.60084 0.00000
-33.59836 0.00000
-33.58999 0.00000
-33.58225 0.00000
-33.57896 0.00000
-33.57056 0.00000
-33.57044 0.00000
-33.56722 0.00000
-33.56400 0.00000
-33.56223 0.00000
-33.55119 0.00000
-33.53905 0.00000
-33.53500 0.00000
-33.53166 0.00000
-33.52974 0.00000
-33.51656 0.00000
-33.49970 0.00000
-33.49830 0.00000
-33.47236 0.00000
-33.46464 0.00000
-33.45965 0.00000
-33.44073 0.00000
-33.43581 0.00000
-33.43027 0.00000
-33.42858 0.00000
-33.42848 0.00000
-33.41174 0.00000
-33.40918 0.00000
-33.40557 0.00000
-33.40302 0.00000
-33.40187 0.00000
-33.40028 0.00000
-33.38666 0.00000
-33.37591 0.00000
-33.36710 0.00000
-33.36358 0.00000
-33.36320 0.00000
-33.35877 0.00000
-33.34736 0.00000
-33.34117 0.00000
-33.33526 0.00000
-33.33284 0.00000
-33.32728 0.00000
-33.30397 0.00000
-33.29520 0.00000
-33.29014 0.00000
-33.25103 0.00000
-33.24391 0.00000
-33.23764 0.00000
-33.23291 0.00000
-33.23094 0.00000
-33.23048 0.00000
-33.22449 0.00000
-33.21490 0.00000
-33.20257 0.00000
-33.20243 0.00000
-33.20037 0.00000
-33.19580 0.00000
-33.19292 0.00000
-33.17684 0.00000
-33.17393 0.00000
-33.15160 0.00000
-33.15153 0.00000
-33.14586 0.00000
-33.12536 0.00000
-33.11019 0.00000
-33.10262 0.00000
-33.09179 0.00000
-33.07957 0.00000
-33.07951 0.00000
-33.06685 0.00000
-33.06226 0.00000
-33.06149 0.00000
-33.03991 0.00000
-33.03662 0.00000
-33.02394 0.00000
-33.00836 0.00000
-32.99136 0.00000
-32.98844 0.00000
-32.98460 0.00000
-32.98435 0.00000
-32.98232 0.00000
-32.96593 0.00000
-32.96059 0.00000
-32.96044 0.00000
-32.95763 0.00000
-32.95750 0.00000
-32.94410 0.00000
-32.94280 0.00000
-32.93634 0.00000
-32.92602 0.00000
-32.91587 0.00000
-32.90310 0.00000
-32.88856 0.00000
-32.88844 0.00000
-32.87205 0.00000
-32.85058 0.00000
-32.85050 0.00000
-32.84371 0.00000
-32.84301 0.00000
-32.82998 0.00000
-32.81778 0.00000
-32.81474 0.00000
-32.80690 0.00000
-32.79249 0.00000
-32.77412 0.00000
-32.76673 0.00000
-32.75844 0.00000
-32.74966 0.00000
-32.73384 0.00000
-32.72129 0.00000
-32.70916 0.00000
-32.70596 0.00000
-32.70178 0.00000
-32.69530 0.00000
-32.68081 0.00000
-32.67485 0.00000
-32.66498 0.00000
-32.65405 0.00000
-32.65319 0.00000
-32.62899 0.00000
-32.62263 0.00000
-32.61436 0.00000
-32.57144 0.00000
-32.56638 0.00000
-32.56363 0.00000
-32.56062 0.00000
-32.56042 0.00000
-32.55799 0.00000
-32.55284 0.00000
-32.53891 0.00000
-32.53232 0.00000
-32.52900 0.00000
-32.52538 0.00000
-32.52235 0.00000
-32.51315 0.00000
-32.50077 0.00000
-32.49736 0.00000
-32.49630 0.00000
-32.49446 0.00000
-32.48802 0.00000
-32.48458 0.00000
-32.48446 0.00000
-32.48285 0.00000
-32.48181 0.00000
-32.47607 0.00000
-32.47461 0.00000
-32.46926 0.00000
-32.45956 0.00000
-32.45945 0.00000
-32.45560 0.00000
-32.45181 0.00000
-32.42843 0.00000
-32.41967 0.00000
-32.41172 0.00000
-32.41139 0.00000
-32.39480 0.00000
-32.39237 0.00000
-32.39098 0.00000
-32.39048 0.00000
-32.38584 0.00000
-32.37894 0.00000
-32.34213 0.00000
-32.34075 0.00000
-32.32651 0.00000
-32.31999 0.00000
-32.31822 0.00000
-32.31424 0.00000
-32.31284 0.00000
-32.29574 0.00000
-32.28898 0.00000
-32.28497 0.00000
-32.28083 0.00000
-32.26980 0.00000
-32.26033 0.00000
-32.25699 0.00000
-32.23125 0.00000
-32.21447 0.00000
-32.20557 0.00000
-32.20551 0.00000
-32.20008 0.00000
-32.19930 0.00000
-32.19033 0.00000
-32.18567 0.00000
-32.18022 0.00000
-32.17294 0.00000
-32.16978 0.00000
-32.16918 0.00000
-32.16578 0.00000
-32.11358 0.00000
-32.11346 0.00000
-32.10236 0.00000
-32.09793 0.00000
-32.09439 0.00000
-32.09095 0.00000
-32.09047 0.00000
-32.07686 0.00000
-32.06481 0.00000
-32.05759 0.00000
-32.05752 0.00000
-32.03207 0.00000
-31.98796 0.00000
-31.98562 0.00000
-31.98551 0.00000
-31.96945 0.00000
-31.96089 0.00000
-31.93897 0.00000
-31.90340 0.00000
-31.89271 0.00000
-31.89073 0.00000
-31.88520 0.00000
-31.88287 0.00000
-31.88003 0.00000
-31.87071 0.00000
-31.83521 0.00000
-31.83403 0.00000
-31.83015 0.00000
-31.82516 0.00000
-31.82110 0.00000
-31.81919 0.00000
-31.81715 0.00000
-31.79651 0.00000
-31.76894 0.00000
-31.76363 0.00000
-31.74457 0.00000
-31.74320 0.00000
-31.73205 0.00000
-31.72813 0.00000
-31.72212 0.00000
-31.70782 0.00000
-31.70017 0.00000
-31.67637 0.00000
-31.67221 0.00000
-31.66871 0.00000
-31.66618 0.00000
-31.61487 0.00000
-31.61172 0.00000
-31.60858 0.00000
-31.60851 0.00000
-31.59954 0.00000
-31.59949 0.00000
-31.57461 0.00000
-31.57440 0.00000
-31.57182 0.00000
-31.56596 0.00000
-31.54118 0.00000
-31.53359 0.00000
-31.52717 0.00000
-31.52428 0.00000
-31.52336 0.00000
-31.51902 0.00000
-31.51123 0.00000
-31.49534 0.00000
-31.48506 0.00000
-31.48449 0.00000
-31.48064 0.00000
-31.47744 0.00000
-31.45389 0.00000
-31.43868 0.00000
-31.42643 0.00000
-31.42257 0.00000
-31.41789 0.00000
-31.41355 0.00000
-31.41340 0.00000
-31.40382 0.00000
-31.40316 0.00000
-31.39721 0.00000
-31.39591 0.00000
-31.38262 0.00000
-31.38120 0.00000
-31.37962 0.00000
-31.37938 0.00000
-31.36764 0.00000
-31.36647 0.00000
-31.36350 0.00000
-31.35435 0.00000
-31.30772 0.00000
-31.28690 0.00000
-31.28312 0.00000
-31.26750 0.00000
-31.26582 0.00000
-31.25987 0.00000
-31.24495 0.00000
-31.23696 0.00000
-31.22233 0.00000
-31.22004 0.00000
-31.20856 0.00000
-31.20848 0.00000
-31.16521 0.00000
-31.14725 0.00000
-31.12094 0.00000
-31.11841 0.00000
-31.09079 0.00000
-31.08454 0.00000
-31.08444 0.00000
-31.07223 0.00000
-31.04909 0.00000
-31.02524 0.00000
-31.02024 0.00000
-31.01071 0.00000
-31.00619 0.00000
-30.91560 0.00000
-30.88627 0.00000
-30.88549 0.00000
-30.87621 0.00000
-30.87031 0.00000
-30.86269 0.00000
-30.84516 0.00000
-30.83430 0.00000
-30.82041 0.00000
-30.81392 0.00000
-30.79382 0.00000
-30.78744 0.00000
-30.78391 0.00000
-30.76763 0.00000
-30.76744 0.00000
-30.74366 0.00000
-30.72756 0.00000
-30.72746 0.00000
-30.68888 0.00000
-30.67041 0.00000
-30.66036 0.00000
-30.63783 0.00000
-30.62227 0.00000
-30.59564 0.00000
-30.59553 0.00000
-30.59374 0.00000
-30.58158 0.00000
-30.56795 0.00000
-30.56749 0.00000
-30.55788 0.00000
-30.54764 0.00000
-30.54522 0.00000
-30.53521 0.00000
-30.52183 0.00000
-30.51274 0.00000
-30.49017 0.00000
-30.47872 0.00000
-30.47468 0.00000
-30.47453 0.00000
-30.46973 0.00000
-30.46867 0.00000
-30.42655 0.00000
-30.42640 0.00000
-30.42480 0.00000
-30.41802 0.00000
-30.40883 0.00000
-30.39822 0.00000
-30.38918 0.00000
-30.38461 0.00000
-30.38450 0.00000
-30.35925 0.00000
-30.35243 0.00000
-30.34714 0.00000
-30.34329 0.00000
-30.33980 0.00000
-30.33950 0.00000
-30.33620 0.00000
-30.33214 0.00000
-30.32123 0.00000
-30.31632 0.00000
-30.30307 0.00000
-30.28395 0.00000
-30.27617 0.00000
-30.26534 0.00000
-30.25260 0.00000
-30.25248 0.00000
-30.24957 0.00000
-30.23384 0.00000
-30.21321 0.00000
-30.21040 0.00000
-30.19409 0.00000
-30.12768 0.00000
-30.11244 0.00000
-30.09919 0.00000
-30.09691 0.00000
-30.09262 0.00000
-30.06276 0.00000
-30.06194 0.00000
-30.03158 0.00000
-30.03149 0.00000
-30.03026 0.00000
-30.02682 0.00000
-30.02308 0.00000
-29.98984 0.00000
-29.97792 0.00000
-29.96181 0.00000
-29.95920 0.00000
-29.94654 0.00000
-29.94650 0.00000
-29.94376 0.00000
-29.93031 0.00000
-29.92330 0.00000
-29.89826 0.00000
-29.88812 0.00000
-29.88658 0.00000
-29.88651 0.00000
-29.87724 0.00000
-29.86539 0.00000
-29.85259 0.00000
-29.85246 0.00000
-29.84695 0.00000
-29.82913 0.00000
-29.81562 0.00000
-29.80336 0.00000
-29.76860 0.00000
-29.73493 0.00000
-29.68677 0.00000
-29.67740 0.00000
-29.65640 0.00000
-29.64381 0.00000
-29.63938 0.00000
-29.63578 0.00000
-29.63385 0.00000
-29.62202 0.00000
-29.60448 0.00000
-29.58782 0.00000
-29.55311 0.00000
-29.53304 0.00000
-29.51992 0.00000
-29.51018 0.00000
-29.49861 0.00000
-29.48322 0.00000
-29.46771 0.00000
-29.44291 0.00000
-29.41666 0.00000
-29.38937 0.00000
-29.38640 0.00000
-29.37261 0.00000
-29.37249 0.00000
-29.34611 0.00000
-29.34540 0.00000
-29.32859 0.00000
-29.32848 0.00000
-29.30866 0.00000
-29.30133 0.00000
-29.29723 0.00000
-29.27262 0.00000
-29.25868 0.00000
-29.25451 0.00000
-29.23123 0.00000
-29.22342 0.00000
-29.22035 0.00000
-29.16362 0.00000
-29.15488 0.00000
-29.12136 0.00000
-29.11188 0.00000
-29.08872 0.00000
-29.08017 0.00000
-29.05869 0.00000
-29.02754 0.00000
-29.02748 0.00000
-29.01865 0.00000
-29.01529 0.00000
-29.01385 0.00000
-29.00219 0.00000
-28.98621 0.00000
-28.98409 0.00000
-28.97030 0.00000
-28.95412 0.00000
-28.94561 0.00000
-28.94551 0.00000
-28.94402 0.00000
-28.93278 0.00000
-28.90884 0.00000
-28.90659 0.00000
-28.90415 0.00000
-28.90002 0.00000
-28.88655 0.00000
-28.88649 0.00000
-28.84343 0.00000
-28.83686 0.00000
-28.81275 0.00000
-28.80884 0.00000
-28.80520 0.00000
-28.77209 0.00000
-28.76064 0.00000
-28.75582 0.00000
-28.75337 0.00000
-28.71065 0.00000
-28.70766 0.00000
-28.70017 0.00000
-28.68873 0.00000
-28.68575 0.00000
-28.66313 0.00000
-28.64229 0.00000
-28.64085 0.00000
-28.63915 0.00000
-28.63308 0.00000
-28.61401 0.00000
-28.61240 0.00000
-28.61037 0.00000
-28.58506 0.00000
-28.53274 0.00000
-28.52284 0.00000
-28.45352 0.00000
-28.43682 0.00000
-28.42397 0.00000
-28.40007 0.00000
-28.37589 0.00000
-28.36768 0.00000
-28.34390 0.00000
-28.34180 0.00000
-28.32208 0.00000
-28.31168 0.00000
-28.27094 0.00000
-28.23591 0.00000
-28.20001 0.00000
-28.18786 0.00000
-28.17844 0.00000
-28.17256 0.00000
-28.17253 0.00000
-28.14330 0.00000
-28.14223 0.00000
-28.12164 0.00000
-28.07511 0.00000
-28.06454 0.00000
-28.06447 0.00000
-28.05911 0.00000
-28.05795 0.00000
-28.05511 0.00000
-28.03934 0.00000
-28.01660 0.00000
-28.01231 0.00000
-28.00348 0.00000
-27.98943 0.00000
-27.98824 0.00000
-27.96369 0.00000
-27.96116 0.00000
-27.95523 0.00000
-27.94644 0.00000
-27.94498 0.00000
-27.93778 0.00000
-27.93087 0.00000
-27.92407 0.00000
-27.91971 0.00000
-27.89663 0.00000
-27.89652 0.00000
-27.87720 0.00000
-27.87291 0.00000
-27.83541 0.00000
-27.82765 0.00000
-27.82743 0.00000
-27.79660 0.00000
-27.77993 0.00000
-27.77287 0.00000
-27.77083 0.00000
-27.75805 0.00000
-27.75062 0.00000
-27.74095 0.00000
-27.69665 0.00000
-27.68638 0.00000
-27.68553 0.00000
-27.66483 0.00000
-27.63619 0.00000
-27.62944 0.00000
-27.61866 0.00000
-27.61836 0.00000
-27.61066 0.00000
-27.61022 0.00000
-27.59633 0.00000
-27.59073 0.00000
-27.59043 0.00000
-27.57337 0.00000
-27.53319 0.00000
-27.50235 0.00000
-27.48120 0.00000
-27.44382 0.00000
-27.43671 0.00000
-27.42871 0.00000
-27.41860 0.00000
-27.41848 0.00000
-27.41124 0.00000
-27.40837 0.00000
-27.40456 0.00000
-27.40133 0.00000
-27.39226 0.00000
-27.33959 0.00000
-27.32889 0.00000
-27.30115 0.00000
-27.28581 0.00000
-27.22561 0.00000
-27.21747 0.00000
-27.20307 0.00000
-27.19569 0.00000
-27.18273 0.00000
-27.17093 0.00000
-27.16827 0.00000
-27.16390 0.00000
-27.14484 0.00000
-27.11391 0.00000
-27.10493 0.00000
-27.09462 0.00000
-27.09452 0.00000
-27.08937 0.00000
-27.08623 0.00000
-27.06487 0.00000
-27.04132 0.00000
-27.01558 0.00000
-27.01542 0.00000
-27.01255 0.00000
-27.01251 0.00000
-27.00710 0.00000
-26.99875 0.00000
-26.99371 0.00000
-26.97826 0.00000
-26.97454 0.00000
-26.97453 0.00000
-26.95857 0.00000
-26.95089 0.00000
-26.94431 0.00000
-26.93431 0.00000
-26.89938 0.00000
-26.85868 0.00000
-26.82035 0.00000
-26.80110 0.00000
-26.78169 0.00000
-26.77272 0.00000
-26.75293 0.00000
-26.71113 0.00000
-26.67166 0.00000
-26.66710 0.00000
-26.62576 0.00000
-26.61844 0.00000
-26.60928 0.00000
-26.58296 0.00000
-26.57278 0.00000
-26.57146 0.00000
-26.56761 0.00000
-26.54197 0.00000
-26.46455 0.00000
-26.46447 0.00000
-26.45291 0.00000
-26.44971 0.00001
-26.43492 0.00000
-26.43014 0.00000
-26.41780 0.00000
-26.41596 0.00000
-26.38108 0.00000
-26.37393 0.00000
-26.36555 0.00000
-26.36550 0.00000
-26.36366 0.00000
-26.35349 0.00000
-26.33669 0.00000
-26.32665 0.00000
-26.31783 0.00000
-26.31753 0.00000
-26.29742 0.00000
-26.29367 0.00000
-26.29342 0.00000
-26.28969 0.00000
-26.25054 0.00000
-26.25047 0.00000
-26.24927 0.00000
-26.24557 0.00000
-26.24551 0.00000
-26.20759 0.00000
-26.15819 0.00000
-26.13574 0.00000
-26.12898 0.00001
-26.11869 0.00000
-26.09322 0.00000
-26.08610 0.00000
-26.07566 0.00000
-26.06918 0.00000
-26.06089 0.00000
-26.06029 0.00000
-26.05244 0.00000
-26.04195 0.00000
-26.03743 0.00000
-26.02612 0.00000
-26.02361 0.00000
-26.00676 0.00000
-26.00213 0.00000
-25.94870 0.00000
-25.91131 0.00000
-25.90708 0.00001
-25.90319 0.00000
-25.85396 0.00000
-25.85153 0.00000
-25.84051 0.00000
-25.80837 0.00000
-25.77382 0.00000
-25.76689 0.00000
-25.74433 0.00000
-25.73467 0.00000
-25.70002 0.00000
-25.68566 0.00000
-25.68072 0.00000
-25.65659 0.00000
-25.65644 0.00000
-25.65544 0.00000
-25.65176 0.00000
-25.60936 0.00000
-25.59597 0.00000
-25.58909 0.00000
-25.58523 0.00000
-25.57720 0.00000
-25.57586 0.00000
-25.57482 0.00000
-25.54528 0.00000
-25.48815 0.00000
-25.46214 0.00000
-25.45759 0.00000
-25.44144 0.00000
-25.43590 0.00000
-25.43352 0.00000
-25.41676 0.00000
-25.37754 0.00000
-25.37751 0.00000
-25.35256 0.00000
-25.33756 0.00000
-25.33751 0.00000
-25.32887 0.00000
-25.31718 0.00000
-25.29695 0.00000
-25.29002 0.00000
-25.28793 0.00000
-25.27036 0.00000
-25.26711 0.00000
-25.25419 0.00000
-25.21845 0.00000
-25.19915 0.00000
-25.19355 0.00000
-25.19349 0.00000
-25.18704 0.00000
-25.14977 0.00000
-25.10007 0.00000
-25.09303 0.00000
-25.09123 0.00000
-25.08470 0.00000
-25.07655 0.00000
-25.07647 0.00000
-25.07317 0.00000
-25.07250 0.00000
-25.04138 0.00000
-25.02872 0.00000
-25.00596 0.00000
-25.00121 0.00000
-24.99886 0.00000
-24.97772 0.00000
-24.95268 0.00000
-24.94543 0.00000
-24.91953 0.00000
-24.91950 0.00000
-24.91256 0.00000
-24.91245 0.00000
-24.88685 0.00000
-24.88593 0.00000
-24.88002 0.00000
-24.86579 0.00000
-24.85217 0.00001
-24.84323 0.00000
-24.83766 0.00000
-24.82848 0.00000
-24.81336 0.00000
-24.78765 0.00000
-24.78378 0.00000
-24.77694 0.00001
-24.76312 0.00000
-24.74557 0.00000
-24.74549 0.00000
-24.74233 0.00000
-24.73523 0.00000
-24.72327 0.00000
-24.69375 0.00000
-24.63175 0.00000
-24.60404 0.00000
-24.59869 0.00000
-24.57763 0.00000
-24.57519 0.00001
-24.56950 0.00000
-24.55758 0.00000
-24.54218 0.00000
-24.53104 0.00000
-24.51715 0.00000
-24.51641 0.00000
-24.50566 0.00000
-24.50292 0.00000
-24.49061 0.00000
-24.49048 0.00000
-24.48337 0.00002
-24.47598 0.00000
-24.44934 0.00000
-24.42044 0.00000
-24.41878 0.00000
-24.41794 0.00000
-24.41445 0.00000
-24.41196 0.00000
-24.40828 0.00000
-24.38307 0.00000
-24.32036 0.00000
-24.28539 0.00000
-24.27002 0.00000
-24.26085 0.00000
-24.21160 0.00000
-24.21150 0.00000
-24.19852 0.00000
-24.18545 0.00000
-24.16993 0.00000
-24.15067 0.00000
-24.14527 0.00000
-24.13391 0.00000
-24.11727 0.00000
-24.07580 0.00000
-24.04206 0.00000
-24.03158 0.00000
-24.03149 0.00000
-24.02614 0.00000
-24.02506 0.00000
-24.01595 0.00000
-23.99290 0.00000
-23.98495 0.00000
-23.97491 0.00000
-23.96663 0.00000
-23.95484 0.00000
-23.91741 0.00000
-23.89923 0.00000
-23.89188 0.00000
-23.86720 0.00000
-23.85138 0.00000
-23.84693 0.00000
-23.81215 0.00000
-23.81149 0.00000
-23.79421 0.00003
-23.75302 0.00000
-23.74619 0.00000
-23.74365 0.00000
-23.73220 0.00000
-23.69602 0.00000
-23.66685 0.00000
-23.61980 0.00000
-23.59871 0.00000
-23.59830 0.00000
-23.58856 0.00000
-23.58847 0.00000
-23.56846 0.00000
-23.50624 0.00000
-23.48863 0.00000
-23.48833 0.00000
-23.48001 0.00000
-23.47180 0.00000
-23.46718 0.00000
-23.43780 0.00000
-23.37587 0.00000
-23.36458 0.00000
-23.36447 0.00000
-23.31896 0.00000
-23.29142 0.00000
-23.27815 0.00000
-23.21564 0.00000
-23.19219 0.00000
-23.17093 0.00000
-23.16490 0.00000
-23.13658 0.00000
-23.13653 0.00000
-23.12445 0.00000
-23.11929 0.00000
-23.10614 0.00000
-23.08398 0.00000
-23.07992 0.00000
-23.07754 0.00000
-23.07748 0.00000
-23.02242 0.00000
-23.00830 0.00000
-23.00379 0.00000
-22.94892 0.00000
-22.94703 0.00000
-22.94596 0.00000
-22.92859 0.00001
-22.92027 0.00002
-22.87663 0.00000
-22.86745 0.00000
-22.85409 0.00000
-22.83830 0.00000
-22.83685 0.00000
-22.82742 0.00000
-22.77358 0.00000
-22.77343 0.00000
-22.75476 0.00000
-22.75431 0.00000
-22.74762 0.00000
-22.72473 0.00000
-22.71027 0.00000
-22.70574 0.00000
-22.67155 0.00000
-22.67147 0.00000
-22.66651 0.00000
-22.65722 0.00000
-22.65474 0.00000
-22.64194 0.00000
-22.59648 0.00000
-22.58439 0.00000
-22.57638 0.00000
-22.54891 0.00000
-22.52693 0.00000
-22.52469 0.00001
-22.52019 0.00000
-22.50301 0.00000
-22.48690 0.00000
-22.46162 0.00000
-22.46150 0.00000
-22.45411 0.00000
-22.43308 0.00000
-22.42130 0.00004
-22.42010 0.00000
-22.41088 0.00001
-22.37992 0.00000
-22.36379 0.00000
-22.36291 0.00000
-22.33829 0.00000
-22.33483 0.00000
-22.32216 0.00000
-22.30200 0.00000
-22.28934 0.00000
-22.28227 0.00000
-22.27828 0.00000
-22.23946 0.00000
-22.20712 0.00000
-22.15126 0.00000
-22.13854 0.00000
-22.13838 0.00000
-22.13116 0.00000
-22.12859 0.00000
-22.12838 0.00000
-22.10524 0.00000
-22.09810 0.00000
-22.02038 0.00000
-22.01158 0.00000
-22.01144 0.00000
-22.00760 0.00007
-21.96613 0.00000
-21.96216 0.00000
-21.93999 0.00000
-21.89824 0.00000
-21.89231 0.00000
-21.89085 0.00001
-21.86879 0.00000
-21.84326 0.00000
-21.83355 0.00000
-21.83351 0.00000
-21.82392 0.00000
-21.79349 0.00000
-21.78884 0.00000
-21.78537 0.00000
-21.76354 0.00000
-21.76350 0.00000
-21.75208 0.00000
-21.72219 0.00000
-21.71029 0.00000
-21.67971 0.00000
-21.65802 0.00000
-21.64847 0.00121
-21.60383 0.00000
-21.58442 0.00000
-21.58274 0.00000
-21.55485 0.00000
-21.55349 0.00000
-21.52390 0.00000
-21.50843 0.00000
-21.49973 0.00007
-21.47248 0.00003
-21.43254 0.00000
-21.43247 0.00000
-21.42076 0.00000
-21.38102 0.00000
-21.37484 0.00000
-21.36027 0.00000
-21.33254 0.00000
-21.33253 0.00000
-21.29589 0.00000
-21.29505 0.00000
-21.18103 0.00747
-21.13378 0.00000
-21.07836 0.00000
-21.06857 0.00000
-21.06850 0.00000
-21.06078 0.00000
-21.01293 0.00000
-20.99667 0.00000
-20.95446 0.00000
-20.95218 0.00000
-20.92462 0.00062
-20.91141 0.00000
-20.90407 0.00941
-20.86892 0.00000
-20.85336 0.00000
-20.84160 0.00000
-20.77991 0.00000
-20.77640 0.00492
-20.68199 0.00011
-20.66321 0.00002
-20.62828 0.00000
-20.58254 0.00000
-20.58253 0.00000
-20.57138 0.00108
-20.56917 0.00000
-20.55815 0.00000
-20.54014 0.00000
-20.50182 0.00000
-20.47750 0.00000
-20.43271 0.00000
-20.43237 0.00000
-20.41429 0.00000
-20.41168 0.00000
-20.41152 0.00000
-20.32802 0.00000
-20.27258 0.00008
-20.27249 0.00008
-20.25482 0.00000
-20.24945 0.00000
-20.23736 0.00000
-20.23203 0.00038
-20.22022 0.00002
-20.18018 0.00000
-20.13599 0.00006
-20.10055 0.00000
-20.10039 0.00000
-20.06996 0.00000
-20.04279 0.00004
-20.03370 0.00000
-20.03328 0.00000
-19.98465 0.00010
-19.96196 0.00000
-19.94135 0.00000
-19.89039 0.00000
-19.86640 0.00000
-19.85432 0.00039
-19.82519 0.00000
-19.71623 0.00001
-19.70094 0.00001
-19.66109 0.00000
-19.58100 0.00000
-19.55810 0.00006
-19.46942 0.00000
-19.43556 0.00084
-19.43551 0.00084
-19.42038 0.00000
-19.40568 0.00000
-19.40486 0.00006
-19.31121 0.00922
-19.27636 0.00000
-19.23974 0.00000
-19.16888 0.00000
-19.14374 0.00000
-19.13706 0.00183
-19.12589 0.00028
-19.07774 0.00000
-19.05689 0.00006
-19.04877 0.00000
-19.02523 0.00002
-19.01077 0.00000
-19.00713 0.00000
-18.97859 0.00000
-18.97293 0.00000
-18.96145 0.00002
-18.95842 0.00000
-18.94601 0.02538
-18.88873 0.00000
-18.87677 0.00103
-18.85829 0.00000
-18.84638 0.00495
-18.76395 0.00000
-18.63980 0.03396
-18.61174 0.00055
-18.58110 0.00000
-18.55528 0.00000
-18.55315 0.00000
-18.53132 0.00000
-18.51702 0.00000
-18.44313 0.00000
-18.43524 0.00000
-18.43138 0.00000
-18.26394 0.00000
-18.25893 0.00153
-18.25528 0.00000
-18.17773 0.00000
-18.15489 0.00000
-18.15161 0.00000
-18.10172 0.00002
-18.07457 0.00012
-18.04317 0.00001
-18.03164 0.00000
-18.03147 0.00000
-18.01033 0.00000
-17.90693 0.00000
-17.81843 0.00000
-17.79718 0.00004
-17.76444 0.00001
-17.70145 0.00000
-17.66971 0.00000
-17.66399 0.00000
-17.61811 0.00000
-17.54636 0.00003
-17.53701 0.00000
-17.42081 0.05587
-17.31163 0.00000
-17.23702 0.00000
-17.18833 0.00000
-17.13911 0.00160
-17.12528 0.00000
-17.05371 0.00000
-17.04774 0.00000
-16.93074 0.00000
-16.78334 0.00000
-16.77283 0.00034
-16.76647 0.00120
-16.72504 0.00356
-16.65510 0.00001
-16.63761 0.00301
-16.63029 0.00000
-16.56446 0.00000
-16.36502 0.00000
-16.30728 0.00000
-16.11538 0.00598
-16.10471 0.01977
-16.04954 0.00470
-16.04952 0.00939
-15.99734 0.00000
-15.91255 0.00118
-15.79471 0.00000
-15.72242 0.37341
-15.71665 0.00676
-15.54874 0.00000
-15.49201 0.00869
-15.33401 0.00000
-15.30469 0.06600
-15.29887 0.00210
-15.26305 0.00892
-15.16235 0.00000
-15.05939 0.00000
-15.03459 0.00000
-14.94132 0.00000
-14.85820 0.00000
-14.82145 0.00000
-14.72029 0.00791
-14.71455 0.00000
-14.71436 0.00000
-14.68971 0.00000
-14.63401 0.00064
-14.56011 0.00023
-14.46640 0.00004
-14.45463 0.00000
-14.41321 0.00002
-14.34674 0.00000
-14.29924 0.00512
-14.23330 0.00312
-14.20017 0.00000
-14.19656 0.00000
-14.19647 0.00000
-14.13997 0.00000
-14.10176 0.00004
-14.02125 0.00000
-13.94366 0.00000
-13.87531 0.21640
-13.77988 0.12701
-13.63127 0.00018
-13.51363 0.00000
-13.50852 0.00000
-13.48655 0.00000
-13.48646 0.00000
-13.37324 0.00000
-13.34287 0.01161
-13.12770 0.00000
-13.12152 0.14633
-13.08183 0.04063
-12.99861 0.00000
-12.99848 0.00000
-12.99683 0.00000
-12.97967 0.00071
-12.88972 0.00000
-12.86273 0.00000
-12.64162 0.00000
-12.49612 0.00357
-12.37918 0.00000
-12.37302 0.38168
-12.22725 0.00000
-12.07580 0.00415
-11.74138 0.00101
-11.64659 0.00000
-11.64640 0.00000
-10.96830 0.00017
-10.54272 0.00707
-10.52932 0.00000
-10.23771 0.34533
-10.13483 0.00915
-10.01831 0.00000
-9.76447 0.00401
-9.44895 0.00000
-9.32641 0.00000
-9.29469 0.08211
-8.93398 0.00062
-8.82930 0.39988
-8.81532 0.00000
-7.96812 0.09616
-7.39174 0.00000
-7.36882 1.09528
-6.88534 0.45763
-4.52021 0.27404
-3.30670 0.29917
-3.30648 0.29918
