-20.00000 -0.00158
-19.95000 -0.00159
-19.90000 -0.00160
-19.85000 -0.00160
-19.80000 -0.00161
-19.75000 -0.00162
-19.70000 -0.00163
-19.65000 -0.00163
-19.60000 -0.00164
-19.55000 -0.00165
-19.50000 -0.00166
-19.45000 -0.00166
-19.40000 -0.00167
-19.35000 -0.00168
-19.30000 -0.00169
-19.25000 -0.00170
-19.20000 -0.00170
-19.15000 -0.00171
-19.10000 -0.00172
-19.05000 -0.00173
-19.00000 -0.00174
-18.95000 -0.00174
-18.90000 -0.00175
-18.85000 -0.00176
-18.80000 -0.00177
-18.75000 -0.00178
-18.70000 -0.00179
-18.65000 -0.00180
-18.60000 -0.00180
-18.55000 -0.00181
-18.50000 -0.00182
-18.45000 -0.00183
-18.40000 -0.00184
-18.35000 -0.00185
-18.30000 -0.00186
-18.25000 -0.00187
-18.20000 -0.00188
-18.15000 -0.00189
-18.10000 -0.00189
-18.05000 -0.00190
-18.00000 -0.00191
-17.95000 -0.00192
-17.90000 -0.00193
-17.85000 -0.00194
-17.80000 -0.00195
-17.75000 -0.00196
-17.70000 -0.00197
-17.65000 -0.00198
-17.60000 -0.00199
-17.55000 -0.00200
-17.50000 -0.00201
-17.45000 -0.00202
-17.40000 -0.00203
-17.35000 -0.00204
-17.30000 -0.00205
-17.25000 -0.00207
-17.20000 -0.00208
-17.15000 -0.00209
-17.10000 -0.00210
-17.05000 -0.00211
-17.00000 -0.00212
-16.95000 -0.00213
-16.90000 -0.00214
-16.85000 -0.00215
-16.80000 -0.00216
-16.75000 -0.00218
-16.70000 -0.00219
-16.65000 -0.00220
-16.60000 -0.00221
-16.55000 -0.00222
-16.50000 -0.00224
-16.45000 -0.00225
-16.40000 -0.00226
-16.35000 -0.00227
-16.30000 -0.00228
-16.25000 -0.00230
-16.20000 -0.00231
-16.15000 -0.00232
-16.10000 -0.00234
-16.05000 -0.00235
-16.00000 -0.00236
-15.95000 -0.00237
-15.90000 -0.00239
-15.85000 -0.00240
-15.80000 -0.00241
-15.75000 -0.00243
-15.70000 -0.00244
-15.65000 -0.00246
-15.60000 -0.00247
-15.55000 -0.00248
-15.50000 -0.00250
-15.45000 -0.00251
-15.40000 -0.00253
-15.35000 -0.00254
-15.30000 -0.00256
-15.25000 -0.00257
-15.20000 -0.00259
-15.15000 -0.00260
-15.10000 -0.00262
-15.05000 -0.00263
-15.00000 -0.00265
-14.95000 -0.00266
-14.90000 -0.00268
-14.85000 -0.00269
-14.80000 -0.00271
-14.75000 -0.00273
-14.70000 -0.00274
-14.65000 -0.00276
-14.60000 -0.00278
-14.55000 -0.00279
-14.50000 -0.00281
-14.45000 -0.00283
-14.40000 -0.00284
-14.35000 -0.00286
-14.30000 -0.00288
-14.25000 -0.00290
-14.20000 -0.00291
-14.15000 -0.00293
-14.10000 -0.00295
-14.05000 -0.00297
-14.00000 -0.00299
-13.95000 -0.00301
-13.90000 -0.00303
-13.85000 -0.00304
-13.80000 -0.00306
-13.75000 -0.00308
-13.70000 -0.00310
-13.65000 -0.00312
-13.60000 -0.00314
-13.55000 -0.00316
-13.50000 -0.00318
-13.45000 -0.00320
-13.40000 -0.00322
-13.35000 -0.00325
-13.30000 -0.00327
-13.25000 -0.00329
-13.20000 -0.00331
-13.15000 -0.00333
-13.10000 -0.00335
-13.05000 -0.00338
-13.00000 -0.00340
-12.95000 -0.00342
-12.90000 -0.00345
-12.85000 -0.00347
-12.80000 -0.00349
-12.75000 -0.00352
-12.70000 -0.00354
-12.65000 -0.00356
-12.60000 -0.00359
-12.55000 -0.00361
-12.50000 -0.00364
-12.45000 -0.00366
-12.40000 -0.00369
-12.35000 -0.00372
-12.30000 -0.00374
-12.25000 -0.00377
-12.20000 -0.00379
-12.15000 -0.00382
-12.10000 -0.00385
-12.05000 -0.00388
-12.00000 -0.00390
-11.95000 -0.00393
-11.90000 -0.00396
-11.85000 -0.00399
-11.80000 -0.00402
-11.75000 -0.00405
-11.70000 -0.00408
-11.65000 -0.00411
-11.60000 -0.00414
-11.55000 -0.00417
-11.50000 -0.00420
-11.45000 -0.00423
-11.40000 -0.00426
-11.35000 -0.00430
-11.30000 -0.00433
-11.25000 -0.00436
-11.20000 -0.00439
-11.15000 -0.00443
-11.10000 -0.00446
-11.05000 -0.00450
-11.00000 -0.00453
-10.95000 -0.00457
-10.90000 -0.00460
-10.85000 -0.00464
-10.80000 -0.00468
-10.75000 -0.00471
-10.70000 -0.00475
-10.65000 -0.00479
-10.60000 -0.00483
-10.55000 -0.00487
-10.50000 -0.00490
-10.45000 -0.00494
-10.40000 -0.00498
-10.35000 -0.00503
-10.30000 -0.00507
-10.25000 -0.00511
-10.20000 -0.00515
-10.15000 -0.00519
-10.10000 -0.00524
-10.05000 -0.00528
-10.00000 -0.00533
-9.95000 -0.00537
-9.90000 -0.00542
-9.85000 -0.00546
-9.80000 -0.00551
-9.75000 -0.00556
-9.70000 -0.00561
-9.65000 -0.00565
-9.60000 -0.00570
-9.55000 -0.00575
-9.50000 -0.00581
-9.45000 -0.00586
-9.40000 -0.00591
-9.35000 -0.00596
-9.30000 -0.00602
-9.25000 -0.00607
-9.20000 -0.00612
-9.15000 -0.00618
-9.10000 -0.00624
-9.05000 -0.00629
-9.00000 -0.00635
-8.95000 -0.00641
-8.90000 -0.00647
-8.85000 -0.00653
-8.80000 -0.00659
-8.75000 -0.00666
-8.70000 -0.00672
-8.65000 -0.00678
-8.60000 -0.00685
-8.55000 -0.00692
-8.50000 -0.00698
-8.45000 -0.00705
-8.40000 -0.00712
-8.35000 -0.00719
-8.30000 -0.00726
-8.25000 -0.00733
-8.20000 -0.00741
-8.15000 -0.00748
-8.10000 -0.00756
-8.05000 -0.00764
-8.00000 -0.00771
-7.95000 -0.00779
-7.90000 -0.00787
-7.85000 -0.00796
-7.80000 -0.00804
-7.75000 -0.00812
-7.70000 -0.00821
-7.65000 -0.00830
-7.60000 -0.00839
-7.55000 -0.00848
-7.50000 -0.00857
-7.45000 -0.00866
-7.40000 -0.00876
-7.35000 -0.00885
-7.30000 -0.00895
-7.25000 -0.00905
-7.20000 -0.00915
-7.15000 -0.00925
-7.10000 -0.00936
-7.05000 -0.00946
-7.00000 -0.00957
-6.95000 -0.00968
-6.90000 -0.00980
-6.85000 -0.00991
-6.80000 -0.01003
-6.75000 -0.01015
-6.70000 -0.01027
-6.65000 -0.01039
-6.60000 -0.01051
-6.55000 -0.01064
-6.50000 -0.01077
-6.45000 -0.01090
-6.40000 -0.01104
-6.35000 -0.01118
-6.30000 -0.01132
-6.25000 -0.01146
-6.20000 -0.01160
-6.15000 -0.01175
-6.10000 -0.01190
-6.05000 -0.01206
-6.00000 -0.01222
-5.95000 -0.01238
-5.90000 -0.01254
-5.85000 -0.01271
-5.80000 -0.01288
-5.75000 -0.01305
-5.70000 -0.01323
-5.65000 -0.01341
-5.60000 -0.01360
-5.55000 -0.01379
-5.50000 -0.01398
-5.45000 -0.01418
-5.40000 -0.01438
-5.35000 -0.01458
-5.30000 -0.01479
-5.25000 -0.01501
-5.20000 -0.01523
-5.15000 -0.01546
-5.10000 -0.01569
-5.05000 -0.01592
-5.00000 -0.01616
-4.95000 -0.01641
-4.90000 -0.01666
-4.85000 -0.01692
-4.80000 -0.01719
-4.75000 -0.01746
-4.70000 -0.01774
-4.65000 -0.01802
-4.60000 -0.01832
-4.55000 -0.01862
-4.50000 -0.01892
-4.45000 -0.01924
-4.40000 -0.01956
-4.35000 -0.01989
-4.30000 -0.02023
-4.25000 -0.02058
-4.20000 -0.02094
-4.15000 -0.02131
-4.10000 -0.02169
-4.05000 -0.02208
-4.00000 -0.02248
-3.95000 -0.02290
-3.90000 -0.02332
-3.85000 -0.02376
-3.80000 -0.02421
-3.75000 -0.02467
-3.70000 -0.02514
-3.65000 -0.02564
-3.60000 -0.02614
-3.55000 -0.02666
-3.50000 -0.02720
-3.45000 -0.02776
-3.40000 -0.02833
-3.35000 -0.02892
-3.30000 -0.02953
-3.25000 -0.03016
-3.20000 -0.03082
-3.15000 -0.03149
-3.10000 -0.03219
-3.05000 -0.03292
-3.00000 -0.03367
-2.95000 -0.03445
-2.90000 -0.03525
-2.85000 -0.03609
-2.80000 -0.03696
-2.75000 -0.03786
-2.70000 -0.03879
-2.65000 -0.03977
-2.60000 -0.04078
-2.55000 -0.04184
-2.50000 -0.04294
-2.45000 -0.04408
-2.40000 -0.04528
-2.35000 -0.04653
-2.30000 -0.04783
-2.25000 -0.04919
-2.20000 -0.05062
-2.15000 -0.05212
-2.10000 -0.05369
-2.05000 -0.05533
-2.00000 -0.05706
-1.95000 -0.05888
-1.90000 -0.06080
-1.85000 -0.06282
-1.80000 -0.06495
-1.75000 -0.06721
-1.70000 -0.06959
-1.65000 -0.07211
-1.60000 -0.07479
-1.55000 -0.07763
-1.50000 -0.08066
-1.45000 -0.08388
-1.40000 -0.08732
-1.35000 -0.09098
-1.30000 -0.09491
-1.25000 -0.09911
-1.20000 -0.10361
-1.15000 -0.10844
-1.10000 -0.11363
-1.05000 -0.11922
-1.00000 -0.12523
-0.95000 -0.13171
-0.90000 -0.13869
-0.85000 -0.14623
-0.80000 -0.15436
-0.75000 -0.16313
-0.70000 -0.17259
-0.65000 -0.18281
-0.60000 -0.19382
-0.55000 -0.20568
-0.50000 -0.21846
-0.45000 -0.23220
-0.40000 -0.24696
-0.35000 -0.26278
-0.30000 -0.27972
-0.25000 -0.29782
-0.20000 -0.31712
-0.15000 -0.33764
-0.10000 -0.35940
-0.05000 -0.38242
0.00000 -0.40669
0.05000 -0.43220
0.10000 -0.45892
0.15000 -0.48679
0.20000 -0.51577
0.25000 -0.54576
0.30000 -0.57666
0.35000 -0.60837
0.40000 -0.64075
0.45000 -0.67364
0.50000 -0.70687
0.55000 -0.74026
0.60000 -0.77362
0.65000 -0.80673
0.70000 -0.83938
0.75000 -0.87136
0.80000 -0.90243
0.85000 -0.93239
0.90000 -0.96101
0.95000 -0.98810
1.00000 -1.01346
1.05000 -1.03693
1.10000 -1.05836
1.15000 -1.07761
1.20000 -1.09458
1.25000 -1.10921
1.30000 -1.12145
1.35000 -1.13129
1.40000 -1.13874
1.45000 -1.14386
1.50000 -1.14672
1.55000 -1.14743
1.60000 -1.14611
1.65000 -1.14292
1.70000 -1.13801
1.75000 -1.13157
1.80000 -1.12379
1.85000 -1.11485
1.90000 -1.10494
1.95000 -1.09426
2.00000 -1.08297
2.05000 -1.07125
2.10000 -1.05923
2.15000 -1.04706
2.20000 -1.03483
2.25000 -1.02264
2.30000 -1.01054
2.35000 -0.99858
2.40000 -0.98677
2.45000 -0.97510
2.50000 -0.96355
2.55000 -0.95207
2.60000 -0.94060
2.65000 -0.92906
2.70000 -0.91738
2.75000 -0.90548
2.80000 -0.89324
2.85000 -0.88060
2.90000 -0.86745
2.95000 -0.85374
3.00000 -0.83937
3.05000 -0.82431
3.10000 -0.80849
3.15000 -0.79191
3.20000 -0.77453
3.25000 -0.75638
3.30000 -0.73745
3.35000 -0.71780
3.40000 -0.69746
3.45000 -0.67651
3.50000 -0.65501
3.55000 -0.63305
3.60000 -0.61073
3.65000 -0.58813
3.70000 -0.56536
3.75000 -0.54253
3.80000 -0.51974
3.85000 -0.49708
3.90000 -0.47466
3.95000 -0.45258
4.00000 -0.43090
4.05000 -0.40972
4.10000 -0.38911
4.15000 -0.36911
4.20000 -0.34980
4.25000 -0.33120
4.30000 -0.31335
4.35000 -0.29628
4.40000 -0.28000
4.45000 -0.26452
4.50000 -0.24984
4.55000 -0.23595
4.60000 -0.22284
4.65000 -0.21050
4.70000 -0.19889
4.75000 -0.18800
4.80000 -0.17780
4.85000 -0.16826
4.90000 -0.15934
4.95000 -0.15101
5.00000 -0.14324
5.05000 -0.13600
5.10000 -0.12925
5.15000 -0.12295
5.20000 -0.11709
5.25000 -0.11163
5.30000 -0.10653
5.35000 -0.10178
5.40000 -0.09735
5.45000 -0.09321
5.50000 -0.08934
5.55000 -0.08572
5.60000 -0.08233
5.65000 -0.07915
5.70000 -0.07617
5.75000 -0.07337
5.80000 -0.07073
5.85000 -0.06825
5.90000 -0.06592
5.95000 -0.06371
6.00000 -0.06162
6.05000 -0.05965
6.10000 -0.05778
6.15000 -0.05601
6.20000 -0.05432
6.25000 -0.05272
6.30000 -0.05120
6.35000 -0.04975
6.40000 -0.04837
6.45000 -0.04706
6.50000 -0.04580
6.55000 -0.04460
6.60000 -0.04345
6.65000 -0.04235
6.70000 -0.04129
6.75000 -0.04028
6.80000 -0.03931
6.85000 -0.03838
6.90000 -0.03749
6.95000 -0.03663
7.00000 -0.03581
7.05000 -0.03501
7.10000 -0.03425
7.15000 -0.03351
7.20000 -0.03280
7.25000 -0.03212
7.30000 -0.03146
7.35000 -0.03082
7.40000 -0.03021
7.45000 -0.02961
7.50000 -0.02904
7.55000 -0.02849
7.60000 -0.02795
7.65000 -0.02743
7.70000 -0.02693
7.75000 -0.02645
7.80000 -0.02598
7.85000 -0.02552
7.90000 -0.02509
7.95000 -0.02466
8.00000 -0.02425
8.05000 -0.02385
8.10000 -0.02346
8.15000 -0.02308
8.20000 -0.02272
8.25000 -0.02237
8.30000 -0.02203
8.35000 -0.02169
8.40000 -0.02137
8.45000 -0.02106
8.50000 -0.02076
8.55000 -0.02047
8.60000 -0.02018
8.65000 -0.01991
8.70000 -0.01964
8.75000 -0.01938
8.80000 -0.01913
8.85000 -0.01888
8.90000 -0.01865
8.95000 -0.01842
9.00000 -0.01820
9.05000 -0.01799
9.10000 -0.01778
9.15000 -0.01758
9.20000 -0.01738
9.25000 -0.01720
9.30000 -0.01702
9.35000 -0.01684
9.40000 -0.01668
9.45000 -0.01651
9.50000 -0.01636
9.55000 -0.01621
9.60000 -0.01607
9.65000 -0.01593
9.70000 -0.01580
9.75000 -0.01567
9.80000 -0.01555
9.85000 -0.01544
9.90000 -0.01533
9.95000 -0.01523
10.00000 -0.01514
10.05000 -0.01505
10.10000 -0.01497
10.15000 -0.01489
10.20000 -0.01483
10.25000 -0.01476
10.30000 -0.01471
10.35000 -0.01466
10.40000 -0.01462
10.45000 -0.01459
10.50000 -0.01456
10.55000 -0.01454
10.60000 -0.01453
10.65000 -0.01453
10.70000 -0.01454
10.75000 -0.01456
10.80000 -0.01458
10.85000 -0.01462
10.90000 -0.01467
10.95000 -0.01472
11.00000 -0.01479
11.05000 -0.01487
11.10000 -0.01496
11.15000 -0.01507
11.20000 -0.01518
11.25000 -0.01532
11.30000 -0.01546
11.35000 -0.01562
11.40000 -0.01579
11.45000 -0.01598
11.50000 -0.01618
11.55000 -0.01640
11.60000 -0.01663
11.65000 -0.01688
11.70000 -0.01715
11.75000 -0.01743
11.80000 -0.01773
11.85000 -0.01804
11.90000 -0.01837
11.95000 -0.01871
12.00000 -0.01907
12.05000 -0.01944
12.10000 -0.01983
12.15000 -0.02023
12.20000 -0.02064
12.25000 -0.02107
12.30000 -0.02150
12.35000 -0.02194
12.40000 -0.02240
12.45000 -0.02285
12.50000 -0.02332
12.55000 -0.02379
12.60000 -0.02427
12.65000 -0.02474
12.70000 -0.02523
12.75000 -0.02571
12.80000 -0.02619
12.85000 -0.02668
12.90000 -0.02716
12.95000 -0.02765
13.00000 -0.02814
13.05000 -0.02862
13.10000 -0.02911
13.15000 -0.02960
13.20000 -0.03009
13.25000 -0.03058
13.30000 -0.03108
13.35000 -0.03158
13.40000 -0.03209
13.45000 -0.03261
13.50000 -0.03313
13.55000 -0.03366
13.60000 -0.03420
13.65000 -0.03475
13.70000 -0.03532
13.75000 -0.03589
13.80000 -0.03648
13.85000 -0.03707
13.90000 -0.03768
13.95000 -0.03829
14.00000 -0.03892
14.05000 -0.03955
14.10000 -0.04018
14.15000 -0.04081
14.20000 -0.04145
14.25000 -0.04208
14.30000 -0.04269
14.35000 -0.04330
14.40000 -0.04389
14.45000 -0.04446
14.50000 -0.04501
14.55000 -0.04552
14.60000 -0.04601
14.65000 -0.04645
14.70000 -0.04685
14.75000 -0.04721
14.80000 -0.04752
14.85000 -0.04777
14.90000 -0.04797
14.95000 -0.04811
15.00000 -0.04820
15.05000 -0.04822
15.10000 -0.04818
15.15000 -0.04807
15.20000 -0.04791
15.25000 -0.04768
15.30000 -0.04740
15.35000 -0.04705
15.40000 -0.04665
15.45000 -0.04620
15.50000 -0.04570
15.55000 -0.04515
15.60000 -0.04456
15.65000 -0.04393
15.70000 -0.04326
15.75000 -0.04256
15.80000 -0.04183
15.85000 -0.04108
15.90000 -0.04031
15.95000 -0.03952
16.00000 -0.03872
16.05000 -0.03791
16.10000 -0.03709
16.15000 -0.03626
16.20000 -0.03544
16.25000 -0.03462
16.30000 -0.03380
16.35000 -0.03298
16.40000 -0.03217
16.45000 -0.03136
16.50000 -0.03057
16.55000 -0.02978
16.60000 -0.02900
16.65000 -0.02824
16.70000 -0.02748
16.75000 -0.02674
16.80000 -0.02601
16.85000 -0.02529
16.90000 -0.02458
16.95000 -0.02388
17.00000 -0.02320
17.05000 -0.02252
17.10000 -0.02187
17.15000 -0.02122
17.20000 -0.02059
17.25000 -0.01997
17.30000 -0.01936
17.35000 -0.01877
17.40000 -0.01820
17.45000 -0.01763
17.50000 -0.01708
17.55000 -0.01655
17.60000 -0.01603
17.65000 -0.01553
17.70000 -0.01504
17.75000 -0.01457
17.80000 -0.01411
17.85000 -0.01367
17.90000 -0.01324
17.95000 -0.01283
18.00000 -0.01243
18.05000 -0.01205
18.10000 -0.01169
18.15000 -0.01133
18.20000 -0.01100
18.25000 -0.01067
18.30000 -0.01036
18.35000 -0.01006
18.40000 -0.00978
18.45000 -0.00951
18.50000 -0.00925
18.55000 -0.00900
18.60000 -0.00876
18.65000 -0.00853
18.70000 -0.00832
18.75000 -0.00811
18.80000 -0.00791
18.85000 -0.00772
18.90000 -0.00754
18.95000 -0.00736
19.00000 -0.00720
19.05000 -0.00704
19.10000 -0.00689
19.15000 -0.00674
19.20000 -0.00660
19.25000 -0.00647
19.30000 -0.00634
19.35000 -0.00621
19.40000 -0.00609
19.45000 -0.00598
19.50000 -0.00587
19.55000 -0.00576
19.60000 -0.00566
19.65000 -0.00556
19.70000 -0.00547
19.75000 -0.00538
19.80000 -0.00529
19.85000 -0.00521
19.90000 -0.00512
19.95000 -0.00504
20.00000 -0.00497
