-20.00000 -0.00408
-19.95000 -0.00411
-19.90000 -0.00414
-19.85000 -0.00416
-19.80000 -0.00419
-19.75000 -0.00422
-19.70000 -0.00425
-19.65000 -0.00427
-19.60000 -0.00430
-19.55000 -0.00433
-19.50000 -0.00436
-19.45000 -0.00439
-19.40000 -0.00442
-19.35000 -0.00445
-19.30000 -0.00448
-19.25000 -0.00451
-19.20000 -0.00454
-19.15000 -0.00457
-19.10000 -0.00460
-19.05000 -0.00464
-19.00000 -0.00467
-18.95000 -0.00470
-18.90000 -0.00473
-18.85000 -0.00477
-18.80000 -0.00480
-18.75000 -0.00484
-18.70000 -0.00487
-18.65000 -0.00491
-18.60000 -0.00494
-18.55000 -0.00498
-18.50000 -0.00501
-18.45000 -0.00505
-18.40000 -0.00508
-18.35000 -0.00512
-18.30000 -0.00516
-18.25000 -0.00520
-18.20000 -0.00524
-18.15000 -0.00527
-18.10000 -0.00531
-18.05000 -0.00535
-18.00000 -0.00539
-17.95000 -0.00543
-17.90000 -0.00548
-17.85000 -0.00552
-17.80000 -0.00556
-17.75000 -0.00560
-17.70000 -0.00564
-17.65000 -0.00569
-17.60000 -0.00573
-17.55000 -0.00577
-17.50000 -0.00582
-17.45000 -0.00586
-17.40000 -0.00591
-17.35000 -0.00596
-17.30000 -0.00600
-17.25000 -0.00605
-17.20000 -0.00610
-17.15000 -0.00615
-17.10000 -0.00620
-17.05000 -0.00625
-17.00000 -0.00630
-16.95000 -0.00635
-16.90000 -0.00640
-16.85000 -0.00645
-16.80000 -0.00650
-16.75000 -0.00656
-16.70000 -0.00661
-16.65000 -0.00667
-16.60000 -0.00672
-16.55000 -0.00678
-16.50000 -0.00684
-16.45000 -0.00689
-16.40000 -0.00695
-16.35000 -0.00701
-16.30000 -0.00707
-16.25000 -0.00713
-16.20000 -0.00720
-16.15000 -0.00726
-16.10000 -0.00732
-16.05000 -0.00739
-16.00000 -0.00745
-15.95000 -0.00752
-15.90000 -0.00759
-15.85000 -0.00765
-15.80000 -0.00772
-15.75000 -0.00779
-15.70000 -0.00786
-15.65000 -0.00794
-15.60000 -0.00801
-15.55000 -0.00808
-15.50000 -0.00816
-15.45000 -0.00824
-15.40000 -0.00831
-15.35000 -0.00839
-15.30000 -0.00847
-15.25000 -0.00855
-15.20000 -0.00864
-15.15000 -0.00872
-15.10000 -0.00881
-15.05000 -0.00889
-15.00000 -0.00898
-14.95000 -0.00907
-14.90000 -0.00916
-14.85000 -0.00925
-14.80000 -0.00934
-14.75000 -0.00944
-14.70000 -0.00953
-14.65000 -0.00963
-14.60000 -0.00973
-14.55000 -0.00983
-14.50000 -0.00993
-14.45000 -0.01003
-14.40000 -0.01013
-14.35000 -0.01024
-14.30000 -0.01035
-14.25000 -0.01046
-14.20000 -0.01057
-14.15000 -0.01068
-14.10000 -0.01079
-14.05000 -0.01091
-14.00000 -0.01102
-13.95000 -0.01114
-13.90000 -0.01126
-13.85000 -0.01138
-13.80000 -0.01150
-13.75000 -0.01163
-13.70000 -0.01175
-13.65000 -0.01188
-13.60000 -0.01201
-13.55000 -0.01214
-13.50000 -0.01227
-13.45000 -0.01241
-13.40000 -0.01255
-13.35000 -0.01268
-13.30000 -0.01282
-13.25000 -0.01296
-13.20000 -0.01311
-13.15000 -0.01325
-13.10000 -0.01340
-13.05000 -0.01355
-13.00000 -0.01370
-12.95000 -0.01385
-12.90000 -0.01401
-12.85000 -0.01416
-12.80000 -0.01432
-12.75000 -0.01449
-12.70000 -0.01465
-12.65000 -0.01482
-12.60000 -0.01498
-12.55000 -0.01515
-12.50000 -0.01533
-12.45000 -0.01550
-12.40000 -0.01568
-12.35000 -0.01586
-12.30000 -0.01605
-12.25000 -0.01624
-12.20000 -0.01643
-12.15000 -0.01662
-12.10000 -0.01682
-12.05000 -0.01702
-12.00000 -0.01722
-11.95000 -0.01743
-11.90000 -0.01764
-11.85000 -0.01786
-11.80000 -0.01808
-11.75000 -0.01830
-11.70000 -0.01853
-11.65000 -0.01876
-11.60000 -0.01900
-11.55000 -0.01924
-11.50000 -0.01949
-11.45000 -0.01974
-11.40000 -0.02000
-11.35000 -0.02026
-11.30000 -0.02053
-11.25000 -0.02081
-11.20000 -0.02109
-11.15000 -0.02137
-11.10000 -0.02167
-11.05000 -0.02197
-11.00000 -0.02228
-10.95000 -0.02259
-10.90000 -0.02291
-10.85000 -0.02324
-10.80000 -0.02358
-10.75000 -0.02393
-10.70000 -0.02428
-10.65000 -0.02464
-10.60000 -0.02501
-10.55000 -0.02539
-10.50000 -0.02578
-10.45000 -0.02618
-10.40000 -0.02658
-10.35000 -0.02700
-10.30000 -0.02743
-10.25000 -0.02787
-10.20000 -0.02831
-10.15000 -0.02877
-10.10000 -0.02924
-10.05000 -0.02972
-10.00000 -0.03022
-9.95000 -0.03072
-9.90000 -0.03124
-9.85000 -0.03177
-9.80000 -0.03231
-9.75000 -0.03287
-9.70000 -0.03344
-9.65000 -0.03402
-9.60000 -0.03462
-9.55000 -0.03523
-9.50000 -0.03586
-9.45000 -0.03650
-9.40000 -0.03716
-9.35000 -0.03783
-9.30000 -0.03852
-9.25000 -0.03923
-9.20000 -0.03995
-9.15000 -0.04068
-9.10000 -0.04144
-9.05000 -0.04221
-9.00000 -0.04300
-8.95000 -0.04381
-8.90000 -0.04463
-8.85000 -0.04547
-8.80000 -0.04633
-8.75000 -0.04721
-8.70000 -0.04811
-8.65000 -0.04903
-8.60000 -0.04996
-8.55000 -0.05092
-8.50000 -0.05189
-8.45000 -0.05288
-8.40000 -0.05390
-8.35000 -0.05493
-8.30000 -0.05597
-8.25000 -0.05704
-8.20000 -0.05813
-8.15000 -0.05923
-8.10000 -0.06035
-8.05000 -0.06149
-8.00000 -0.06265
-7.95000 -0.06383
-7.90000 -0.06502
-7.85000 -0.06622
-7.80000 -0.06744
-7.75000 -0.06868
-7.70000 -0.06993
-7.65000 -0.07120
-7.60000 -0.07247
-7.55000 -0.07376
-7.50000 -0.07505
-7.45000 -0.07636
-7.40000 -0.07768
-7.35000 -0.07900
-7.30000 -0.08032
-7.25000 -0.08165
-7.20000 -0.08299
-7.15000 -0.08432
-7.10000 -0.08565
-7.05000 -0.08698
-7.00000 -0.08831
-6.95000 -0.08963
-6.90000 -0.09094
-6.85000 -0.09224
-6.80000 -0.09353
-6.75000 -0.09480
-6.70000 -0.09605
-6.65000 -0.09729
-6.60000 -0.09851
-6.55000 -0.09970
-6.50000 -0.10086
-6.45000 -0.10200
-6.40000 -0.10310
-6.35000 -0.10418
-6.30000 -0.10521
-6.25000 -0.10621
-6.20000 -0.10716
-6.15000 -0.10808
-6.10000 -0.10895
-6.05000 -0.10977
-6.00000 -0.11054
-5.95000 -0.11126
-5.90000 -0.11193
-5.85000 -0.11254
-5.80000 -0.11310
-5.75000 -0.11360
-5.70000 -0.11405
-5.65000 -0.11443
-5.60000 -0.11475
-5.55000 -0.11501
-5.50000 -0.11522
-5.45000 -0.11535
-5.40000 -0.11543
-5.35000 -0.11545
-5.30000 -0.11540
-5.25000 -0.11530
-5.20000 -0.11514
-5.15000 -0.11491
-5.10000 -0.11463
-5.05000 -0.11430
-5.00000 -0.11391
-4.95000 -0.11347
-4.90000 -0.11297
-4.85000 -0.11243
-4.80000 -0.11184
-4.75000 -0.11121
-4.70000 -0.11054
-4.65000 -0.10983
-4.60000 -0.10908
-4.55000 -0.10830
-4.50000 -0.10748
-4.45000 -0.10664
-4.40000 -0.10578
-4.35000 -0.10489
-4.30000 -0.10398
-4.25000 -0.10305
-4.20000 -0.10211
-4.15000 -0.10116
-4.10000 -0.10020
-4.05000 -0.09923
-4.00000 -0.09826
-3.95000 -0.09729
-3.90000 -0.09632
-3.85000 -0.09536
-3.80000 -0.09440
-3.75000 -0.09345
-3.70000 -0.09250
-3.65000 -0.09157
-3.60000 -0.09065
-3.55000 -0.08975
-3.50000 -0.08887
-3.45000 -0.08800
-3.40000 -0.08715
-3.35000 -0.08632
-3.30000 -0.08552
-3.25000 -0.08473
-3.20000 -0.08397
-3.15000 -0.08323
-3.10000 -0.08252
-3.05000 -0.08183
-3.00000 -0.08117
-2.95000 -0.08053
-2.90000 -0.07992
-2.85000 -0.07933
-2.80000 -0.07877
-2.75000 -0.07824
-2.70000 -0.07773
-2.65000 -0.07725
-2.60000 -0.07679
-2.55000 -0.07635
-2.50000 -0.07594
-2.45000 -0.07556
-2.40000 -0.07519
-2.35000 -0.07485
-2.30000 -0.07453
-2.25000 -0.07423
-2.20000 -0.07395
-2.15000 -0.07369
-2.10000 -0.07345
-2.05000 -0.07323
-2.00000 -0.07302
-1.95000 -0.07283
-1.90000 -0.07265
-1.85000 -0.07249
-1.80000 -0.07234
-1.75000 -0.07220
-1.70000 -0.07207
-1.65000 -0.07196
-1.60000 -0.07185
-1.55000 -0.07175
-1.50000 -0.07165
-1.45000 -0.07156
-1.40000 -0.07148
-1.35000 -0.07139
-1.30000 -0.07132
-1.25000 -0.07124
-1.20000 -0.07116
-1.15000 -0.07109
-1.10000 -0.07101
-1.05000 -0.07093
-1.00000 -0.07085
-0.95000 -0.07076
-0.90000 -0.07067
-0.85000 -0.07058
-0.80000 -0.07048
-0.75000 -0.07037
-0.70000 -0.07026
-0.65000 -0.07014
-0.60000 -0.07001
-0.55000 -0.06987
-0.50000 -0.06973
-0.45000 -0.06957
-0.40000 -0.06941
-0.35000 -0.06923
-0.30000 -0.06905
-0.25000 -0.06886
-0.20000 -0.06865
-0.15000 -0.06844
-0.10000 -0.06821
-0.05000 -0.06798
0.00000 -0.06774
0.05000 -0.06748
0.10000 -0.06722
0.15000 -0.06694
0.20000 -0.06666
0.25000 -0.06637
0.30000 -0.06607
0.35000 -0.06576
0.40000 -0.06545
0.45000 -0.06512
0.50000 -0.06479
0.55000 -0.06446
0.60000 -0.06412
0.65000 -0.06377
0.70000 -0.06342
0.75000 -0.06307
0.80000 -0.06271
0.85000 -0.06235
0.90000 -0.06199
0.95000 -0.06163
1.00000 -0.06127
1.05000 -0.06090
1.10000 -0.06054
1.15000 -0.06018
1.20000 -0.05983
1.25000 -0.05947
1.30000 -0.05912
1.35000 -0.05878
1.40000 -0.05844
1.45000 -0.05810
1.50000 -0.05777
1.55000 -0.05744
1.60000 -0.05712
1.65000 -0.05681
1.70000 -0.05651
1.75000 -0.05621
1.80000 -0.05592
1.85000 -0.05564
1.90000 -0.05537
1.95000 -0.05510
2.00000 -0.05484
2.05000 -0.05459
2.10000 -0.05435
2.15000 -0.05412
2.20000 -0.05389
2.25000 -0.05367
2.30000 -0.05346
2.35000 -0.05325
2.40000 -0.05305
2.45000 -0.05286
2.50000 -0.05267
2.55000 -0.05249
2.60000 -0.05231
2.65000 -0.05214
2.70000 -0.05197
2.75000 -0.05180
2.80000 -0.05163
2.85000 -0.05147
2.90000 -0.05131
2.95000 -0.05114
3.00000 -0.05098
3.05000 -0.05082
3.10000 -0.05065
3.15000 -0.05048
3.20000 -0.05031
3.25000 -0.05013
3.30000 -0.04995
3.35000 -0.04977
3.40000 -0.04957
3.45000 -0.04938
3.50000 -0.04917
3.55000 -0.04896
3.60000 -0.04874
3.65000 -0.04851
3.70000 -0.04827
3.75000 -0.04802
3.80000 -0.04776
3.85000 -0.04749
3.90000 -0.04722
3.95000 -0.04693
4.00000 -0.04663
4.05000 -0.04632
4.10000 -0.04600
4.15000 -0.04567
4.20000 -0.04533
4.25000 -0.04498
4.30000 -0.04462
4.35000 -0.04425
4.40000 -0.04387
4.45000 -0.04348
4.50000 -0.04308
4.55000 -0.04267
4.60000 -0.04225
4.65000 -0.04183
4.70000 -0.04139
4.75000 -0.04095
4.80000 -0.04051
4.85000 -0.04005
4.90000 -0.03960
4.95000 -0.03913
5.00000 -0.03867
5.05000 -0.03820
5.10000 -0.03772
5.15000 -0.03724
5.20000 -0.03676
5.25000 -0.03628
5.30000 -0.03580
5.35000 -0.03532
5.40000 -0.03483
5.45000 -0.03435
5.50000 -0.03387
5.55000 -0.03339
5.60000 -0.03291
5.65000 -0.03243
5.70000 -0.03196
5.75000 -0.03149
5.80000 -0.03102
5.85000 -0.03055
5.90000 -0.03009
5.95000 -0.02964
6.00000 -0.02919
6.05000 -0.02874
6.10000 -0.02830
6.15000 -0.02786
6.20000 -0.02743
6.25000 -0.02700
6.30000 -0.02658
6.35000 -0.02617
6.40000 -0.02576
6.45000 -0.02536
6.50000 -0.02497
6.55000 -0.02458
6.60000 -0.02419
6.65000 -0.02382
6.70000 -0.02345
6.75000 -0.02308
6.80000 -0.02273
6.85000 -0.02238
6.90000 -0.02203
6.95000 -0.02169
7.00000 -0.02136
7.05000 -0.02103
7.10000 -0.02071
7.15000 -0.02040
7.20000 -0.02009
7.25000 -0.01979
7.30000 -0.01949
7.35000 -0.01920
7.40000 -0.01892
7.45000 -0.01864
7.50000 -0.01837
7.55000 -0.01810
7.60000 -0.01784
7.65000 -0.01758
7.70000 -0.01733
7.75000 -0.01708
7.80000 -0.01684
7.85000 -0.01660
7.90000 -0.01637
7.95000 -0.01614
8.00000 -0.01592
8.05000 -0.01570
8.10000 -0.01548
8.15000 -0.01527
8.20000 -0.01507
8.25000 -0.01487
8.30000 -0.01467
8.35000 -0.01448
8.40000 -0.01429
8.45000 -0.01410
8.50000 -0.01392
8.55000 -0.01374
8.60000 -0.01356
8.65000 -0.01339
8.70000 -0.01322
8.75000 -0.01306
8.80000 -0.01290
8.85000 -0.01274
8.90000 -0.01258
8.95000 -0.01243
9.00000 -0.01228
9.05000 -0.01213
9.10000 -0.01199
9.15000 -0.01185
9.20000 -0.01171
9.25000 -0.01157
9.30000 -0.01144
9.35000 -0.01130
9.40000 -0.01118
9.45000 -0.01105
9.50000 -0.01092
9.55000 -0.01080
9.60000 -0.01068
9.65000 -0.01057
9.70000 -0.01045
9.75000 -0.01034
9.80000 -0.01022
9.85000 -0.01011
9.90000 -0.01001
9.95000 -0.00990
10.00000 -0.00980
10.05000 -0.00970
10.10000 -0.00959
10.15000 -0.00950
10.20000 -0.00940
10.25000 -0.00930
10.30000 -0.00921
10.35000 -0.00912
10.40000 -0.00903
10.45000 -0.00894
10.50000 -0.00885
10.55000 -0.00876
10.60000 -0.00868
10.65000 -0.00859
10.70000 -0.00851
10.75000 -0.00843
10.80000 -0.00835
10.85000 -0.00827
10.90000 -0.00819
10.95000 -0.00812
11.00000 -0.00804
11.05000 -0.00797
11.10000 -0.00790
11.15000 -0.00782
11.20000 -0.00775
11.25000 -0.00768
11.30000 -0.00762
11.35000 -0.00755
11.40000 -0.00748
11.45000 -0.00742
11.50000 -0.00735
11.55000 -0.00729
11.60000 -0.00722
11.65000 -0.00716
11.70000 -0.00710
11.75000 -0.00704
11.80000 -0.00698
11.85000 -0.00692
11.90000 -0.00686
11.95000 -0.00681
12.00000 -0.00675
12.05000 -0.00669
12.10000 -0.00664
12.15000 -0.00658
12.20000 -0.00653
12.25000 -0.00648
12.30000 -0.00642
12.35000 -0.00637
12.40000 -0.00632
12.45000 -0.00627
12.50000 -0.00622
12.55000 -0.00617
12.60000 -0.00612
12.65000 -0.00607
12.70000 -0.00602
12.75000 -0.00598
12.80000 -0.00593
12.85000 -0.00588
12.90000 -0.00584
12.95000 -0.00579
13.00000 -0.00575
13.05000 -0.00570
13.10000 -0.00566
13.15000 -0.00562
13.20000 -0.00557
13.25000 -0.00553
13.30000 -0.00549
13.35000 -0.00545
13.40000 -0.00541
13.45000 -0.00537
13.50000 -0.00533
13.55000 -0.00529
13.60000 -0.00525
13.65000 -0.00521
13.70000 -0.00517
13.75000 -0.00513
13.80000 -0.00509
13.85000 -0.00506
13.90000 -0.00502
13.95000 -0.00498
14.00000 -0.00495
14.05000 -0.00491
14.10000 -0.00488
14.15000 -0.00484
14.20000 -0.00481
14.25000 -0.00477
14.30000 -0.00474
14.35000 -0.00471
14.40000 -0.00467
14.45000 -0.00464
14.50000 -0.00461
14.55000 -0.00458
14.60000 -0.00454
14.65000 -0.00451
14.70000 -0.00448
14.75000 -0.00445
14.80000 -0.00442
14.85000 -0.00439
14.90000 -0.00436
14.95000 -0.00433
15.00000 -0.00430
15.05000 -0.00427
15.10000 -0.00425
15.15000 -0.00422
15.20000 -0.00419
15.25000 -0.00416
15.30000 -0.00414
15.35000 -0.00411
15.40000 -0.00408
15.45000 -0.00406
15.50000 -0.00403
15.55000 -0.00400
15.60000 -0.00398
15.65000 -0.00395
15.70000 -0.00393
15.75000 -0.00390
15.80000 -0.00388
15.85000 -0.00385
15.90000 -0.00383
15.95000 -0.00381
16.00000 -0.00378
16.05000 -0.00376
16.10000 -0.00374
16.15000 -0.00371
16.20000 -0.00369
16.25000 -0.00367
16.30000 -0.00365
16.35000 -0.00362
16.40000 -0.00360
16.45000 -0.00358
16.50000 -0.00356
16.55000 -0.00354
16.60000 -0.00352
16.65000 -0.00350
16.70000 -0.00348
16.75000 -0.00346
16.80000 -0.00344
16.85000 -0.00342
16.90000 -0.00340
16.95000 -0.00338
17.00000 -0.00336
17.05000 -0.00334
17.10000 -0.00332
17.15000 -0.00330
17.20000 -0.00328
17.25000 -0.00326
17.30000 -0.00324
17.35000 -0.00322
17.40000 -0.00321
17.45000 -0.00319
17.50000 -0.00317
17.55000 -0.00315
17.60000 -0.00313
17.65000 -0.00312
17.70000 -0.00310
17.75000 -0.00308
17.80000 -0.00306
17.85000 -0.00305
17.90000 -0.00303
17.95000 -0.00301
18.00000 -0.00300
18.05000 -0.00298
18.10000 -0.00296
18.15000 -0.00295
18.20000 -0.00293
18.25000 -0.00291
18.30000 -0.00290
18.35000 -0.00288
18.40000 -0.00287
18.45000 -0.00285
18.50000 -0.00283
18.55000 -0.00282
18.60000 -0.00280
18.65000 -0.00279
18.70000 -0.00277
18.75000 -0.00276
18.80000 -0.00274
18.85000 -0.00273
18.90000 -0.00271
18.95000 -0.00270
19.00000 -0.00269
19.05000 -0.00267
19.10000 -0.00266
19.15000 -0.00264
19.20000 -0.00263
19.25000 -0.00262
19.30000 -0.00260
19.35000 -0.00259
19.40000 -0.00257
19.45000 -0.00256
19.50000 -0.00255
19.55000 -0.00253
19.60000 -0.00252
19.65000 -0.00251
19.70000 -0.00250
19.75000 -0.00248
19.80000 -0.00247
19.85000 -0.00246
19.90000 -0.00245
19.95000 -0.00243
20.00000 -0.00242
