-20.00000 0.08763
-19.95000 0.08864
-19.90000 0.08967
-19.85000 0.09071
-19.80000 0.09176
-19.75000 0.09283
-19.70000 0.09391
-19.65000 0.09501
-19.60000 0.09612
-19.55000 0.09725
-19.50000 0.09840
-19.45000 0.09956
-19.40000 0.10073
-19.35000 0.10192
-19.30000 0.10313
-19.25000 0.10435
-19.20000 0.10559
-19.15000 0.10684
-19.10000 0.10812
-19.05000 0.10941
-19.00000 0.11071
-18.95000 0.11204
-18.90000 0.11338
-18.85000 0.11475
-18.80000 0.11613
-18.75000 0.11753
-18.70000 0.11895
-18.65000 0.12039
-18.60000 0.12185
-18.55000 0.12334
-18.50000 0.12484
-18.45000 0.12637
-18.40000 0.12793
-18.35000 0.12950
-18.30000 0.13111
-18.25000 0.13273
-18.20000 0.13438
-18.15000 0.13606
-18.10000 0.13777
-18.05000 0.13950
-18.00000 0.14126
-17.95000 0.14305
-17.90000 0.14486
-17.85000 0.14671
-17.80000 0.14858
-17.75000 0.15048
-17.70000 0.15241
-17.65000 0.15437
-17.60000 0.15636
-17.55000 0.15838
-17.50000 0.16042
-17.45000 0.16250
-17.40000 0.16460
-17.35000 0.16673
-17.30000 0.16888
-17.25000 0.17106
-17.20000 0.17326
-17.15000 0.17549
-17.10000 0.17774
-17.05000 0.18001
-17.00000 0.18229
-16.95000 0.18460
-16.90000 0.18692
-16.85000 0.18926
-16.80000 0.19161
-16.75000 0.19397
-16.70000 0.19634
-16.65000 0.19872
-16.60000 0.20110
-16.55000 0.20348
-16.50000 0.20587
-16.45000 0.20825
-16.40000 0.21063
-16.35000 0.21301
-16.30000 0.21538
-16.25000 0.21774
-16.20000 0.22009
-16.15000 0.22243
-16.10000 0.22475
-16.05000 0.22706
-16.00000 0.22935
-15.95000 0.23163
-15.90000 0.23389
-15.85000 0.23613
-15.80000 0.23834
-15.75000 0.24054
-15.70000 0.24272
-15.65000 0.24488
-15.60000 0.24701
-15.55000 0.24913
-15.50000 0.25122
-15.45000 0.25330
-15.40000 0.25535
-15.35000 0.25739
-15.30000 0.25941
-15.25000 0.26141
-15.20000 0.26340
-15.15000 0.26537
-15.10000 0.26733
-15.05000 0.26928
-15.00000 0.27121
-14.95000 0.27313
-14.90000 0.27505
-14.85000 0.27695
-14.80000 0.27885
-14.75000 0.28074
-14.70000 0.28262
-14.65000 0.28450
-14.60000 0.28637
-14.55000 0.28824
-14.50000 0.29010
-14.45000 0.29196
-14.40000 0.29381
-14.35000 0.29566
-14.30000 0.29751
-14.25000 0.29935
-14.20000 0.30118
-14.15000 0.30301
-14.10000 0.30483
-14.05000 0.30664
-14.00000 0.30845
-13.95000 0.31024
-13.90000 0.31203
-13.85000 0.31381
-13.80000 0.31557
-13.75000 0.31732
-13.70000 0.31906
-13.65000 0.32078
-13.60000 0.32249
-13.55000 0.32419
-13.50000 0.32587
-13.45000 0.32753
-13.40000 0.32917
-13.35000 0.33080
-13.30000 0.33241
-13.25000 0.33400
-13.20000 0.33557
-13.15000 0.33713
-13.10000 0.33868
-13.05000 0.34020
-13.00000 0.34171
-12.95000 0.34321
-12.90000 0.34470
-12.85000 0.34617
-12.80000 0.34764
-12.75000 0.34910
-12.70000 0.35056
-12.65000 0.35201
-12.60000 0.35346
-12.55000 0.35491
-12.50000 0.35638
-12.45000 0.35784
-12.40000 0.35932
-12.35000 0.36082
-12.30000 0.36234
-12.25000 0.36387
-12.20000 0.36544
-12.15000 0.36703
-12.10000 0.36866
-12.05000 0.37032
-12.00000 0.37203
-11.95000 0.37379
-11.90000 0.37559
-11.85000 0.37745
-11.80000 0.37938
-11.75000 0.38136
-11.70000 0.38341
-11.65000 0.38554
-11.60000 0.38774
-11.55000 0.39002
-11.50000 0.39239
-11.45000 0.39484
-11.40000 0.39739
-11.35000 0.40003
-11.30000 0.40278
-11.25000 0.40563
-11.20000 0.40858
-11.15000 0.41165
-11.10000 0.41483
-11.05000 0.41814
-11.00000 0.42156
-10.95000 0.42511
-10.90000 0.42879
-10.85000 0.43261
-10.80000 0.43656
-10.75000 0.44066
-10.70000 0.44490
-10.65000 0.44929
-10.60000 0.45384
-10.55000 0.45855
-10.50000 0.46343
-10.45000 0.46848
-10.40000 0.47370
-10.35000 0.47912
-10.30000 0.48472
-10.25000 0.49052
-10.20000 0.49653
-10.15000 0.50276
-10.10000 0.50922
-10.05000 0.51590
-10.00000 0.52284
-9.95000 0.53003
-9.90000 0.53748
-9.85000 0.54522
-9.80000 0.55324
-9.75000 0.56157
-9.70000 0.57022
-9.65000 0.57919
-9.60000 0.58850
-9.55000 0.59816
-9.50000 0.60818
-9.45000 0.61858
-9.40000 0.62937
-9.35000 0.64055
-9.30000 0.65213
-9.25000 0.66413
-9.20000 0.67654
-9.15000 0.68937
-9.10000 0.70262
-9.05000 0.71630
-9.00000 0.73040
-8.95000 0.74492
-8.90000 0.75986
-8.85000 0.77519
-8.80000 0.79092
-8.75000 0.80702
-8.70000 0.82349
-8.65000 0.84031
-8.60000 0.85744
-8.55000 0.87488
-8.50000 0.89260
-8.45000 0.91057
-8.40000 0.92876
-8.35000 0.94715
-8.30000 0.96571
-8.25000 0.98441
-8.20000 1.00321
-8.15000 1.02210
-8.10000 1.04103
-8.05000 1.05999
-8.00000 1.07896
-7.95000 1.09789
-7.90000 1.11678
-7.85000 1.13560
-7.80000 1.15434
-7.75000 1.17298
-7.70000 1.19152
-7.65000 1.20994
-7.60000 1.22824
-7.55000 1.24642
-7.50000 1.26448
-7.45000 1.28243
-7.40000 1.30028
-7.35000 1.31803
-7.30000 1.33571
-7.25000 1.35333
-7.20000 1.37091
-7.15000 1.38847
-7.10000 1.40603
-7.05000 1.42362
-7.00000 1.44124
-6.95000 1.45893
-6.90000 1.47670
-6.85000 1.49455
-6.80000 1.51251
-6.75000 1.53056
-6.70000 1.54872
-6.65000 1.56697
-6.60000 1.58529
-6.55000 1.60366
-6.50000 1.62204
-6.45000 1.64039
-6.40000 1.65865
-6.35000 1.67675
-6.30000 1.69463
-6.25000 1.71220
-6.20000 1.72936
-6.15000 1.74601
-6.10000 1.76206
-6.05000 1.77738
-6.00000 1.79185
-5.95000 1.80536
-5.90000 1.81779
-5.85000 1.82901
-5.80000 1.83891
-5.75000 1.84738
-5.70000 1.85431
-5.65000 1.85962
-5.60000 1.86321
-5.55000 1.86502
-5.50000 1.86498
-5.45000 1.86305
-5.40000 1.85922
-5.35000 1.85346
-5.30000 1.84578
-5.25000 1.83621
-5.20000 1.82480
-5.15000 1.81158
-5.10000 1.79664
-5.05000 1.78007
-5.00000 1.76195
-4.95000 1.74241
-4.90000 1.72155
-4.85000 1.69950
-4.80000 1.67640
-4.75000 1.65239
-4.70000 1.62759
-4.65000 1.60216
-4.60000 1.57621
-4.55000 1.54990
-4.50000 1.52333
-4.45000 1.49665
-4.40000 1.46995
-4.35000 1.44335
-4.30000 1.41695
-4.25000 1.39083
-4.20000 1.36507
-4.15000 1.33974
-4.10000 1.31490
-4.05000 1.29059
-4.00000 1.26686
-3.95000 1.24374
-3.90000 1.22124
-3.85000 1.19939
-3.80000 1.17818
-3.75000 1.15763
-3.70000 1.13772
-3.65000 1.11845
-3.60000 1.09980
-3.55000 1.08176
-3.50000 1.06430
-3.45000 1.04741
-3.40000 1.03107
-3.35000 1.01524
-3.30000 0.99991
-3.25000 0.98506
-3.20000 0.97065
-3.15000 0.95667
-3.10000 0.94309
-3.05000 0.92991
-3.00000 0.91708
-2.95000 0.90461
-2.90000 0.89247
-2.85000 0.88065
-2.80000 0.86913
-2.75000 0.85791
-2.70000 0.84697
-2.65000 0.83631
-2.60000 0.82592
-2.55000 0.81579
-2.50000 0.80592
-2.45000 0.79631
-2.40000 0.78694
-2.35000 0.77782
-2.30000 0.76895
-2.25000 0.76033
-2.20000 0.75195
-2.15000 0.74382
-2.10000 0.73593
-2.05000 0.72829
-2.00000 0.72089
-1.95000 0.71374
-1.90000 0.70684
-1.85000 0.70018
-1.80000 0.69378
-1.75000 0.68762
-1.70000 0.68171
-1.65000 0.67604
-1.60000 0.67062
-1.55000 0.66545
-1.50000 0.66052
-1.45000 0.65584
-1.40000 0.65139
-1.35000 0.64718
-1.30000 0.64321
-1.25000 0.63947
-1.20000 0.63595
-1.15000 0.63266
-1.10000 0.62959
-1.05000 0.62674
-1.00000 0.62409
-0.95000 0.62165
-0.90000 0.61940
-0.85000 0.61734
-0.80000 0.61547
-0.75000 0.61377
-0.70000 0.61225
-0.65000 0.61088
-0.60000 0.60967
-0.55000 0.60860
-0.50000 0.60767
-0.45000 0.60686
-0.40000 0.60618
-0.35000 0.60560
-0.30000 0.60512
-0.25000 0.60473
-0.20000 0.60443
-0.15000 0.60419
-0.10000 0.60402
-0.05000 0.60389
0.00000 0.60381
0.05000 0.60376
0.10000 0.60374
0.15000 0.60373
0.20000 0.60372
0.25000 0.60371
0.30000 0.60369
0.35000 0.60365
0.40000 0.60358
0.45000 0.60348
0.50000 0.60333
0.55000 0.60313
0.60000 0.60288
0.65000 0.60257
0.70000 0.60219
0.75000 0.60174
0.80000 0.60121
0.85000 0.60061
0.90000 0.59992
0.95000 0.59915
1.00000 0.59828
1.05000 0.59733
1.10000 0.59629
1.15000 0.59516
1.20000 0.59393
1.25000 0.59262
1.30000 0.59121
1.35000 0.58972
1.40000 0.58813
1.45000 0.58647
1.50000 0.58472
1.55000 0.58289
1.60000 0.58098
1.65000 0.57900
1.70000 0.57695
1.75000 0.57484
1.80000 0.57266
1.85000 0.57043
1.90000 0.56814
1.95000 0.56581
2.00000 0.56343
2.05000 0.56102
2.10000 0.55857
2.15000 0.55609
2.20000 0.55359
2.25000 0.55106
2.30000 0.54852
2.35000 0.54596
2.40000 0.54340
2.45000 0.54083
2.50000 0.53826
2.55000 0.53568
2.60000 0.53311
2.65000 0.53055
2.70000 0.52799
2.75000 0.52545
2.80000 0.52291
2.85000 0.52038
2.90000 0.51786
2.95000 0.51536
3.00000 0.51286
3.05000 0.51038
3.10000 0.50791
3.15000 0.50544
3.20000 0.50298
3.25000 0.50053
3.30000 0.49808
3.35000 0.49562
3.40000 0.49317
3.45000 0.49071
3.50000 0.48824
3.55000 0.48575
3.60000 0.48325
3.65000 0.48073
3.70000 0.47819
3.75000 0.47562
3.80000 0.47302
3.85000 0.47038
3.90000 0.46771
3.95000 0.46499
4.00000 0.46223
4.05000 0.45942
4.10000 0.45656
4.15000 0.45365
4.20000 0.45067
4.25000 0.44764
4.30000 0.44455
4.35000 0.44139
4.40000 0.43817
4.45000 0.43489
4.50000 0.43154
4.55000 0.42812
4.60000 0.42463
4.65000 0.42108
4.70000 0.41746
4.75000 0.41378
4.80000 0.41003
4.85000 0.40622
4.90000 0.40236
4.95000 0.39843
5.00000 0.39445
5.05000 0.39041
5.10000 0.38633
5.15000 0.38220
5.20000 0.37803
5.25000 0.37382
5.30000 0.36957
5.35000 0.36529
5.40000 0.36099
5.45000 0.35666
5.50000 0.35231
5.55000 0.34795
5.60000 0.34358
5.65000 0.33920
5.70000 0.33482
5.75000 0.33044
5.80000 0.32607
5.85000 0.32170
5.90000 0.31736
5.95000 0.31302
6.00000 0.30871
6.05000 0.30443
6.10000 0.30017
6.15000 0.29595
6.20000 0.29175
6.25000 0.28760
6.30000 0.28349
6.35000 0.27941
6.40000 0.27539
6.45000 0.27140
6.50000 0.26747
6.55000 0.26359
6.60000 0.25976
6.65000 0.25599
6.70000 0.25227
6.75000 0.24860
6.80000 0.24499
6.85000 0.24144
6.90000 0.23795
6.95000 0.23452
7.00000 0.23114
7.05000 0.22783
7.10000 0.22458
7.15000 0.22138
7.20000 0.21825
7.25000 0.21517
7.30000 0.21215
7.35000 0.20920
7.40000 0.20630
7.45000 0.20346
7.50000 0.20067
7.55000 0.19795
7.60000 0.19528
7.65000 0.19266
7.70000 0.19010
7.75000 0.18759
7.80000 0.18514
7.85000 0.18273
7.90000 0.18038
7.95000 0.17808
8.00000 0.17583
8.05000 0.17362
8.10000 0.17146
8.15000 0.16935
8.20000 0.16729
8.25000 0.16526
8.30000 0.16328
8.35000 0.16135
8.40000 0.15945
8.45000 0.15759
8.50000 0.15577
8.55000 0.15399
8.60000 0.15225
8.65000 0.15054
8.70000 0.14887
8.75000 0.14724
8.80000 0.14563
8.85000 0.14406
8.90000 0.14252
8.95000 0.14101
9.00000 0.13953
9.05000 0.13807
9.10000 0.13665
9.15000 0.13525
9.20000 0.13388
9.25000 0.13254
9.30000 0.13122
9.35000 0.12992
9.40000 0.12865
9.45000 0.12740
9.50000 0.12618
9.55000 0.12497
9.60000 0.12379
9.65000 0.12262
9.70000 0.12148
9.75000 0.12036
9.80000 0.11925
9.85000 0.11817
9.90000 0.11710
9.95000 0.11605
10.00000 0.11502
10.05000 0.11400
10.10000 0.11301
10.15000 0.11203
10.20000 0.11106
10.25000 0.11011
10.30000 0.10918
10.35000 0.10826
10.40000 0.10735
10.45000 0.10646
10.50000 0.10559
10.55000 0.10473
10.60000 0.10388
10.65000 0.10305
10.70000 0.10223
10.75000 0.10142
10.80000 0.10063
10.85000 0.09985
10.90000 0.09908
10.95000 0.09833
11.00000 0.09759
11.05000 0.09686
11.10000 0.09614
11.15000 0.09543
11.20000 0.09474
11.25000 0.09406
11.30000 0.09338
11.35000 0.09272
11.40000 0.09207
11.45000 0.09143
11.50000 0.09080
11.55000 0.09018
11.60000 0.08957
11.65000 0.08897
11.70000 0.08838
11.75000 0.08779
11.80000 0.08722
11.85000 0.08665
11.90000 0.08609
11.95000 0.08554
12.00000 0.08500
12.05000 0.08447
12.10000 0.08394
12.15000 0.08341
12.20000 0.08290
12.25000 0.08239
12.30000 0.08189
12.35000 0.08139
12.40000 0.08089
12.45000 0.08041
12.50000 0.07992
12.55000 0.07944
12.60000 0.07897
12.65000 0.07850
12.70000 0.07803
12.75000 0.07757
12.80000 0.07711
12.85000 0.07665
12.90000 0.07619
12.95000 0.07574
13.00000 0.07529
13.05000 0.07484
13.10000 0.07440
13.15000 0.07395
13.20000 0.07351
13.25000 0.07307
13.30000 0.07263
13.35000 0.07219
13.40000 0.07176
13.45000 0.07132
13.50000 0.07089
13.55000 0.07045
13.60000 0.07002
13.65000 0.06959
13.70000 0.06916
13.75000 0.06873
13.80000 0.06830
13.85000 0.06787
13.90000 0.06744
13.95000 0.06702
14.00000 0.06659
14.05000 0.06617
14.10000 0.06574
14.15000 0.06532
14.20000 0.06490
14.25000 0.06448
14.30000 0.06406
14.35000 0.06364
14.40000 0.06322
14.45000 0.06281
14.50000 0.06239
14.55000 0.06198
14.60000 0.06157
14.65000 0.06116
14.70000 0.06075
14.75000 0.06035
14.80000 0.05994
14.85000 0.05954
14.90000 0.05914
14.95000 0.05875
15.00000 0.05835
15.05000 0.05796
15.10000 0.05757
15.15000 0.05719
15.20000 0.05680
15.25000 0.05642
15.30000 0.05604
15.35000 0.05567
15.40000 0.05529
15.45000 0.05492
15.50000 0.05456
15.55000 0.05419
15.60000 0.05383
15.65000 0.05348
15.70000 0.05312
15.75000 0.05277
15.80000 0.05242
15.85000 0.05208
15.90000 0.05173
15.95000 0.05139
16.00000 0.05106
16.05000 0.05072
16.10000 0.05039
16.15000 0.05006
16.20000 0.04974
16.25000 0.04942
16.30000 0.04910
16.35000 0.04878
16.40000 0.04846
16.45000 0.04815
16.50000 0.04784
16.55000 0.04754
16.60000 0.04723
16.65000 0.04693
16.70000 0.04663
16.75000 0.04633
16.80000 0.04603
16.85000 0.04573
16.90000 0.04544
16.95000 0.04515
17.00000 0.04486
17.05000 0.04457
17.10000 0.04428
17.15000 0.04400
17.20000 0.04371
17.25000 0.04343
17.30000 0.04315
17.35000 0.04286
17.40000 0.04258
17.45000 0.04231
17.50000 0.04203
17.55000 0.04175
17.60000 0.04148
17.65000 0.04120
17.70000 0.04093
17.75000 0.04065
17.80000 0.04038
17.85000 0.04011
17.90000 0.03984
17.95000 0.03957
18.00000 0.03930
18.05000 0.03904
18.10000 0.03877
18.15000 0.03851
18.20000 0.03824
18.25000 0.03798
18.30000 0.03772
18.35000 0.03746
18.40000 0.03720
18.45000 0.03694
18.50000 0.03668
18.55000 0.03643
18.60000 0.03617
18.65000 0.03592
18.70000 0.03567
18.75000 0.03542
18.80000 0.03517
18.85000 0.03492
18.90000 0.03468
18.95000 0.03443
19.00000 0.03419
19.05000 0.03395
19.10000 0.03371
19.15000 0.03348
19.20000 0.03324
19.25000 0.03301
19.30000 0.03278
19.35000 0.03255
19.40000 0.03232
19.45000 0.03210
19.50000 0.03188
19.55000 0.03166
19.60000 0.03144
19.65000 0.03122
19.70000 0.03101
19.75000 0.03080
19.80000 0.03059
19.85000 0.03038
19.90000 0.03017
19.95000 0.02997
20.00000 0.02977
