-20.00000 -0.00359
-19.95000 -0.00362
-19.90000 -0.00365
-19.85000 -0.00367
-19.80000 -0.00370
-19.75000 -0.00373
-19.70000 -0.00376
-19.65000 -0.00378
-19.60000 -0.00381
-19.55000 -0.00384
-19.50000 -0.00387
-19.45000 -0.00390
-19.40000 -0.00393
-19.35000 -0.00396
-19.30000 -0.00399
-19.25000 -0.00402
-19.20000 -0.00405
-19.15000 -0.00408
-19.10000 -0.00412
-19.05000 -0.00415
-19.00000 -0.00418
-18.95000 -0.00421
-18.90000 -0.00425
-18.85000 -0.00428
-18.80000 -0.00432
-18.75000 -0.00435
-18.70000 -0.00439
-18.65000 -0.00442
-18.60000 -0.00446
-18.55000 -0.00449
-18.50000 -0.00453
-18.45000 -0.00457
-18.40000 -0.00461
-18.35000 -0.00464
-18.30000 -0.00468
-18.25000 -0.00472
-18.20000 -0.00476
-18.15000 -0.00480
-18.10000 -0.00484
-18.05000 -0.00488
-18.00000 -0.00493
-17.95000 -0.00497
-17.90000 -0.00501
-17.85000 -0.00505
-17.80000 -0.00510
-17.75000 -0.00514
-17.70000 -0.00519
-17.65000 -0.00524
-17.60000 -0.00528
-17.55000 -0.00533
-17.50000 -0.00538
-17.45000 -0.00543
-17.40000 -0.00547
-17.35000 -0.00552
-17.30000 -0.00557
-17.25000 -0.00563
-17.20000 -0.00568
-17.15000 -0.00573
-17.10000 -0.00578
-17.05000 -0.00584
-17.00000 -0.00589
-16.95000 -0.00595
-16.90000 -0.00601
-16.85000 -0.00606
-16.80000 -0.00612
-16.75000 -0.00618
-16.70000 -0.00624
-16.65000 -0.00630
-16.60000 -0.00636
-16.55000 -0.00643
-16.50000 -0.00649
-16.45000 -0.00655
-16.40000 -0.00662
-16.35000 -0.00669
-16.30000 -0.00675
-16.25000 -0.00682
-16.20000 -0.00689
-16.15000 -0.00696
-16.10000 -0.00704
-16.05000 -0.00711
-16.00000 -0.00718
-15.95000 -0.00726
-15.90000 -0.00734
-15.85000 -0.00741
-15.80000 -0.00749
-15.75000 -0.00757
-15.70000 -0.00765
-15.65000 -0.00774
-15.60000 -0.00782
-15.55000 -0.00791
-15.50000 -0.00800
-15.45000 -0.00808
-15.40000 -0.00818
-15.35000 -0.00827
-15.30000 -0.00836
-15.25000 -0.00846
-15.20000 -0.00855
-15.15000 -0.00865
-15.10000 -0.00875
-15.05000 -0.00885
-15.00000 -0.00896
-14.95000 -0.00906
-14.90000 -0.00917
-14.85000 -0.00928
-14.80000 -0.00939
-14.75000 -0.00951
-14.70000 -0.00962
-14.65000 -0.00974
-14.60000 -0.00986
-14.55000 -0.00999
-14.50000 -0.01011
-14.45000 -0.01024
-14.40000 -0.01037
-14.35000 -0.01050
-14.30000 -0.01064
-14.25000 -0.01078
-14.20000 -0.01092
-14.15000 -0.01106
-14.10000 -0.01121
-14.05000 -0.01136
-14.00000 -0.01151
-13.95000 -0.01167
-13.90000 -0.01182
-13.85000 -0.01199
-13.80000 -0.01215
-13.75000 -0.01232
-13.70000 -0.01250
-13.65000 -0.01267
-13.60000 -0.01286
-13.55000 -0.01304
-13.50000 -0.01323
-13.45000 -0.01342
-13.40000 -0.01362
-13.35000 -0.01383
-13.30000 -0.01403
-13.25000 -0.01425
-13.20000 -0.01446
-13.15000 -0.01469
-13.10000 -0.01492
-13.05000 -0.01515
-13.00000 -0.01539
-12.95000 -0.01564
-12.90000 -0.01589
-12.85000 -0.01615
-12.80000 -0.01641
-12.75000 -0.01668
-12.70000 -0.01696
-12.65000 -0.01725
-12.60000 -0.01754
-12.55000 -0.01785
-12.50000 -0.01816
-12.45000 -0.01848
-12.40000 -0.01881
-12.35000 -0.01914
-12.30000 -0.01949
-12.25000 -0.01985
-12.20000 -0.02022
-12.15000 -0.02060
-12.10000 -0.02099
-12.05000 -0.02139
-12.00000 -0.02181
-11.95000 -0.02224
-11.90000 -0.02268
-11.85000 -0.02314
-11.80000 -0.02362
-11.75000 -0.02410
-11.70000 -0.02461
-11.65000 -0.02513
-11.60000 -0.02568
-11.55000 -0.02624
-11.50000 -0.02682
-11.45000 -0.02743
-11.40000 -0.02805
-11.35000 -0.02870
-11.30000 -0.02938
-11.25000 -0.03009
-11.20000 -0.03082
-11.15000 -0.03159
-11.10000 -0.03238
-11.05000 -0.03322
-11.00000 -0.03409
-10.95000 -0.03500
-10.90000 -0.03595
-10.85000 -0.03695
-10.80000 -0.03800
-10.75000 -0.03910
-10.70000 -0.04025
-10.65000 -0.04147
-10.60000 -0.04275
-10.55000 -0.04411
-10.50000 -0.04554
-10.45000 -0.04705
-10.40000 -0.04865
-10.35000 -0.05034
-10.30000 -0.05214
-10.25000 -0.05405
-10.20000 -0.05608
-10.15000 -0.05823
-10.10000 -0.06053
-10.05000 -0.06297
-10.00000 -0.06557
-9.95000 -0.06834
-9.90000 -0.07129
-9.85000 -0.07444
-9.80000 -0.07780
-9.75000 -0.08137
-9.70000 -0.08518
-9.65000 -0.08924
-9.60000 -0.09356
-9.55000 -0.09815
-9.50000 -0.10303
-9.45000 -0.10821
-9.40000 -0.11370
-9.35000 -0.11951
-9.30000 -0.12566
-9.25000 -0.13216
-9.20000 -0.13900
-9.15000 -0.14621
-9.10000 -0.15377
-9.05000 -0.16171
-9.00000 -0.17001
-8.95000 -0.17869
-8.90000 -0.18772
-8.85000 -0.19712
-8.80000 -0.20687
-8.75000 -0.21697
-8.70000 -0.22740
-8.65000 -0.23815
-8.60000 -0.24920
-8.55000 -0.26054
-8.50000 -0.27215
-8.45000 -0.28400
-8.40000 -0.29608
-8.35000 -0.30837
-8.30000 -0.32084
-8.25000 -0.33346
-8.20000 -0.34622
-8.15000 -0.35909
-8.10000 -0.37205
-8.05000 -0.38507
-8.00000 -0.39815
-7.95000 -0.41125
-7.90000 -0.42437
-7.85000 -0.43749
-7.80000 -0.45059
-7.75000 -0.46367
-7.70000 -0.47673
-7.65000 -0.48975
-7.60000 -0.50275
-7.55000 -0.51571
-7.50000 -0.52864
-7.45000 -0.54156
-7.40000 -0.55448
-7.35000 -0.56740
-7.30000 -0.58034
-7.25000 -0.59332
-7.20000 -0.60636
-7.15000 -0.61947
-7.10000 -0.63269
-7.05000 -0.64601
-7.00000 -0.65947
-6.95000 -0.67308
-6.90000 -0.68684
-6.85000 -0.70078
-6.80000 -0.71489
-6.75000 -0.72918
-6.70000 -0.74363
-6.65000 -0.75824
-6.60000 -0.77297
-6.55000 -0.78781
-6.50000 -0.80270
-6.45000 -0.81760
-6.40000 -0.83246
-6.35000 -0.84719
-6.30000 -0.86173
-6.25000 -0.87598
-6.20000 -0.88985
-6.15000 -0.90324
-6.10000 -0.91604
-6.05000 -0.92814
-6.00000 -0.93940
-5.95000 -0.94973
-5.90000 -0.95899
-5.85000 -0.96707
-5.80000 -0.97386
-5.75000 -0.97924
-5.70000 -0.98313
-5.65000 -0.98542
-5.60000 -0.98604
-5.55000 -0.98493
-5.50000 -0.98203
-5.45000 -0.97731
-5.40000 -0.97075
-5.35000 -0.96235
-5.30000 -0.95213
-5.25000 -0.94012
-5.20000 -0.92637
-5.15000 -0.91094
-5.10000 -0.89393
-5.05000 -0.87542
-5.00000 -0.85552
-4.95000 -0.83435
-4.90000 -0.81205
-4.85000 -0.78874
-4.80000 -0.76458
-4.75000 -0.73970
-4.70000 -0.71425
-4.65000 -0.68838
-4.60000 -0.66223
-4.55000 -0.63595
-4.50000 -0.60966
-4.45000 -0.58350
-4.40000 -0.55757
-4.35000 -0.53201
-4.30000 -0.50689
-4.25000 -0.48233
-4.20000 -0.45839
-4.15000 -0.43514
-4.10000 -0.41264
-4.05000 -0.39095
-4.00000 -0.37009
-3.95000 -0.35010
-3.90000 -0.33099
-3.85000 -0.31277
-3.80000 -0.29545
-3.75000 -0.27902
-3.70000 -0.26347
-3.65000 -0.24878
-3.60000 -0.23493
-3.55000 -0.22189
-3.50000 -0.20964
-3.45000 -0.19815
-3.40000 -0.18738
-3.35000 -0.17729
-3.30000 -0.16786
-3.25000 -0.15904
-3.20000 -0.15081
-3.15000 -0.14312
-3.10000 -0.13594
-3.05000 -0.12925
-3.00000 -0.12299
-2.95000 -0.11716
-2.90000 -0.11171
-2.85000 -0.10663
-2.80000 -0.10187
-2.75000 -0.09743
-2.70000 -0.09327
-2.65000 -0.08937
-2.60000 -0.08572
-2.55000 -0.08230
-2.50000 -0.07908
-2.45000 -0.07606
-2.40000 -0.07321
-2.35000 -0.07054
-2.30000 -0.06801
-2.25000 -0.06563
-2.20000 -0.06337
-2.15000 -0.06124
-2.10000 -0.05922
-2.05000 -0.05731
-2.00000 -0.05549
-1.95000 -0.05377
-1.90000 -0.05213
-1.85000 -0.05057
-1.80000 -0.04908
-1.75000 -0.04766
-1.70000 -0.04630
-1.65000 -0.04501
-1.60000 -0.04377
-1.55000 -0.04259
-1.50000 -0.04146
-1.45000 -0.04037
-1.40000 -0.03933
-1.35000 -0.03833
-1.30000 -0.03737
-1.25000 -0.03645
-1.20000 -0.03556
-1.15000 -0.03471
-1.10000 -0.03388
-1.05000 -0.03309
-1.00000 -0.03233
-0.95000 -0.03159
-0.90000 -0.03088
-0.85000 -0.03020
-0.80000 -0.02954
-0.75000 -0.02890
-0.70000 -0.02828
-0.65000 -0.02768
-0.60000 -0.02710
-0.55000 -0.02655
-0.50000 -0.02600
-0.45000 -0.02548
-0.40000 -0.02497
-0.35000 -0.02448
-0.30000 -0.02400
-0.25000 -0.02354
-0.20000 -0.02309
-0.15000 -0.02265
-0.10000 -0.02223
-0.05000 -0.02181
0.00000 -0.02141
0.05000 -0.02102
0.10000 -0.02065
0.15000 -0.02028
0.20000 -0.01992
0.25000 -0.01957
0.30000 -0.01923
0.35000 -0.01890
0.40000 -0.01858
0.45000 -0.01827
0.50000 -0.01796
0.55000 -0.01767
0.60000 -0.01738
0.65000 -0.01710
0.70000 -0.01682
0.75000 -0.01655
0.80000 -0.01629
0.85000 -0.01603
0.90000 -0.01578
0.95000 -0.01554
1.00000 -0.01530
1.05000 -0.01507
1.10000 -0.01484
1.15000 -0.01462
1.20000 -0.01440
1.25000 -0.01419
1.30000 -0.01398
1.35000 -0.01378
1.40000 -0.01358
1.45000 -0.01339
1.50000 -0.01320
1.55000 -0.01301
1.60000 -0.01283
1.65000 -0.01265
1.70000 -0.01248
1.75000 -0.01231
1.80000 -0.01214
1.85000 -0.01198
1.90000 -0.01182
1.95000 -0.01166
2.00000 -0.01151
2.05000 -0.01136
2.10000 -0.01121
2.15000 -0.01107
2.20000 -0.01092
2.25000 -0.01078
2.30000 -0.01065
2.35000 -0.01051
2.40000 -0.01038
2.45000 -0.01025
2.50000 -0.01013
2.55000 -0.01000
2.60000 -0.00988
2.65000 -0.00976
2.70000 -0.00964
2.75000 -0.00953
2.80000 -0.00942
2.85000 -0.00930
2.90000 -0.00920
2.95000 -0.00909
3.00000 -0.00898
3.05000 -0.00888
3.10000 -0.00878
3.15000 -0.00868
3.20000 -0.00858
3.25000 -0.00848
3.30000 -0.00839
3.35000 -0.00829
3.40000 -0.00820
3.45000 -0.00811
3.50000 -0.00802
3.55000 -0.00794
3.60000 -0.00785
3.65000 -0.00777
3.70000 -0.00768
3.75000 -0.00760
3.80000 -0.00752
3.85000 -0.00744
3.90000 -0.00736
3.95000 -0.00729
4.00000 -0.00721
4.05000 -0.00714
4.10000 -0.00707
4.15000 -0.00699
4.20000 -0.00692
4.25000 -0.00685
4.30000 -0.00678
4.35000 -0.00672
4.40000 -0.00665
4.45000 -0.00658
4.50000 -0.00652
4.55000 -0.00646
4.60000 -0.00639
4.65000 -0.00633
4.70000 -0.00627
4.75000 -0.00621
4.80000 -0.00615
4.85000 -0.00609
4.90000 -0.00603
4.95000 -0.00598
5.00000 -0.00592
5.05000 -0.00587
5.10000 -0.00581
5.15000 -0.00576
5.20000 -0.00571
5.25000 -0.00565
5.30000 -0.00560
5.35000 -0.00555
5.40000 -0.00550
5.45000 -0.00545
5.50000 -0.00540
5.55000 -0.00536
5.60000 -0.00531
5.65000 -0.00526
5.70000 -0.00522
5.75000 -0.00517
5.80000 -0.00513
5.85000 -0.00508
5.90000 -0.00504
5.95000 -0.00499
6.00000 -0.00495
6.05000 -0.00491
6.10000 -0.00487
6.15000 -0.00483
6.20000 -0.00479
6.25000 -0.00475
6.30000 -0.00471
6.35000 -0.00467
6.40000 -0.00463
6.45000 -0.00459
6.50000 -0.00455
6.55000 -0.00452
6.60000 -0.00448
6.65000 -0.00444
6.70000 -0.00441
6.75000 -0.00437
6.80000 -0.00434
6.85000 -0.00430
6.90000 -0.00427
6.95000 -0.00424
7.00000 -0.00420
7.05000 -0.00417
7.10000 -0.00414
7.15000 -0.00411
7.20000 -0.00407
7.25000 -0.00404
7.30000 -0.00401
7.35000 -0.00398
7.40000 -0.00395
7.45000 -0.00392
7.50000 -0.00389
7.55000 -0.00386
7.60000 -0.00383
7.65000 -0.00380
7.70000 -0.00378
7.75000 -0.00375
7.80000 -0.00372
7.85000 -0.00369
7.90000 -0.00367
7.95000 -0.00364
8.00000 -0.00361
8.05000 -0.00359
8.10000 -0.00356
8.15000 -0.00353
8.20000 -0.00351
8.25000 -0.00348
8.30000 -0.00346
8.35000 -0.00343
8.40000 -0.00341
8.45000 -0.00339
8.50000 -0.00336
8.55000 -0.00334
8.60000 -0.00332
8.65000 -0.00329
8.70000 -0.00327
8.75000 -0.00325
8.80000 -0.00323
8.85000 -0.00320
8.90000 -0.00318
8.95000 -0.00316
9.00000 -0.00314
9.05000 -0.00312
9.10000 -0.00310
9.15000 -0.00308
9.20000 -0.00306
9.25000 -0.00303
9.30000 -0.00301
9.35000 -0.00299
9.40000 -0.00298
9.45000 -0.00296
9.50000 -0.00294
9.55000 -0.00292
9.60000 -0.00290
9.65000 -0.00288
9.70000 -0.00286
9.75000 -0.00284
9.80000 -0.00282
9.85000 -0.00281
9.90000 -0.00279
9.95000 -0.00277
10.00000 -0.00275
10.05000 -0.00274
10.10000 -0.00272
10.15000 -0.00270
10.20000 -0.00268
10.25000 -0.00267
10.30000 -0.00265
10.35000 -0.00263
10.40000 -0.00262
10.45000 -0.00260
10.50000 -0.00259
10.55000 -0.00257
10.60000 -0.00255
10.65000 -0.00254
10.70000 -0.00252
10.75000 -0.00251
10.80000 -0.00249
10.85000 -0.00248
10.90000 -0.00246
10.95000 -0.00245
11.00000 -0.00243
11.05000 -0.00242
11.10000 -0.00241
11.15000 -0.00239
11.20000 -0.00238
11.25000 -0.00236
11.30000 -0.00235
11.35000 -0.00234
11.40000 -0.00232
11.45000 -0.00231
11.50000 -0.00230
11.55000 -0.00228
11.60000 -0.00227
11.65000 -0.00226
11.70000 -0.00224
11.75000 -0.00223
11.80000 -0.00222
11.85000 -0.00221
11.90000 -0.00219
11.95000 -0.00218
12.00000 -0.00217
12.05000 -0.00216
12.10000 -0.00214
12.15000 -0.00213
12.20000 -0.00212
12.25000 -0.00211
12.30000 -0.00210
12.35000 -0.00209
12.40000 -0.00207
12.45000 -0.00206
12.50000 -0.00205
12.55000 -0.00204
12.60000 -0.00203
12.65000 -0.00202
12.70000 -0.00201
12.75000 -0.00200
12.80000 -0.00199
12.85000 -0.00197
12.90000 -0.00196
12.95000 -0.00195
13.00000 -0.00194
13.05000 -0.00193
13.10000 -0.00192
13.15000 -0.00191
13.20000 -0.00190
13.25000 -0.00189
13.30000 -0.00188
13.35000 -0.00187
13.40000 -0.00186
13.45000 -0.00185
13.50000 -0.00184
13.55000 -0.00183
13.60000 -0.00183
13.65000 -0.00182
13.70000 -0.00181
13.75000 -0.00180
13.80000 -0.00179
13.85000 -0.00178
13.90000 -0.00177
13.95000 -0.00176
14.00000 -0.00175
14.05000 -0.00174
14.10000 -0.00173
14.15000 -0.00173
14.20000 -0.00172
14.25000 -0.00171
14.30000 -0.00170
14.35000 -0.00169
14.40000 -0.00168
14.45000 -0.00168
14.50000 -0.00167
14.55000 -0.00166
14.60000 -0.00165
14.65000 -0.00164
14.70000 -0.00163
14.75000 -0.00163
14.80000 -0.00162
14.85000 -0.00161
14.90000 -0.00160
14.95000 -0.00160
15.00000 -0.00159
15.05000 -0.00158
15.10000 -0.00157
15.15000 -0.00156
15.20000 -0.00156
15.25000 -0.00155
15.30000 -0.00154
15.35000 -0.00154
15.40000 -0.00153
15.45000 -0.00152
15.50000 -0.00151
15.55000 -0.00151
15.60000 -0.00150
15.65000 -0.00149
15.70000 -0.00149
15.75000 -0.00148
15.80000 -0.00147
15.85000 -0.00147
15.90000 -0.00146
15.95000 -0.00145
16.00000 -0.00145
16.05000 -0.00144
16.10000 -0.00143
16.15000 -0.00143
16.20000 -0.00142
16.25000 -0.00141
16.30000 -0.00141
16.35000 -0.00140
16.40000 -0.00139
16.45000 -0.00139
16.50000 -0.00138
16.55000 -0.00138
16.60000 -0.00137
16.65000 -0.00136
16.70000 -0.00136
16.75000 -0.00135
16.80000 -0.00134
16.85000 -0.00134
16.90000 -0.00133
16.95000 -0.00133
17.00000 -0.00132
17.05000 -0.00132
17.10000 -0.00131
17.15000 -0.00130
17.20000 -0.00130
17.25000 -0.00129
17.30000 -0.00129
17.35000 -0.00128
17.40000 -0.00128
17.45000 -0.00127
17.50000 -0.00127
17.55000 -0.00126
17.60000 -0.00125
17.65000 -0.00125
17.70000 -0.00124
17.75000 -0.00124
17.80000 -0.00123
17.85000 -0.00123
17.90000 -0.00122
17.95000 -0.00122
18.00000 -0.00121
18.05000 -0.00121
18.10000 -0.00120
18.15000 -0.00120
18.20000 -0.00119
18.25000 -0.00119
18.30000 -0.00118
18.35000 -0.00118
18.40000 -0.00117
18.45000 -0.00117
18.50000 -0.00116
18.55000 -0.00116
18.60000 -0.00115
18.65000 -0.00115
18.70000 -0.00114
18.75000 -0.00114
18.80000 -0.00114
18.85000 -0.00113
18.90000 -0.00113
18.95000 -0.00112
19.00000 -0.00112
19.05000 -0.00111
19.10000 -0.00111
19.15000 -0.00110
19.20000 -0.00110
19.25000 -0.00109
19.30000 -0.00109
19.35000 -0.00109
19.40000 -0.00108
19.45000 -0.00108
19.50000 -0.00107
19.55000 -0.00107
19.60000 -0.00107
19.65000 -0.00106
19.70000 -0.00106
19.75000 -0.00105
19.80000 -0.00105
19.85000 -0.00104
19.90000 -0.00104
19.95000 -0.00104
20.00000 -0.00103
