-5.00000 0.00004
-4.90000 0.00005
-4.80000 0.00005
-4.70000 0.00005
-4.60000 0.00005
-4.50000 0.00005
-4.40000 0.00006
-4.30000 0.00006
-4.20000 0.00006
-4.10000 0.00006
-4.00000 0.00007
-3.90000 0.00007
-3.80000 0.00007
-3.70000 0.00008
-3.60000 0.00008
-3.50000 0.00009
-3.40000 0.00009
-3.30000 0.00009
-3.20000 0.00010
-3.10000 0.00010
-3.00000 0.00011
-2.90000 0.00012
-2.80000 0.00012
-2.70000 0.00013
-2.60000 0.00014
-2.50000 0.00015
-2.40000 0.00016
-2.30000 0.00017
-2.20000 0.00018
-2.10000 0.00019
-2.00000 0.00020
-1.90000 0.00022
-1.80000 0.00024
-1.70000 0.00025
-1.60000 0.00027
-1.50000 0.00030
-1.40000 0.00033
-1.30000 0.00036
-1.20000 0.00039
-1.10000 0.00043
-1.00000 0.00048
-0.90000 0.00053
-0.80000 0.00060
-0.70000 0.00068
-0.60000 0.00077
-0.50000 0.00089
-0.40000 0.00104
-0.30000 0.00123
-0.20000 0.00148
-0.10000 0.00184
0.00000 0.00237
0.10000 0.00321
0.20000 0.00465
0.30000 0.00717
0.40000 0.01150
0.50000 0.01845
0.60000 0.02847
0.70000 0.04094
0.80000 0.05374
0.90000 0.06354
1.00000 0.06724
1.10000 0.06354
1.20000 0.05374
1.30000 0.04095
1.40000 0.02847
1.50000 0.01845
1.60000 0.01150
1.70000 0.00718
1.80000 0.00466
1.90000 0.00322
2.00000 0.00238
2.10000 0.00185
2.20000 0.00149
2.30000 0.00124
2.40000 0.00105
2.50000 0.00090
2.60000 0.00079
2.70000 0.00069
2.80000 0.00062
2.90000 0.00055
3.00000 0.00050
3.10000 0.00045
3.20000 0.00041
3.30000 0.00038
3.40000 0.00035
3.50000 0.00033
3.60000 0.00030
3.70000 0.00029
3.80000 0.00027
3.90000 0.00025
4.00000 0.00024
4.10000 0.00023
4.20000 0.00022
4.30000 0.00021
4.40000 0.00020
4.50000 0.00020
4.60000 0.00019
4.70000 0.00019
4.80000 0.00018
4.90000 0.00018
5.00000 0.00018
5.10000 0.00018
5.20000 0.00018
5.30000 0.00018
5.40000 0.00019
5.50000 0.00019
5.60000 0.00020
5.70000 0.00021
5.80000 0.00022
5.90000 0.00024
6.00000 0.00027
6.10000 0.00032
6.20000 0.00039
6.30000 0.00051
6.40000 0.00071
6.50000 0.00105
6.60000 0.00157
6.70000 0.00226
6.80000 0.00307
6.90000 0.00384
7.00000 0.00439
7.10000 0.00455
7.20000 0.00429
7.30000 0.00375
7.40000 0.00315
7.50000 0.00273
7.60000 0.00268
7.70000 0.00306
7.80000 0.00382
7.90000 0.00473
8.00000 0.00550
8.10000 0.00583
8.20000 0.00557
8.30000 0.00480
8.40000 0.00374
8.50000 0.00269
8.60000 0.00184
8.70000 0.00123
8.80000 0.00086
8.90000 0.00064
9.00000 0.00052
9.10000 0.00046
9.20000 0.00043
9.30000 0.00041
9.40000 0.00041
9.50000 0.00042
9.60000 0.00043
9.70000 0.00045
9.80000 0.00048
9.90000 0.00052
10.00000 0.00057
10.10000 0.00063
10.20000 0.00072
10.30000 0.00082
10.40000 0.00097
10.50000 0.00119
10.60000 0.00152
10.70000 0.00207
10.80000 0.00299
10.90000 0.00451
11.00000 0.00690
11.10000 0.01033
11.20000 0.01470
11.30000 0.01953
11.40000 0.02403
11.50000 0.02733
11.60000 0.02888
11.70000 0.02872
11.80000 0.02745
11.90000 0.02594
12.00000 0.02486
12.10000 0.02431
12.20000 0.02391
12.30000 0.02320
12.40000 0.02211
12.50000 0.02108
12.60000 0.02059
12.70000 0.02073
12.80000 0.02098
12.90000 0.02055
13.00000 0.01892
13.10000 0.01618
13.20000 0.01291
13.30000 0.00975
13.40000 0.00712
13.50000 0.00512
13.60000 0.00367
13.70000 0.00263
13.80000 0.00190
13.90000 0.00139
14.00000 0.00105
14.10000 0.00083
14.20000 0.00068
14.30000 0.00057
14.40000 0.00049
14.50000 0.00043
14.60000 0.00039
14.70000 0.00035
14.80000 0.00031
14.90000 0.00028
15.00000 0.00026
15.10000 0.00024
15.20000 0.00022
15.30000 0.00020
15.40000 0.00019
15.50000 0.00018
15.60000 0.00016
15.70000 0.00015
15.80000 0.00014
15.90000 0.00014
16.00000 0.00013
16.10000 0.00012
16.20000 0.00011
16.30000 0.00011
16.40000 0.00010
16.50000 0.00010
16.60000 0.00009
16.70000 0.00009
16.80000 0.00008
16.90000 0.00008
17.00000 0.00007
17.10000 0.00007
17.20000 0.00007
17.30000 0.00006
17.40000 0.00006
17.50000 0.00006
17.60000 0.00006
17.70000 0.00005
17.80000 0.00005
17.90000 0.00005
18.00000 0.00005
18.10000 0.00005
18.20000 0.00004
18.30000 0.00004
18.40000 0.00004
18.50000 0.00004
18.60000 0.00004
18.70000 0.00004
18.80000 0.00003
18.90000 0.00003
19.00000 0.00003
19.10000 0.00003
19.20000 0.00003
19.30000 0.00003
19.40000 0.00003
19.50000 0.00003
19.60000 0.00002
19.70000 0.00002
19.80000 0.00002
19.90000 0.00002
20.00000 0.00002
20.10000 0.00002
20.20000 0.00002
20.30000 0.00002
20.40000 0.00002
20.50000 0.00002
20.60000 0.00002
20.70000 0.00002
20.80000 0.00002
20.90000 0.00001
21.00000 0.00001
21.10000 0.00001
21.20000 0.00001
21.30000 0.00001
21.40000 0.00001
21.50000 0.00001
21.60000 0.00001
21.70000 0.00001
21.80000 0.00001
21.90000 0.00001
22.00000 0.00001
22.10000 0.00001
22.20000 0.00001
22.30000 0.00001
22.40000 0.00001
22.50000 0.00001
22.60000 0.00001
22.70000 0.00001
22.80000 0.00001
22.90000 0.00001
23.00000 0.00001
23.10000 0.00000
23.20000 0.00000
23.30000 0.00000
23.40000 0.00000
23.50000 0.00000
23.60000 0.00000
23.70000 0.00000
23.80000 0.00000
23.90000 0.00000
24.00000 0.00000
24.10000 0.00000
24.20000 0.00000
24.30000 0.00000
24.40000 0.00000
24.50000 0.00000
24.60000 0.00000
24.70000 0.00000
24.80000 0.00000
24.90000 0.00000
25.00000 0.00000
