-20.00000 0.00070
-19.95000 0.00070
-19.90000 0.00070
-19.85000 0.00071
-19.80000 0.00071
-19.75000 0.00071
-19.70000 0.00072
-19.65000 0.00072
-19.60000 0.00072
-19.55000 0.00073
-19.50000 0.00073
-19.45000 0.00073
-19.40000 0.00074
-19.35000 0.00074
-19.30000 0.00074
-19.25000 0.00075
-19.20000 0.00075
-19.15000 0.00075
-19.10000 0.00076
-19.05000 0.00076
-19.00000 0.00076
-18.95000 0.00077
-18.90000 0.00077
-18.85000 0.00077
-18.80000 0.00078
-18.75000 0.00078
-18.70000 0.00079
-18.65000 0.00079
-18.60000 0.00079
-18.55000 0.00080
-18.50000 0.00080
-18.45000 0.00080
-18.40000 0.00081
-18.35000 0.00081
-18.30000 0.00082
-18.25000 0.00082
-18.20000 0.00082
-18.15000 0.00083
-18.10000 0.00083
-18.05000 0.00084
-18.00000 0.00084
-17.95000 0.00084
-17.90000 0.00085
-17.85000 0.00085
-17.80000 0.00086
-17.75000 0.00086
-17.70000 0.00087
-17.65000 0.00087
-17.60000 0.00087
-17.55000 0.00088
-17.50000 0.00088
-17.45000 0.00089
-17.40000 0.00089
-17.35000 0.00090
-17.30000 0.00090
-17.25000 0.00090
-17.20000 0.00091
-17.15000 0.00091
-17.10000 0.00092
-17.05000 0.00092
-17.00000 0.00093
-16.95000 0.00093
-16.90000 0.00094
-16.85000 0.00094
-16.80000 0.00095
-16.75000 0.00095
-16.70000 0.00096
-16.65000 0.00096
-16.60000 0.00097
-16.55000 0.00097
-16.50000 0.00098
-16.45000 0.00098
-16.40000 0.00099
-16.35000 0.00099
-16.30000 0.00100
-16.25000 0.00100
-16.20000 0.00101
-16.15000 0.00101
-16.10000 0.00102
-16.05000 0.00103
-16.00000 0.00103
-15.95000 0.00104
-15.90000 0.00104
-15.85000 0.00105
-15.80000 0.00105
-15.75000 0.00106
-15.70000 0.00107
-15.65000 0.00107
-15.60000 0.00108
-15.55000 0.00108
-15.50000 0.00109
-15.45000 0.00110
-15.40000 0.00110
-15.35000 0.00111
-15.30000 0.00111
-15.25000 0.00112
-15.20000 0.00113
-15.15000 0.00113
-15.10000 0.00114
-15.05000 0.00115
-15.00000 0.00115
-14.95000 0.00116
-14.90000 0.00117
-14.85000 0.00117
-14.80000 0.00118
-14.75000 0.00119
-14.70000 0.00119
-14.65000 0.00120
-14.60000 0.00121
-14.55000 0.00121
-14.50000 0.00122
-14.45000 0.00123
-14.40000 0.00124
-14.35000 0.00124
-14.30000 0.00125
-14.25000 0.00126
-14.20000 0.00127
-14.15000 0.00127
-14.10000 0.00128
-14.05000 0.00129
-14.00000 0.00130
-13.95000 0.00130
-13.90000 0.00131
-13.85000 0.00132
-13.80000 0.00133
-13.75000 0.00134
-13.70000 0.00135
-13.65000 0.00135
-13.60000 0.00136
-13.55000 0.00137
-13.50000 0.00138
-13.45000 0.00139
-13.40000 0.00140
-13.35000 0.00141
-13.30000 0.00141
-13.25000 0.00142
-13.20000 0.00143
-13.15000 0.00144
-13.10000 0.00145
-13.05000 0.00146
-13.00000 0.00147
-12.95000 0.00148
-12.90000 0.00149
-12.85000 0.00150
-12.80000 0.00151
-12.75000 0.00152
-12.70000 0.00153
-12.65000 0.00154
-12.60000 0.00155
-12.55000 0.00156
-12.50000 0.00157
-12.45000 0.00158
-12.40000 0.00159
-12.35000 0.00160
-12.30000 0.00161
-12.25000 0.00162
-12.20000 0.00163
-12.15000 0.00165
-12.10000 0.00166
-12.05000 0.00167
-12.00000 0.00168
-11.95000 0.00169
-11.90000 0.00170
-11.85000 0.00172
-11.80000 0.00173
-11.75000 0.00174
-11.70000 0.00175
-11.65000 0.00176
-11.60000 0.00178
-11.55000 0.00179
-11.50000 0.00180
-11.45000 0.00182
-11.40000 0.00183
-11.35000 0.00184
-11.30000 0.00186
-11.25000 0.00187
-11.20000 0.00188
-11.15000 0.00190
-11.10000 0.00191
-11.05000 0.00193
-11.00000 0.00194
-10.95000 0.00195
-10.90000 0.00197
-10.85000 0.00198
-10.80000 0.00200
-10.75000 0.00201
-10.70000 0.00203
-10.65000 0.00204
-10.60000 0.00206
-10.55000 0.00208
-10.50000 0.00209
-10.45000 0.00211
-10.40000 0.00212
-10.35000 0.00214
-10.30000 0.00216
-10.25000 0.00218
-10.20000 0.00219
-10.15000 0.00221
-10.10000 0.00223
-10.05000 0.00225
-10.00000 0.00226
-9.95000 0.00228
-9.90000 0.00230
-9.85000 0.00232
-9.80000 0.00234
-9.75000 0.00236
-9.70000 0.00238
-9.65000 0.00240
-9.60000 0.00242
-9.55000 0.00244
-9.50000 0.00246
-9.45000 0.00248
-9.40000 0.00250
-9.35000 0.00252
-9.30000 0.00254
-9.25000 0.00256
-9.20000 0.00259
-9.15000 0.00261
-9.10000 0.00263
-9.05000 0.00265
-9.00000 0.00268
-8.95000 0.00270
-8.90000 0.00273
-8.85000 0.00275
-8.80000 0.00277
-8.75000 0.00280
-8.70000 0.00282
-8.65000 0.00285
-8.60000 0.00288
-8.55000 0.00290
-8.50000 0.00293
-8.45000 0.00296
-8.40000 0.00298
-8.35000 0.00301
-8.30000 0.00304
-8.25000 0.00307
-8.20000 0.00310
-8.15000 0.00313
-8.10000 0.00316
-8.05000 0.00319
-8.00000 0.00322
-7.95000 0.00325
-7.90000 0.00328
-7.85000 0.00331
-7.80000 0.00334
-7.75000 0.00338
-7.70000 0.00341
-7.65000 0.00344
-7.60000 0.00348
-7.55000 0.00351
-7.50000 0.00355
-7.45000 0.00358
-7.40000 0.00362
-7.35000 0.00366
-7.30000 0.00370
-7.25000 0.00373
-7.20000 0.00377
-7.15000 0.00381
-7.10000 0.00385
-7.05000 0.00389
-7.00000 0.00394
-6.95000 0.00398
-6.90000 0.00402
-6.85000 0.00406
-6.80000 0.00411
-6.75000 0.00415
-6.70000 0.00420
-6.65000 0.00425
-6.60000 0.00429
-6.55000 0.00434
-6.50000 0.00439
-6.45000 0.00444
-6.40000 0.00449
-6.35000 0.00454
-6.30000 0.00459
-6.25000 0.00465
-6.20000 0.00470
-6.15000 0.00475
-6.10000 0.00481
-6.05000 0.00487
-6.00000 0.00492
-5.95000 0.00498
-5.90000 0.00504
-5.85000 0.00510
-5.80000 0.00517
-5.75000 0.00523
-5.70000 0.00529
-5.65000 0.00536
-5.60000 0.00543
-5.55000 0.00549
-5.50000 0.00556
-5.45000 0.00563
-5.40000 0.00571
-5.35000 0.00578
-5.30000 0.00585
-5.25000 0.00593
-5.20000 0.00601
-5.15000 0.00609
-5.10000 0.00617
-5.05000 0.00625
-5.00000 0.00633
-4.95000 0.00642
-4.90000 0.00651
-4.85000 0.00659
-4.80000 0.00668
-4.75000 0.00678
-4.70000 0.00687
-4.65000 0.00697
-4.60000 0.00707
-4.55000 0.00717
-4.50000 0.00727
-4.45000 0.00737
-4.40000 0.00748
-4.35000 0.00759
-4.30000 0.00770
-4.25000 0.00781
-4.20000 0.00793
-4.15000 0.00805
-4.10000 0.00817
-4.05000 0.00829
-4.00000 0.00842
-3.95000 0.00854
-3.90000 0.00868
-3.85000 0.00881
-3.80000 0.00895
-3.75000 0.00909
-3.70000 0.00923
-3.65000 0.00938
-3.60000 0.00953
-3.55000 0.00968
-3.50000 0.00984
-3.45000 0.01000
-3.40000 0.01016
-3.35000 0.01033
-3.30000 0.01050
-3.25000 0.01067
-3.20000 0.01085
-3.15000 0.01103
-3.10000 0.01122
-3.05000 0.01141
-3.00000 0.01161
-2.95000 0.01181
-2.90000 0.01201
-2.85000 0.01222
-2.80000 0.01243
-2.75000 0.01265
-2.70000 0.01288
-2.65000 0.01310
-2.60000 0.01334
-2.55000 0.01357
-2.50000 0.01382
-2.45000 0.01407
-2.40000 0.01432
-2.35000 0.01458
-2.30000 0.01485
-2.25000 0.01512
-2.20000 0.01539
-2.15000 0.01568
-2.10000 0.01596
-2.05000 0.01626
-2.00000 0.01656
-1.95000 0.01686
-1.90000 0.01718
-1.85000 0.01749
-1.80000 0.01782
-1.75000 0.01815
-1.70000 0.01848
-1.65000 0.01882
-1.60000 0.01917
-1.55000 0.01952
-1.50000 0.01988
-1.45000 0.02025
-1.40000 0.02062
-1.35000 0.02099
-1.30000 0.02137
-1.25000 0.02175
-1.20000 0.02214
-1.15000 0.02254
-1.10000 0.02294
-1.05000 0.02334
-1.00000 0.02374
-0.95000 0.02415
-0.90000 0.02457
-0.85000 0.02498
-0.80000 0.02540
-0.75000 0.02582
-0.70000 0.02624
-0.65000 0.02666
-0.60000 0.02708
-0.55000 0.02750
-0.50000 0.02792
-0.45000 0.02835
-0.40000 0.02876
-0.35000 0.02918
-0.30000 0.02960
-0.25000 0.03001
-0.20000 0.03042
-0.15000 0.03082
-0.10000 0.03122
-0.05000 0.03161
0.00000 0.03200
0.05000 0.03238
0.10000 0.03276
0.15000 0.03313
0.20000 0.03349
0.25000 0.03384
0.30000 0.03418
0.35000 0.03451
0.40000 0.03484
0.45000 0.03515
0.50000 0.03545
0.55000 0.03574
0.60000 0.03602
0.65000 0.03629
0.70000 0.03655
0.75000 0.03679
0.80000 0.03703
0.85000 0.03725
0.90000 0.03746
0.95000 0.03766
1.00000 0.03785
1.05000 0.03802
1.10000 0.03818
1.15000 0.03833
1.20000 0.03847
1.25000 0.03860
1.30000 0.03872
1.35000 0.03883
1.40000 0.03893
1.45000 0.03901
1.50000 0.03909
1.55000 0.03916
1.60000 0.03922
1.65000 0.03927
1.70000 0.03932
1.75000 0.03936
1.80000 0.03939
1.85000 0.03941
1.90000 0.03943
1.95000 0.03944
2.00000 0.03945
2.05000 0.03946
2.10000 0.03946
2.15000 0.03945
2.20000 0.03945
2.25000 0.03944
2.30000 0.03943
2.35000 0.03941
2.40000 0.03940
2.45000 0.03938
2.50000 0.03936
2.55000 0.03935
2.60000 0.03933
2.65000 0.03931
2.70000 0.03928
2.75000 0.03926
2.80000 0.03924
2.85000 0.03922
2.90000 0.03919
2.95000 0.03917
3.00000 0.03914
3.05000 0.03912
3.10000 0.03909
3.15000 0.03906
3.20000 0.03903
3.25000 0.03900
3.30000 0.03896
3.35000 0.03892
3.40000 0.03888
3.45000 0.03883
3.50000 0.03878
3.55000 0.03873
3.60000 0.03867
3.65000 0.03860
3.70000 0.03853
3.75000 0.03845
3.80000 0.03837
3.85000 0.03828
3.90000 0.03818
3.95000 0.03807
4.00000 0.03795
4.05000 0.03783
4.10000 0.03769
4.15000 0.03755
4.20000 0.03739
4.25000 0.03723
4.30000 0.03705
4.35000 0.03687
4.40000 0.03667
4.45000 0.03647
4.50000 0.03625
4.55000 0.03602
4.60000 0.03578
4.65000 0.03553
4.70000 0.03527
4.75000 0.03500
4.80000 0.03472
4.85000 0.03443
4.90000 0.03413
4.95000 0.03382
5.00000 0.03350
5.05000 0.03317
5.10000 0.03284
5.15000 0.03249
5.20000 0.03214
5.25000 0.03178
5.30000 0.03142
5.35000 0.03104
5.40000 0.03067
5.45000 0.03028
5.50000 0.02990
5.55000 0.02951
5.60000 0.02911
5.65000 0.02872
5.70000 0.02832
5.75000 0.02791
5.80000 0.02751
5.85000 0.02711
5.90000 0.02670
5.95000 0.02630
6.00000 0.02589
6.05000 0.02549
6.10000 0.02509
6.15000 0.02469
6.20000 0.02429
6.25000 0.02390
6.30000 0.02350
6.35000 0.02311
6.40000 0.02273
6.45000 0.02235
6.50000 0.02197
6.55000 0.02159
6.60000 0.02122
6.65000 0.02086
6.70000 0.02050
6.75000 0.02014
6.80000 0.01979
6.85000 0.01945
6.90000 0.01911
6.95000 0.01877
7.00000 0.01844
7.05000 0.01812
7.10000 0.01780
7.15000 0.01749
7.20000 0.01718
7.25000 0.01688
7.30000 0.01658
7.35000 0.01629
7.40000 0.01601
7.45000 0.01573
7.50000 0.01546
7.55000 0.01519
7.60000 0.01493
7.65000 0.01467
7.70000 0.01442
7.75000 0.01417
7.80000 0.01393
7.85000 0.01369
7.90000 0.01346
7.95000 0.01323
8.00000 0.01301
8.05000 0.01279
8.10000 0.01258
8.15000 0.01237
8.20000 0.01217
8.25000 0.01197
8.30000 0.01178
8.35000 0.01159
8.40000 0.01140
8.45000 0.01122
8.50000 0.01104
8.55000 0.01086
8.60000 0.01069
8.65000 0.01053
8.70000 0.01036
8.75000 0.01020
8.80000 0.01005
8.85000 0.00989
8.90000 0.00974
8.95000 0.00960
9.00000 0.00946
9.05000 0.00931
9.10000 0.00918
9.15000 0.00904
9.20000 0.00891
9.25000 0.00878
9.30000 0.00866
9.35000 0.00853
9.40000 0.00841
9.45000 0.00829
9.50000 0.00818
9.55000 0.00806
9.60000 0.00795
9.65000 0.00784
9.70000 0.00774
9.75000 0.00763
9.80000 0.00753
9.85000 0.00743
9.90000 0.00733
9.95000 0.00724
10.00000 0.00714
10.05000 0.00705
10.10000 0.00696
10.15000 0.00687
10.20000 0.00678
10.25000 0.00670
10.30000 0.00661
10.35000 0.00653
10.40000 0.00645
10.45000 0.00637
10.50000 0.00629
10.55000 0.00622
10.60000 0.00614
10.65000 0.00607
10.70000 0.00600
10.75000 0.00593
10.80000 0.00586
10.85000 0.00579
10.90000 0.00572
10.95000 0.00566
11.00000 0.00559
11.05000 0.00553
11.10000 0.00547
11.15000 0.00540
11.20000 0.00534
11.25000 0.00529
11.30000 0.00523
11.35000 0.00517
11.40000 0.00511
11.45000 0.00506
11.50000 0.00500
11.55000 0.00495
11.60000 0.00490
11.65000 0.00485
11.70000 0.00480
11.75000 0.00475
11.80000 0.00470
11.85000 0.00465
11.90000 0.00460
11.95000 0.00456
12.00000 0.00451
12.05000 0.00446
12.10000 0.00442
12.15000 0.00438
12.20000 0.00433
12.25000 0.00429
12.30000 0.00425
12.35000 0.00421
12.40000 0.00416
12.45000 0.00412
12.50000 0.00408
12.55000 0.00405
12.60000 0.00401
12.65000 0.00397
12.70000 0.00393
12.75000 0.00389
12.80000 0.00386
12.85000 0.00382
12.90000 0.00378
12.95000 0.00375
13.00000 0.00371
13.05000 0.00368
13.10000 0.00365
13.15000 0.00361
13.20000 0.00358
13.25000 0.00355
13.30000 0.00351
13.35000 0.00348
13.40000 0.00345
13.45000 0.00342
13.50000 0.00339
13.55000 0.00336
13.60000 0.00333
13.65000 0.00330
13.70000 0.00327
13.75000 0.00324
13.80000 0.00321
13.85000 0.00318
13.90000 0.00315
13.95000 0.00313
14.00000 0.00310
14.05000 0.00307
14.10000 0.00304
14.15000 0.00302
14.20000 0.00299
14.25000 0.00297
14.30000 0.00294
14.35000 0.00291
14.40000 0.00289
14.45000 0.00287
14.50000 0.00284
14.55000 0.00282
14.60000 0.00279
14.65000 0.00277
14.70000 0.00275
14.75000 0.00272
14.80000 0.00270
14.85000 0.00268
14.90000 0.00266
14.95000 0.00263
15.00000 0.00261
15.05000 0.00259
15.10000 0.00257
15.15000 0.00255
15.20000 0.00253
15.25000 0.00251
15.30000 0.00249
15.35000 0.00247
15.40000 0.00245
15.45000 0.00243
15.50000 0.00241
15.55000 0.00239
15.60000 0.00237
15.65000 0.00236
15.70000 0.00234
15.75000 0.00232
15.80000 0.00230
15.85000 0.00229
15.90000 0.00227
15.95000 0.00225
16.00000 0.00223
16.05000 0.00222
16.10000 0.00220
16.15000 0.00219
16.20000 0.00217
16.25000 0.00215
16.30000 0.00214
16.35000 0.00212
16.40000 0.00211
16.45000 0.00209
16.50000 0.00208
16.55000 0.00206
16.60000 0.00205
16.65000 0.00203
16.70000 0.00202
16.75000 0.00200
16.80000 0.00199
16.85000 0.00198
16.90000 0.00196
16.95000 0.00195
17.00000 0.00193
17.05000 0.00192
17.10000 0.00191
17.15000 0.00189
17.20000 0.00188
17.25000 0.00187
17.30000 0.00186
17.35000 0.00184
17.40000 0.00183
17.45000 0.00182
17.50000 0.00181
17.55000 0.00179
17.60000 0.00178
17.65000 0.00177
17.70000 0.00176
17.75000 0.00175
17.80000 0.00173
17.85000 0.00172
17.90000 0.00171
17.95000 0.00170
18.00000 0.00169
18.05000 0.00168
18.10000 0.00166
18.15000 0.00165
18.20000 0.00164
18.25000 0.00163
18.30000 0.00162
18.35000 0.00161
18.40000 0.00160
18.45000 0.00159
18.50000 0.00158
18.55000 0.00157
18.60000 0.00156
18.65000 0.00155
18.70000 0.00154
18.75000 0.00153
18.80000 0.00152
18.85000 0.00151
18.90000 0.00150
18.95000 0.00149
19.00000 0.00148
19.05000 0.00147
19.10000 0.00146
19.15000 0.00145
19.20000 0.00144
19.25000 0.00143
19.30000 0.00142
19.35000 0.00141
19.40000 0.00140
19.45000 0.00139
19.50000 0.00138
19.55000 0.00138
19.60000 0.00137
19.65000 0.00136
19.70000 0.00135
19.75000 0.00134
19.80000 0.00133
19.85000 0.00132
19.90000 0.00132
19.95000 0.00131
20.00000 0.00130
