-76.33266 0.00000
-76.31456 0.00000
-76.03757 0.00000
-76.02683 0.00000
-76.02670 0.00000
-74.70659 0.00000
-74.69571 0.00000
-74.28015 0.00000
-74.27525 0.00000
-64.07034 0.00000
-63.98025 0.00000
-63.03511 0.00000
-63.01058 0.00000
-62.70821 0.00000
-62.68520 0.00000
-62.29567 0.00000
-61.97671 0.00000
-61.78570 0.00000
-61.37884 0.00000
-61.37878 0.00000
-61.36080 0.00000
-61.14606 0.00000
-61.13374 0.00000
-61.12331 0.00000
-60.92635 0.00000
-60.92110 0.00000
-60.90369 0.00000
-60.81625 0.00000
-60.68051 0.00000
-60.65858 0.00000
-60.63759 0.00000
-60.61579 0.00000
-60.42758 0.00000
-60.38928 0.00000
-60.29667 0.00000
-60.24303 0.00000
-60.20785 0.00000
-60.20454 0.00000
-59.97473 0.00000
-59.80575 0.00000
-59.55535 0.00000
-59.48519 0.00000
-59.44456 0.00000
-59.29018 0.00000
-59.20908 0.00000
-59.18711 0.00000
-58.98062 0.00000
-58.93337 0.00000
-58.81767 0.00000
-58.59625 0.00000
-58.51012 0.00000
-58.48490 0.00000
-58.46563 0.00000
-58.34538 0.00000
-58.33085 0.00000
-58.33077 0.00000
-58.26965 0.00000
-58.19852 0.00000
-58.19767 0.00000
-58.17156 0.00000
-58.16360 0.00000
-58.09512 0.00000
-58.02899 0.00000
-57.98849 0.00000
-57.98716 0.00000
-57.97510 0.00000
-57.95766 0.00000
-57.94341 0.00000
-57.94054 0.00000
-57.92188 0.00000
-57.90026 0.00000
-57.85231 0.00000
-57.83953 0.00000
-57.75486 0.00000
-57.75475 0.00000
-57.75048 0.00000
-57.70202 0.00000
-57.69944 0.00000
-57.60933 0.00000
-57.60499 0.00000
-57.57993 0.00000
-57.55566 0.00000
-57.49023 0.00000
-57.44635 0.00000
-57.44494 0.00000
-57.42034 0.00000
-57.41824 0.00000
-57.39659 0.00000
-57.38412 0.00000
-57.32243 0.00000
-57.18815 0.00000
-57.17223 0.00000
-57.11816 0.00000
-57.10532 0.00000
-57.06600 0.00000
-57.05679 0.00000
-56.83834 0.00000
-56.83686 0.00000
-56.77563 0.00000
-56.77135 0.00000
-56.76620 0.00000
-56.74155 0.00000
-56.68874 0.00000
-56.59710 0.00000
-56.58771 0.00000
-56.57978 0.00000
-56.56470 0.00000
-56.56373 0.00000
-56.54966 0.00000
-56.54693 0.00000
-56.53029 0.00000
-56.45863 0.00000
-56.44585 0.00000
-56.41689 0.00000
-56.41673 0.00000
-56.41529 0.00000
-56.38209 0.00000
-56.34193 0.00000
-56.29852 0.00000
-56.29699 0.00000
-56.28049 0.00000
-56.27830 0.00000
-56.26593 0.00000
-56.26493 0.00000
-56.23928 0.00000
-56.20454 0.00000
-56.18957 0.00000
-56.13509 0.00000
-56.04530 0.00000
-56.02050 0.00000
-56.01958 0.00000
-55.98228 0.00000
-55.98117 0.00000
-55.97889 0.00000
-55.92336 0.00000
-55.91555 0.00000
-55.90546 0.00000
-55.89058 0.00000
-55.83392 0.00000
-55.82939 0.00000
-55.77561 0.00000
-55.76646 0.00000
-55.74577 0.00000
-55.73637 0.00000
-55.73134 0.00000
-55.72900 0.00000
-55.72312 0.00000
-55.72207 0.00000
-55.68569 0.00000
-55.68264 0.00000
-55.64539 0.00000
-55.64396 0.00000
-55.64362 0.00000
-55.63658 0.00000
-55.57374 0.00000
-55.49338 0.00000
-55.46222 0.00000
-55.46015 0.00000
-55.40773 0.00000
-55.40501 0.00000
-55.37602 0.00000
-55.37505 0.00000
-55.37081 0.00000
-55.37074 0.00000
-55.36600 0.00000
-55.35502 0.00000
-55.34350 0.00000
-55.32824 0.00000
-55.31892 0.00000
-55.31876 0.00000
-55.30318 0.00000
-55.27760 0.00000
-55.22041 0.00000
-55.20923 0.00000
-55.18204 0.00000
-55.13535 0.00000
-55.11188 0.00000
-55.10714 0.00000
-55.08330 0.00000
-55.07598 0.00000
-55.06218 0.00000
-55.05709 0.00000
-55.04025 0.00000
-55.03535 0.00000
-55.03252 0.00000
-55.01356 0.00000
-55.00191 0.00000
-55.00178 0.00000
-54.98975 0.00000
-54.98343 0.00000
-54.92969 0.00000
-54.90452 0.00000
-54.88114 0.00000
-54.88021 0.00000
-54.84621 0.00000
-54.76966 0.00000
-54.75814 0.00000
-54.75727 0.00000
-54.75333 0.00000
-54.72721 0.00000
-54.70010 0.00000
-54.64359 0.00000
-54.64023 0.00000
-54.63831 0.00000
-54.63434 0.00000
-54.60829 0.00000
-54.59129 0.00000
-54.56722 0.00000
-54.52016 0.00000
-54.46154 0.00000
-54.45964 0.00000
-54.45219 0.00000
-54.43705 0.00000
-54.43597 0.00000
-54.37893 0.00000
-54.37865 0.00000
-54.36697 0.00000
-54.35480 0.00000
-54.35479 0.00000
-54.35313 0.00000
-54.32824 0.00000
-54.27740 0.00000
-54.21838 0.00000
-54.17292 0.00000
-54.16946 0.00000
-54.11327 0.00000
-54.10466 0.00000
-54.10140 0.00000
-54.09982 0.00000
-54.09978 0.00000
-54.09069 0.00000
-54.08746 0.00000
-54.08649 0.00000
-54.08025 0.00000
-54.07383 0.00000
-54.07359 0.00000
-54.07103 0.00000
-54.03607 0.00000
-54.02946 0.00000
-54.02656 0.00000
-53.98612 0.00000
-53.96065 0.00000
-53.95371 0.00000
-53.93182 0.00000
-53.92185 0.00000
-53.88419 0.00000
-53.85408 0.00000
-53.84678 0.00000
-53.83672 0.00000
-53.83366 0.00000
-53.83271 0.00000
-53.82103 0.00000
-53.78502 0.00000
-53.74763 0.00000
-53.73039 0.00000
-53.72546 0.00000
-53.71786 0.00000
-53.69340 0.00000
-53.67644 0.00000
-53.63761 0.00000
-53.63552 0.00000
-53.62699 0.00000
-53.62508 0.00000
-53.59251 0.00000
-53.58913 0.00000
-53.53442 0.00000
-53.53294 0.00000
-53.51076 0.00000
-53.50970 0.00000
-53.49956 0.00000
-53.49585 0.00000
-53.49580 0.00000
-53.48563 0.00000
-53.47630 0.00000
-53.46574 0.00000
-53.43681 0.00000
-53.43670 0.00000
-53.43312 0.00000
-53.42483 0.00000
-53.41480 0.00000
-53.41479 0.00000
-53.40147 0.00000
-53.36445 0.00000
-53.36088 0.00000
-53.34949 0.00000
-53.34517 0.00000
-53.30593 0.00000
-53.30129 0.00000
-53.29940 0.00000
-53.27366 0.00000
-53.26749 0.00000
-53.24751 0.00000
-53.23986 0.00000
-53.23748 0.00000
-53.23419 0.00000
-53.23265 0.00000
-53.22468 0.00000
-53.21539 0.00000
-53.20259 0.00000
-53.19640 0.00000
-53.16746 0.00000
-53.13124 0.00000
-53.11341 0.00000
-53.09721 0.00000
-53.03812 0.00000
-53.02601 0.00000
-53.00279 0.00000
-52.98682 0.00000
-52.98642 0.00000
-52.98286 0.00000
-52.94516 0.00000
-52.92300 0.00000
-52.92237 0.00000
-52.89492 0.00000
-52.88271 0.00000
-52.86992 0.00000
-52.86094 0.00000
-52.84422 0.00000
-52.84038 0.00000
-52.83080 0.00000
-52.83067 0.00000
-52.81487 0.00000
-52.81042 0.00000
-52.79025 0.00000
-52.78795 0.00000
-52.77262 0.00000
-52.73891 0.00000
-52.73565 0.00000
-52.69360 0.00000
-52.69254 0.00000
-52.65804 0.00000
-52.64557 0.00000
-52.57800 0.00000
-52.55297 0.00000
-52.53143 0.00000
-52.50928 0.00000
-52.48898 0.00000
-52.47461 0.00000
-52.47297 0.00000
-52.47257 0.00000
-52.42528 0.00000
-52.42020 0.00000
-52.34994 0.00000
-52.29111 0.00000
-52.29079 0.00000
-52.28828 0.00000
-52.28654 0.00000
-52.28055 0.00000
-52.26705 0.00000
-52.25884 0.00000
-52.23026 0.00000
-52.22037 0.00000
-52.20901 0.00000
-52.20428 0.00000
-52.18276 0.00000
-52.17638 0.00000
-52.17265 0.00000
-52.15931 0.00000
-52.15323 0.00000
-52.14463 0.00000
-52.13804 0.00000
-52.11308 0.00000
-52.07475 0.00000
-52.03819 0.00000
-52.01674 0.00000
-52.00038 0.00000
-51.95067 0.00000
-51.94923 0.00000
-51.93983 0.00000
-51.92199 0.00000
-51.91932 0.00000
-51.91839 0.00000
-51.90700 0.00000
-51.89198 0.00000
-51.88484 0.00000
-51.88116 0.00000
-51.84331 0.00000
-51.84212 0.00000
-51.80756 0.00000
-51.79334 0.00000
-51.79105 0.00000
-51.77610 0.00000
-51.77142 0.00000
-51.75317 0.00000
-51.73016 0.00000
-51.72972 0.00000
-51.68250 0.00000
-51.59653 0.00000
-51.56169 0.00000
-51.55906 0.00000
-51.55869 0.00000
-51.55418 0.00000
-51.54485 0.00000
-51.51949 0.00000
-51.51070 0.00000
-51.42741 0.00000
-51.42178 0.00000
-51.38096 0.00000
-51.34628 0.00000
-51.33587 0.00000
-51.28389 0.00000
-51.27605 0.00000
-51.27030 0.00000
-51.26913 0.00000
-51.26873 0.00000
-51.23994 0.00000
-51.22586 0.00000
-51.20961 0.00000
-51.19494 0.00000
-51.19186 0.00000
-51.18190 0.00000
-51.15513 0.00000
-51.12557 0.00000
-51.11683 0.00000
-51.05293 0.00000
-51.05148 0.00000
-51.02962 0.00000
-51.00983 0.00000
-51.00965 0.00000
-50.99463 0.00000
-50.99052 0.00000
-50.96465 0.00000
-50.95479 0.00000
-50.95026 0.00000
-50.94137 0.00000
-50.93248 0.00000
-50.92259 0.00000
-50.90421 0.00000
-50.89315 0.00000
-50.88622 0.00000
-50.87872 0.00000
-50.85295 0.00000
-50.81902 0.00000
-50.80741 0.00000
-50.79949 0.00000
-50.79534 0.00000
-50.79191 0.00000
-50.77586 0.00000
-50.77578 0.00000
-50.77233 0.00000
-50.75309 0.00000
-50.75071 0.00000
-50.72942 0.00000
-50.72547 0.00000
-50.67806 0.00000
-50.66949 0.00000
-50.60004 0.00000
-50.58855 0.00000
-50.57815 0.00000
-50.56739 0.00000
-50.55926 0.00000
-50.53555 0.00000
-50.51202 0.00000
-50.49847 0.00000
-50.48290 0.00000
-50.48081 0.00000
-50.46941 0.00000
-50.46572 0.00000
-50.45302 0.00000
-50.44404 0.00000
-50.42246 0.00000
-50.41922 0.00000
-50.39275 0.00000
-50.38073 0.00000
-50.36132 0.00000
-50.35006 0.00000
-50.33416 0.00000
-50.32716 0.00000
-50.31922 0.00000
-50.30882 0.00000
-50.30875 0.00000
-50.30441 0.00000
-50.19227 0.00000
-50.15948 0.00000
-50.14315 0.00000
-50.13822 0.00000
-50.09184 0.00000
-50.09115 0.00000
-50.08723 0.00000
-50.07720 0.00000
-50.03546 0.00000
-50.02531 0.00000
-50.00602 0.00000
-49.98958 0.00000
-49.98633 0.00000
-49.98565 0.00000
-49.96184 0.00000
-49.93757 0.00000
-49.92885 0.00000
-49.91688 0.00000
-49.90096 0.00000
-49.88345 0.00000
-49.87449 0.00000
-49.86366 0.00000
-49.85358 0.00000
-49.84364 0.00000
-49.84031 0.00000
-49.83921 0.00000
-49.83853 0.00000
-49.80756 0.00000
-49.78638 0.00000
-49.75800 0.00000
-49.74393 0.00000
-49.73837 0.00000
-49.72569 0.00000
-49.70701 0.00000
-49.70504 0.00000
-49.70316 0.00000
-49.66174 0.00000
-49.63322 0.00000
-49.58874 0.00000
-49.55274 0.00000
-49.51284 0.00000
-49.51233 0.00000
-49.51171 0.00000
-49.51071 0.00000
-49.50827 0.00000
-49.49433 0.00000
-49.49136 0.00000
-49.48502 0.00000
-49.46536 0.00000
-49.46374 0.00000
-49.45274 0.00000
-49.44386 0.00000
-49.44376 0.00000
-49.42914 0.00000
-49.39160 0.00000
-49.38406 0.00000
-49.38033 0.00000
-49.36816 0.00000
-49.36584 0.00000
-49.36576 0.00000
-49.35761 0.00000
-49.35383 0.00000
-49.35375 0.00000
-49.33035 0.00000
-49.32908 0.00000
-49.29295 0.00000
-49.26468 0.00000
-49.23751 0.00000
-49.22852 0.00000
-49.22262 0.00000
-49.20740 0.00000
-49.20611 0.00000
-49.17032 0.00000
-49.14738 0.00000
-49.13025 0.00000
-49.12717 0.00000
-49.12597 0.00000
-49.10596 0.00000
-49.09878 0.00000
-49.07130 0.00000
-49.04606 0.00000
-49.03140 0.00000
-49.01638 0.00000
-49.00459 0.00000
-48.98051 0.00000
-48.97791 0.00000
-48.95607 0.00000
-48.95576 0.00000
-48.94663 0.00000
-48.90469 0.00000
-48.88492 0.00000
-48.87553 0.00000
-48.86218 0.00000
-48.81513 0.00000
-48.77175 0.00000
-48.75558 0.00000
-48.74333 0.00000
-48.74060 0.00000
-48.70683 0.00000
-48.69798 0.00000
-48.69542 0.00000
-48.68741 0.00000
-48.65545 0.00000
-48.65014 0.00000
-48.63596 0.00000
-48.63482 0.00000
-48.62390 0.00000
-48.62048 0.00000
-48.60532 0.00000
-48.59853 0.00000
-48.59653 0.00000
-48.59416 0.00000
-48.58205 0.00000
-48.57672 0.00000
-48.57001 0.00000
-48.56898 0.00000
-48.56835 0.00000
-48.55495 0.00000
-48.55138 0.00000
-48.54858 0.00000
-48.54353 0.00000
-48.49718 0.00000
-48.48508 0.00000
-48.47409 0.00000
-48.47309 0.00000
-48.44910 0.00000
-48.44595 0.00000
-48.43502 0.00000
-48.43463 0.00000
-48.43149 0.00000
-48.41354 0.00000
-48.40839 0.00000
-48.40491 0.00000
-48.38696 0.00000
-48.35880 0.00000
-48.35268 0.00000
-48.32256 0.00000
-48.27974 0.00000
-48.26141 0.00000
-48.25789 0.00000
-48.24677 0.00000
-48.24499 0.00000
-48.24384 0.00000
-48.24380 0.00000
-48.23466 0.00000
-48.20772 0.00000
-48.20519 0.00000
-48.17481 0.00000
-48.17477 0.00000
-48.13919 0.00000
-48.07038 0.00000
-48.06718 0.00000
-48.06266 0.00000
-48.05944 0.00000
-48.03931 0.00000
-48.03361 0.00000
-48.02482 0.00000
-48.02473 0.00000
-48.00050 0.00000
-47.99410 0.00000
-47.99258 0.00000
-47.95660 0.00000
-47.95335 0.00000
-47.94001 0.00000
-47.92992 0.00000
-47.91671 0.00000
-47.89573 0.00000
-47.89034 0.00000
-47.88342 0.00000
-47.86945 0.00000
-47.84846 0.00000
-47.84047 0.00000
-47.83657 0.00000
-47.83015 0.00000
-47.82885 0.00000
-47.80648 0.00000
-47.80049 0.00000
-47.78062 0.00000
-47.77967 0.00000
-47.76911 0.00000
-47.76453 0.00000
-47.76323 0.00000
-47.76031 0.00000
-47.75344 0.00000
-47.74718 0.00000
-47.74473 0.00000
-47.74139 0.00000
-47.72585 0.00000
-47.71512 0.00000
-47.70863 0.00000
-47.69630 0.00000
-47.69312 0.00000
-47.68874 0.00000
-47.68523 0.00000
-47.66712 0.00000
-47.64728 0.00000
-47.63400 0.00000
-47.61857 0.00000
-47.60866 0.00000
-47.60253 0.00000
-47.58490 0.00000
-47.54813 0.00000
-47.53261 0.00000
-47.52079 0.00000
-47.49567 0.00000
-47.49078 0.00000
-47.48920 0.00000
-47.48451 0.00000
-47.48212 0.00000
-47.46649 0.00000
-47.45679 0.00000
-47.43888 0.00000
-47.43723 0.00000
-47.43297 0.00000
-47.40432 0.00000
-47.39812 0.00000
-47.39588 0.00000
-47.39420 0.00000
-47.39175 0.00000
-47.38946 0.00000
-47.36435 0.00000
-47.36253 0.00000
-47.35830 0.00000
-47.34458 0.00000
-47.34064 0.00000
-47.32327 0.00000
-47.31318 0.00000
-47.29911 0.00000
-47.28848 0.00000
-47.28754 0.00000
-47.27874 0.00000
-47.25800 0.00000
-47.25410 0.00000
-47.24665 0.00000
-47.24376 0.00000
-47.23674 0.00000
-47.23019 0.00000
-47.21664 0.00000
-47.20802 0.00000
-47.20148 0.00000
-47.19709 0.00000
-47.19413 0.00000
-47.18112 0.00000
-47.15357 0.00000
-47.14931 0.00000
-47.14481 0.00000
-47.14470 0.00000
-47.11816 0.00000
-47.10085 0.00000
-47.06184 0.00000
-47.05410 0.00000
-47.04902 0.00000
-47.04830 0.00000
-47.04640 0.00000
-47.03999 0.00000
-47.03458 0.00000
-47.02630 0.00000
-47.02499 0.00000
-47.02053 0.00000
-47.01323 0.00000
-46.98922 0.00000
-46.96978 0.00000
-46.95303 0.00000
-46.95242 0.00000
-46.94369 0.00000
-46.93929 0.00000
-46.92168 0.00000
-46.90995 0.00000
-46.90935 0.00000
-46.89630 0.00000
-46.88462 0.00000
-46.88248 0.00000
-46.87833 0.00000
-46.86915 0.00000
-46.86687 0.00000
-46.86213 0.00000
-46.85413 0.00000
-46.85139 0.00000
-46.84941 0.00000
-46.84136 0.00000
-46.83181 0.00000
-46.83171 0.00000
-46.83073 0.00000
-46.82731 0.00000
-46.80708 0.00000
-46.80634 0.00000
-46.80144 0.00000
-46.79928 0.00000
-46.79832 0.00000
-46.79295 0.00000
-46.79156 0.00000
-46.79026 0.00000
-46.78954 0.00000
-46.76832 0.00000
-46.76460 0.00000
-46.76135 0.00000
-46.75254 0.00000
-46.75128 0.00000
-46.74932 0.00000
-46.74488 0.00000
-46.73222 0.00000
-46.69651 0.00000
-46.68130 0.00000
-46.67413 0.00000
-46.63953 0.00000
-46.63058 0.00000
-46.61700 0.00000
-46.61574 0.00000
-46.60880 0.00000
-46.60879 0.00000
-46.60567 0.00000
-46.60253 0.00000
-46.60130 0.00000
-46.59473 0.00000
-46.59105 0.00000
-46.58792 0.00000
-46.58487 0.00000
-46.55173 0.00000
-46.53567 0.00000
-46.52824 0.00000
-46.52522 0.00000
-46.52423 0.00000
-46.52106 0.00000
-46.50555 0.00000
-46.48603 0.00000
-46.47886 0.00000
-46.47472 0.00000
-46.47356 0.00000
-46.47049 0.00000
-46.46801 0.00000
-46.46751 0.00000
-46.46626 0.00000
-46.46423 0.00000
-46.45097 0.00000
-46.44675 0.00000
-46.43019 0.00000
-46.42834 0.00000
-46.42165 0.00000
-46.40405 0.00000
-46.40281 0.00000
-46.40269 0.00000
-46.37260 0.00000
-46.35566 0.00000
-46.35246 0.00000
-46.34959 0.00000
-46.34824 0.00000
-46.34538 0.00000
-46.33991 0.00000
-46.32499 0.00000
-46.32276 0.00000
-46.29626 0.00000
-46.27626 0.00000
-46.26580 0.00000
-46.26180 0.00000
-46.26177 0.00000
-46.25864 0.00000
-46.24819 0.00000
-46.23663 0.00000
-46.23529 0.00000
-46.23375 0.00000
-46.22985 0.00000
-46.22977 0.00000
-46.21594 0.00000
-46.19706 0.00000
-46.19330 0.00000
-46.17547 0.00000
-46.16468 0.00000
-46.16140 0.00000
-46.14806 0.00000
-46.13985 0.00000
-46.12939 0.00000
-46.11647 0.00000
-46.10344 0.00000
-46.09481 0.00000
-46.08080 0.00000
-46.08077 0.00000
-46.07666 0.00000
-46.06625 0.00000
-46.03693 0.00000
-46.02499 0.00000
-46.02157 0.00000
-46.01781 0.00000
-46.01775 0.00000
-46.00839 0.00000
-45.99410 0.00000
-45.97993 0.00000
-45.97176 0.00000
-45.96822 0.00000
-45.96504 0.00000
-45.96090 0.00000
-45.95850 0.00000
-45.95685 0.00000
-45.95020 0.00000
-45.94806 0.00000
-45.94645 0.00000
-45.93853 0.00000
-45.93654 0.00000
-45.93140 0.00000
-45.92982 0.00000
-45.92977 0.00000
-45.92855 0.00000
-45.92559 0.00000
-45.91899 0.00000
-45.91538 0.00000
-45.91042 0.00000
-45.90862 0.00000
-45.88326 0.00000
-45.87743 0.00000
-45.86282 0.00000
-45.86277 0.00000
-45.83906 0.00000
-45.83559 0.00000
-45.82882 0.00000
-45.81761 0.00000
-45.81219 0.00000
-45.80685 0.00000
-45.79948 0.00000
-45.79391 0.00000
-45.77626 0.00000
-45.77232 0.00000
-45.76684 0.00000
-45.76131 0.00000
-45.75610 0.00000
-45.75386 0.00000
-45.73969 0.00000
-45.72277 0.00000
-45.70962 0.00000
-45.70644 0.00000
-45.70510 0.00000
-45.68799 0.00000
-45.66861 0.00000
-45.65725 0.00000
-45.65665 0.00000
-45.64281 0.00000
-45.62797 0.00000
-45.62225 0.00000
-45.62122 0.00000
-45.62018 0.00000
-45.61039 0.00000
-45.60736 0.00000
-45.58919 0.00000
-45.58064 0.00000
-45.57612 0.00000
-45.55916 0.00000
-45.55493 0.00000
-45.54648 0.00000
-45.54531 0.00000
-45.53609 0.00000
-45.52970 0.00000
-45.52114 0.00000
-45.51212 0.00000
-45.49884 0.00000
-45.49487 0.00000
-45.49435 0.00000
-45.48619 0.00000
-45.47289 0.00000
-45.46649 0.00000
-45.46236 0.00000
-45.46029 0.00000
-45.45579 0.00000
-45.43636 0.00000
-45.43308 0.00000
-45.42372 0.00000
-45.41892 0.00000
-45.41527 0.00000
-45.39486 0.00000
-45.39480 0.00000
-45.39298 0.00000
-45.37914 0.00000
-45.37812 0.00000
-45.36548 0.00000
-45.36474 0.00000
-45.35098 0.00000
-45.33922 0.00000
-45.33238 0.00000
-45.32843 0.00000
-45.32468 0.00000
-45.32148 0.00000
-45.31631 0.00000
-45.29879 0.00000
-45.29604 0.00000
-45.28418 0.00000
-45.28214 0.00000
-45.26919 0.00000
-45.26376 0.00000
-45.25452 0.00000
-45.24703 0.00000
-45.24337 0.00000
-45.23479 0.00000
-45.23108 0.00000
-45.22893 0.00000
-45.22640 0.00000
-45.22282 0.00000
-45.22277 0.00000
-45.20528 0.00000
-45.20300 0.00000
-45.19459 0.00000
-45.18893 0.00000
-45.15777 0.00000
-45.15405 0.00000
-45.15135 0.00000
-45.13898 0.00000
-45.12725 0.00000
-45.12665 0.00000
-45.12136 0.00000
-45.11815 0.00000
-45.11468 0.00000
-45.10983 0.00000
-45.10979 0.00000
-45.10497 0.00000
-45.10187 0.00000
-45.09256 0.00000
-45.07275 0.00000
-45.06188 0.00000
-45.06179 0.00000
-45.05856 0.00000
-45.04270 0.00000
-45.04113 0.00000
-45.03321 0.00000
-45.01248 0.00000
-45.00323 0.00000
-44.99282 0.00000
-44.98893 0.00000
-44.98697 0.00000
-44.96809 0.00000
-44.96658 0.00000
-44.96534 0.00000
-44.95847 0.00000
-44.94888 0.00000
-44.93031 0.00000
-44.92096 0.00000
-44.92039 0.00000
-44.91965 0.00000
-44.91618 0.00000
-44.91230 0.00000
-44.89968 0.00000
-44.89571 0.00000
-44.89146 0.00000
-44.87399 0.00000
-44.86886 0.00000
-44.86880 0.00000
-44.84390 0.00000
-44.84377 0.00000
-44.84052 0.00000
-44.83413 0.00000
-44.83166 0.00000
-44.83000 0.00000
-44.81432 0.00000
-44.80822 0.00000
-44.80692 0.00000
-44.79409 0.00000
-44.78788 0.00000
-44.78777 0.00000
-44.78126 0.00000
-44.76185 0.00000
-44.75343 0.00000
-44.74758 0.00000
-44.73978 0.00000
-44.73811 0.00000
-44.73499 0.00000
-44.73263 0.00000
-44.72858 0.00000
-44.72723 0.00000
-44.72126 0.00000
-44.71939 0.00000
-44.71301 0.00000
-44.69377 0.00000
-44.69158 0.00000
-44.68567 0.00000
-44.65287 0.00000
-44.63863 0.00000
-44.62498 0.00000
-44.61185 0.00000
-44.61168 0.00000
-44.60126 0.00000
-44.59512 0.00000
-44.59399 0.00000
-44.58945 0.00000
-44.58556 0.00000
-44.58307 0.00000
-44.57634 0.00000
-44.57446 0.00000
-44.57304 0.00000
-44.57177 0.00000
-44.56710 0.00000
-44.56563 0.00000
-44.55842 0.00000
-44.55428 0.00000
-44.53714 0.00000
-44.52881 0.00000
-44.50453 0.00000
-44.50224 0.00000
-44.49383 0.00000
-44.49352 0.00000
-44.49107 0.00000
-44.48729 0.00000
-44.48594 0.00000
-44.48564 0.00000
-44.48253 0.00000
-44.43897 0.00000
-44.43688 0.00000
-44.41804 0.00000
-44.41648 0.00000
-44.40437 0.00000
-44.40224 0.00000
-44.39789 0.00000
-44.39140 0.00000
-44.38763 0.00000
-44.38242 0.00000
-44.38168 0.00000
-44.37298 0.00000
-44.37276 0.00000
-44.37141 0.00000
-44.36830 0.00000
-44.36024 0.00000
-44.35442 0.00000
-44.31640 0.00000
-44.31370 0.00000
-44.30977 0.00000
-44.30778 0.00000
-44.29355 0.00000
-44.28957 0.00000
-44.28627 0.00000
-44.28304 0.00000
-44.27673 0.00000
-44.27509 0.00000
-44.26781 0.00000
-44.26778 0.00000
-44.26377 0.00000
-44.25121 0.00000
-44.24332 0.00000
-44.23425 0.00000
-44.22920 0.00000
-44.21099 0.00000
-44.20817 0.00000
-44.20285 0.00000
-44.19096 0.00000
-44.17259 0.00000
-44.17106 0.00000
-44.16959 0.00000
-44.16420 0.00000
-44.15852 0.00000
-44.15197 0.00000
-44.14811 0.00000
-44.13783 0.00000
-44.13255 0.00000
-44.12268 0.00000
-44.10590 0.00000
-44.10536 0.00000
-44.10357 0.00000
-44.08427 0.00000
-44.07433 0.00000
-44.07194 0.00000
-44.06797 0.00000
-44.06776 0.00000
-44.04948 0.00000
-44.04009 0.00000
-44.03947 0.00000
-44.01070 0.00000
-44.00397 0.00000
-43.99984 0.00000
-43.98482 0.00000
-43.97994 0.00000
-43.97557 0.00000
-43.96485 0.00000
-43.96473 0.00000
-43.94884 0.00000
-43.94662 0.00000
-43.94204 0.00000
-43.92549 0.00000
-43.91056 0.00000
-43.90818 0.00000
-43.90491 0.00000
-43.89861 0.00000
-43.89717 0.00000
-43.89236 0.00000
-43.86741 0.00000
-43.86599 0.00000
-43.86575 0.00000
-43.85542 0.00000
-43.85361 0.00000
-43.84446 0.00000
-43.84252 0.00000
-43.83869 0.00000
-43.83073 0.00000
-43.82738 0.00000
-43.81681 0.00000
-43.81284 0.00000
-43.79919 0.00000
-43.79060 0.00000
-43.78928 0.00000
-43.78791 0.00000
-43.78572 0.00000
-43.77909 0.00000
-43.77016 0.00000
-43.76597 0.00000
-43.76185 0.00000
-43.75988 0.00000
-43.75890 0.00000
-43.75636 0.00000
-43.73633 0.00000
-43.73170 0.00000
-43.72626 0.00000
-43.70481 0.00000
-43.70480 0.00000
-43.70295 0.00000
-43.70076 0.00000
-43.69384 0.00000
-43.67583 0.00000
-43.67212 0.00000
-43.66917 0.00000
-43.66534 0.00000
-43.65508 0.00000
-43.65113 0.00000
-43.64001 0.00000
-43.63863 0.00000
-43.63679 0.00000
-43.63526 0.00000
-43.62827 0.00000
-43.62672 0.00000
-43.58971 0.00000
-43.58849 0.00000
-43.57197 0.00000
-43.56884 0.00000
-43.54981 0.00000
-43.54905 0.00000
-43.52722 0.00000
-43.52106 0.00000
-43.51574 0.00000
-43.50838 0.00000
-43.48271 0.00000
-43.47962 0.00000
-43.47662 0.00000
-43.47233 0.00000
-43.46643 0.00000
-43.46577 0.00000
-43.46361 0.00000
-43.45928 0.00000
-43.45760 0.00000
-43.45649 0.00000
-43.44381 0.00000
-43.44378 0.00000
-43.44049 0.00000
-43.43623 0.00000
-43.43072 0.00000
-43.42384 0.00000
-43.42207 0.00000
-43.41892 0.00000
-43.41633 0.00000
-43.41499 0.00000
-43.37867 0.00000
-43.36842 0.00000
-43.36573 0.00000
-43.35230 0.00000
-43.34950 0.00000
-43.34271 0.00000
-43.33487 0.00000
-43.33283 0.00000
-43.31802 0.00000
-43.31650 0.00000
-43.31087 0.00000
-43.30930 0.00000
-43.30062 0.00000
-43.29552 0.00000
-43.28007 0.00000
-43.27783 0.00000
-43.27778 0.00000
-43.27489 0.00000
-43.27368 0.00000
-43.26871 0.00000
-43.26427 0.00000
-43.24625 0.00000
-43.23975 0.00000
-43.21838 0.00000
-43.21369 0.00000
-43.20894 0.00000
-43.19683 0.00000
-43.19411 0.00000
-43.18866 0.00000
-43.13324 0.00000
-43.13168 0.00000
-43.11766 0.00000
-43.11649 0.00000
-43.11372 0.00000
-43.11032 0.00000
-43.10388 0.00000
-43.10374 0.00000
-43.10066 0.00000
-43.09464 0.00000
-43.09237 0.00000
-43.06694 0.00000
-43.06429 0.00000
-43.03751 0.00000
-43.01196 0.00000
-43.01147 0.00000
-43.00842 0.00000
-43.00145 0.00000
-42.99937 0.00000
-42.99329 0.00000
-42.98710 0.00000
-42.97416 0.00000
-42.96789 0.00000
-42.96777 0.00000
-42.95246 0.00000
-42.95022 0.00000
-42.94812 0.00000
-42.93916 0.00000
-42.92150 0.00000
-42.91806 0.00000
-42.91117 0.00000
-42.91013 0.00000
-42.89330 0.00000
-42.88708 0.00000
-42.88396 0.00000
-42.86948 0.00000
-42.86105 0.00000
-42.85194 0.00000
-42.82265 0.00000
-42.81106 0.00000
-42.79598 0.00000
-42.78587 0.00000
-42.78577 0.00000
-42.77953 0.00000
-42.77647 0.00000
-42.77242 0.00000
-42.76997 0.00000
-42.76714 0.00000
-42.75471 0.00000
-42.74916 0.00000
-42.74634 0.00000
-42.74322 0.00000
-42.73821 0.00000
-42.73631 0.00000
-42.73547 0.00000
-42.72994 0.00000
-42.72906 0.00000
-42.72673 0.00000
-42.72468 0.00000
-42.72023 0.00000
-42.71833 0.00000
-42.71503 0.00000
-42.71232 0.00000
-42.70820 0.00000
-42.68160 0.00000
-42.67561 0.00000
-42.66373 0.00000
-42.65004 0.00000
-42.64710 0.00000
-42.64484 0.00000
-42.64475 0.00000
-42.63871 0.00000
-42.60027 0.00000
-42.59733 0.00000
-42.57350 0.00000
-42.57265 0.00000
-42.56911 0.00000
-42.56207 0.00000
-42.54417 0.00000
-42.54227 0.00000
-42.53196 0.00000
-42.52540 0.00000
-42.52020 0.00000
-42.51905 0.00000
-42.51675 0.00000
-42.50505 0.00000
-42.48967 0.00000
-42.48629 0.00000
-42.47767 0.00000
-42.47268 0.00000
-42.46648 0.00000
-42.46550 0.00000
-42.46024 0.00000
-42.44971 0.00000
-42.44231 0.00000
-42.43284 0.00000
-42.43235 0.00000
-42.43148 0.00000
-42.39343 0.00000
-42.39163 0.00000
-42.38975 0.00000
-42.37551 0.00000
-42.37318 0.00000
-42.36600 0.00000
-42.36418 0.00000
-42.35744 0.00000
-42.35657 0.00000
-42.34165 0.00000
-42.33736 0.00000
-42.33585 0.00000
-42.33427 0.00000
-42.33051 0.00000
-42.32260 0.00000
-42.32113 0.00000
-42.31226 0.00000
-42.31168 0.00000
-42.31007 0.00000
-42.29987 0.00000
-42.28675 0.00000
-42.28486 0.00000
-42.28398 0.00000
-42.27805 0.00000
-42.27302 0.00000
-42.26890 0.00000
-42.26611 0.00000
-42.26197 0.00000
-42.25063 0.00000
-42.24494 0.00000
-42.24317 0.00000
-42.23135 0.00000
-42.22808 0.00000
-42.21971 0.00000
-42.21830 0.00000
-42.20725 0.00000
-42.20427 0.00000
-42.20248 0.00000
-42.19895 0.00000
-42.19582 0.00000
-42.19122 0.00000
-42.19027 0.00000
-42.18967 0.00000
-42.18732 0.00000
-42.17255 0.00000
-42.16709 0.00000
-42.15651 0.00000
-42.15461 0.00000
-42.14994 0.00000
-42.14854 0.00000
-42.13435 0.00000
-42.12727 0.00000
-42.12138 0.00000
-42.11581 0.00000
-42.11454 0.00000
-42.11094 0.00000
-42.10992 0.00000
-42.10940 0.00000
-42.10744 0.00000
-42.10561 0.00000
-42.10169 0.00000
-42.09525 0.00000
-42.08469 0.00000
-42.08293 0.00000
-42.08186 0.00000
-42.08176 0.00000
-42.07874 0.00000
-42.07353 0.00000
-42.06129 0.00000
-42.05805 0.00000
-42.05489 0.00000
-42.05479 0.00000
-42.03645 0.00000
-42.01655 0.00000
-42.00124 0.00000
-42.00026 0.00000
-41.99725 0.00000
-41.98774 0.00000
-41.98286 0.00000
-41.96991 0.00000
-41.96870 0.00000
-41.96676 0.00000
-41.95743 0.00000
-41.94958 0.00000
-41.94472 0.00000
-41.94334 0.00000
-41.93162 0.00000
-41.91928 0.00000
-41.91019 0.00000
-41.90968 0.00000
-41.90852 0.00000
-41.89900 0.00000
-41.88953 0.00000
-41.88150 0.00000
-41.87727 0.00000
-41.87431 0.00000
-41.87226 0.00000
-41.86744 0.00000
-41.85810 0.00000
-41.84447 0.00000
-41.84379 0.00000
-41.83952 0.00000
-41.83668 0.00000
-41.80082 0.00000
-41.80079 0.00000
-41.76929 0.00000
-41.74206 0.00000
-41.72744 0.00000
-41.72070 0.00000
-41.70869 0.00000
-41.70290 0.00000
-41.66793 0.00000
-41.65459 0.00000
-41.65107 0.00000
-41.61039 0.00000
-41.60101 0.00000
-41.59573 0.00000
-41.59042 0.00000
-41.58728 0.00000
-41.58318 0.00000
-41.58209 0.00000
-41.57637 0.00000
-41.57173 0.00000
-41.53767 0.00000
-41.53558 0.00000
-41.50803 0.00000
-41.49483 0.00000
-41.44484 0.00000
-41.43764 0.00000
-41.39968 0.00000
-41.39283 0.00000
-41.39272 0.00000
-41.38731 0.00000
-41.37936 0.00000
-41.37872 0.00000
-41.37534 0.00000
-41.37283 0.00000
-41.36946 0.00000
-41.36446 0.00000
-41.35189 0.00000
-41.34908 0.00000
-41.34810 0.00000
-41.33420 0.00000
-41.32026 0.00000
-41.31799 0.00000
-41.31757 0.00000
-41.31520 0.00000
-41.30672 0.00000
-41.29785 0.00000
-41.29775 0.00000
-41.28687 0.00000
-41.28593 0.00000
-41.27964 0.00000
-41.27700 0.00000
-41.26346 0.00000
-41.24336 0.00000
-41.22563 0.00000
-41.22339 0.00000
-41.22001 0.00000
-41.20815 0.00000
-41.19835 0.00000
-41.18992 0.00000
-41.18929 0.00000
-41.18870 0.00000
-41.17236 0.00000
-41.16340 0.00000
-41.15951 0.00000
-41.14053 0.00000
-41.13970 0.00000
-41.11720 0.00000
-41.10657 0.00000
-41.09333 0.00000
-41.06633 0.00000
-41.06038 0.00000
-41.05685 0.00000
-41.05677 0.00000
-41.05346 0.00000
-41.04595 0.00000
-41.03963 0.00000
-41.01986 0.00000
-41.01978 0.00000
-41.01620 0.00000
-41.01014 0.00000
-41.00237 0.00000
-40.99963 0.00000
-40.98978 0.00000
-40.98293 0.00000
-40.97222 0.00000
-40.96969 0.00000
-40.96702 0.00000
-40.96511 0.00000
-40.96228 0.00000
-40.95355 0.00000
-40.90858 0.00000
-40.89835 0.00000
-40.88232 0.00000
-40.87518 0.00000
-40.86346 0.00000
-40.85231 0.00000
-40.84982 0.00000
-40.84966 0.00000
-40.84414 0.00000
-40.83331 0.00000
-40.82735 0.00000
-40.82655 0.00000
-40.81155 0.00000
-40.80833 0.00000
-40.80250 0.00000
-40.79808 0.00000
-40.78859 0.00000
-40.77324 0.00000
-40.77117 0.00000
-40.76960 0.00000
-40.75666 0.00000
-40.74160 0.00000
-40.73627 0.00000
-40.72005 0.00000
-40.71290 0.00000
-40.69517 0.00000
-40.67271 0.00000
-40.65565 0.00000
-40.65420 0.00000
-40.64901 0.00000
-40.64644 0.00000
-40.63544 0.00000
-40.62641 0.00000
-40.59846 0.00000
-40.59291 0.00000
-40.57943 0.00000
-40.55984 0.00000
-40.55970 0.00000
-40.50400 0.00000
-40.44634 0.00000
-40.43934 0.00000
-40.40794 0.00000
-40.40525 0.00000
-40.38798 0.00000
-40.33662 0.00000
-40.28938 0.00000
-40.27887 0.00000
-40.25789 0.00000
-40.25472 0.00000
-40.18357 0.00000
-40.17944 0.00000
-40.16650 0.00000
-40.16335 0.00000
-40.16021 0.00000
-40.15969 0.00000
-40.15816 0.00000
-40.15582 0.00000
-40.14562 0.00000
-40.14404 0.00000
-40.14378 0.00000
-40.12737 0.00000
-40.09912 0.00000
-40.07462 0.00000
-40.01910 0.00000
-40.01430 0.00000
-39.99348 0.00000
-39.98746 0.00000
-39.97977 0.00000
-39.96865 0.00000
-39.95329 0.00000
-39.93774 0.00000
-39.86202 0.00000
-39.85092 0.00000
-39.83996 0.00000
-39.83816 0.00000
-39.80827 0.00000
-39.79348 0.00000
-39.76739 0.00000
-39.75850 0.00000
-39.69633 0.00000
-39.68691 0.00000
-39.68408 0.00000
-39.67635 0.00000
-39.65881 0.00000
-39.65876 0.00000
-39.65564 0.00000
-39.65090 0.00000
-39.61724 0.00000
-39.61195 0.00000
-39.60876 0.00000
-39.56385 0.00000
-39.56373 0.00000
-39.50480 0.00000
-39.49924 0.00000
-39.49384 0.00000
-39.47589 0.00000
-39.47027 0.00000
-39.46868 0.00000
-39.46192 0.00000
-39.43624 0.00000
-39.42564 0.00000
-39.38654 0.00000
-39.37041 0.00000
-39.27939 0.00000
-39.26550 0.00000
-39.24487 0.00000
-39.24476 0.00000
-39.23632 0.00000
-39.21552 0.00000
-39.20559 0.00000
-39.19795 0.00000
-39.17661 0.00000
-39.15109 0.00000
-39.13837 0.00000
-39.07158 0.00000
-39.04324 0.00000
-39.03750 0.00000
-39.03668 0.00000
-39.03132 0.00000
-39.02560 0.00000
-39.00843 0.00000
-39.00543 0.00000
-39.00190 0.00000
-38.99169 0.00000
-38.92358 0.00000
-38.90380 0.00000
-38.90365 0.00000
-38.89221 0.00000
-38.89111 0.00000
-38.84093 0.00000
-38.84077 0.00000
-38.83372 0.00000
-38.82915 0.00000
-38.82139 0.00000
-38.79648 0.00000
-38.79492 0.00000
-38.76264 0.00000
-38.75218 0.00000
-38.75157 0.00000
-38.75021 0.00000
-38.74786 0.00000
-38.74772 0.00000
-38.74590 0.00000
-38.73707 0.00000
-38.73423 0.00000
-38.72929 0.00000
-38.70872 0.00000
-38.69981 0.00000
-38.69978 0.00000
-38.68958 0.00000
-38.59506 0.00000
-38.58772 0.00000
-38.46177 0.00000
-38.43198 0.00000
-38.42820 0.00000
-38.38290 0.00000
-38.37453 0.00000
-38.35374 0.00000
-38.33231 0.00000
-38.26699 0.00000
-38.25386 0.00000
-38.16021 0.00000
-38.15386 0.00000
-38.13223 0.00000
-38.10629 0.00000
-38.10253 0.00000
-38.02453 0.00000
-38.02055 0.00000
-37.93917 0.00000
-37.88928 0.00000
-37.88448 0.00000
-37.86742 0.00000
-37.86033 0.00000
-37.83611 0.00000
-37.82058 0.00000
-37.76685 0.00000
-37.76679 0.00000
-37.74659 0.00000
-37.73911 0.00000
-37.71964 0.00000
-37.66676 0.00000
-37.65112 0.00000
-37.62199 0.00000
-37.60802 0.00000
-37.56649 0.00000
-37.48797 0.00000
-37.48437 0.00000
-37.47840 0.00000
-37.46549 0.00000
-37.45422 0.00000
-37.41584 0.00000
-37.41575 0.00000
-37.39825 0.00000
-37.39475 0.00000
-37.37806 0.00000
-37.28768 0.00000
-37.28487 0.00000
-37.25671 0.00000
-37.21923 0.00000
-37.21125 0.00000
-37.20707 0.00000
-37.19390 0.00000
-37.18468 0.00000
-37.17735 0.00000
-37.13192 0.00000
-37.12783 0.00000
-37.05002 0.00000
-36.93003 0.00000
-36.90136 0.00000
-36.89373 0.00000
-36.87119 0.00000
-36.85452 0.00000
-36.84306 0.00000
-36.71766 0.00000
-36.67726 0.00000
-36.66267 0.00000
-36.63346 0.00000
-36.48866 0.00000
-36.41201 0.00000
-36.38062 0.00000
-36.36025 0.00000
-36.33482 0.00000
-36.32636 0.00000
-36.29903 0.00000
-36.29767 0.00000
-36.27013 0.00000
-36.25080 0.00000
-36.25074 0.00000
-36.22079 0.00000
-36.21252 0.00000
-36.14547 0.00000
-36.10781 0.00000
-36.10778 0.00000
-36.09740 0.00000
-36.01870 0.00000
-36.00115 0.00000
-35.92056 0.00000
-35.91902 0.00000
-35.90149 0.00000
-35.89996 0.00000
-35.89289 0.00000
-35.84550 0.00000
-35.84196 0.00000
-35.83730 0.00000
-35.79744 0.00000
-35.79200 0.00000
-35.77042 0.00000
-35.76659 0.00000
-35.76347 0.00000
-35.76089 0.00000
-35.70503 0.00000
-35.69033 0.00000
-35.67542 0.00000
-35.66396 0.00000
-35.66231 0.00000
-35.64887 0.00000
-35.63995 0.00000
-35.63664 0.00000
-35.62966 0.00000
-35.61542 0.00000
-35.59358 0.00000
-35.55607 0.00000
-35.53819 0.00000
-35.52814 0.00000
-35.52415 0.00000
-35.52243 0.00000
-35.51049 0.00000
-35.48678 0.00000
-35.47687 0.00000
-35.45284 0.00000
-35.44924 0.00000
-35.44756 0.00000
-35.43041 0.00000
-35.42159 0.00000
-35.39681 0.00000
-35.39679 0.00000
-35.37083 0.00000
-35.36918 0.00000
-35.35326 0.00000
-35.35212 0.00000
-35.34315 0.00000
-35.31477 0.00000
-35.29753 0.00000
-35.27335 0.00000
-35.26585 0.00000
-35.26573 0.00000
-35.24950 0.00000
-35.23622 0.00000
-35.21783 0.00000
-35.19077 0.00000
-35.16805 0.00000
-35.14602 0.00000
-35.10109 0.00000
-34.98055 0.00000
-34.97558 0.00000
-34.96159 0.00000
-34.93717 0.00000
-34.90651 0.00000
-34.90562 0.00000
-34.89807 0.00000
-34.87915 0.00000
-34.87820 0.00000
-34.87106 0.00000
-34.85170 0.00000
-34.81902 0.00000
-34.81368 0.00000
-34.76868 0.00000
-34.75582 0.00000
-34.75268 0.00000
-34.74949 0.00000
-34.74352 0.00000
-34.73953 0.00000
-34.72611 0.00000
-34.72109 0.00000
-34.71190 0.00000
-34.69820 0.00000
-34.66106 0.00000
-34.64031 0.00000
-34.63162 0.00000
-34.60090 0.00000
-34.59658 0.00000
-34.55695 0.00000
-34.54893 0.00000
-34.54367 0.00000
-34.52998 0.00000
-34.50848 0.00000
-34.47285 0.00000
-34.47260 0.00000
-34.41644 0.00000
-34.40347 0.00000
-34.38162 0.00000
-34.34588 0.00000
-34.33182 0.00000
-34.31174 0.00000
-34.30354 0.00000
-34.29253 0.00000
-34.26939 0.00000
-34.26339 0.00000
-34.26197 0.00000
-34.24160 0.00000
-34.21239 0.00000
-34.17265 0.00000
-34.15926 0.00000
-34.15436 0.00000
-34.14323 0.00000
-34.13596 0.00000
-34.12763 0.00000
-34.12495 0.00000
-34.12145 0.00000
-34.06908 0.00000
-34.02690 0.00000
-34.01411 0.00000
-34.00266 0.00000
-34.00117 0.00000
-33.98808 0.00000
-33.98740 0.00000
-33.96870 0.00000
-33.94109 0.00000
-33.91276 0.00000
-33.88280 0.00000
-33.88277 0.00000
-33.86370 0.00000
-33.83962 0.00000
-33.83497 0.00000
-33.80683 0.00000
-33.80667 0.00000
-33.74183 0.00000
-33.74177 0.00000
-33.72650 0.00000
-33.69762 0.00000
-33.68805 0.00000
-33.68759 0.00000
-33.67828 0.00000
-33.67182 0.00000
-33.67175 0.00000
-33.66229 0.00000
-33.66063 0.00000
-33.65842 0.00000
-33.63331 0.00000
-33.61498 0.00000
-33.61026 0.00000
-33.60529 0.00000
-33.59153 0.00000
-33.58875 0.00000
-33.58437 0.00000
-33.58263 0.00000
-33.54951 0.00000
-33.54307 0.00000
-33.54188 0.00000
-33.54168 0.00000
-33.52060 0.00000
-33.51740 0.00000
-33.51604 0.00000
-33.51176 0.00000
-33.49292 0.00000
-33.44881 0.00000
-33.44869 0.00000
-33.43143 0.00000
-33.38840 0.00000
-33.38117 0.00000
-33.37383 0.00000
-33.32016 0.00000
-33.30561 0.00000
-33.28323 0.00000
-33.28200 0.00000
-33.27534 0.00000
-33.26991 0.00000
-33.25610 0.00000
-33.25448 0.00000
-33.24552 0.00000
-33.23573 0.00000
-33.23444 0.00000
-33.21224 0.00000
-33.21006 0.00000
-33.18917 0.00000
-33.14677 0.00000
-33.13456 0.00000
-33.12814 0.00000
-33.11872 0.00000
-33.10773 0.00000
-33.10566 0.00000
-33.10260 0.00000
-33.09609 0.00000
-33.07827 0.00000
-33.07743 0.00000
-33.04262 0.00000
-33.03184 0.00000
-33.03168 0.00000
-33.02018 0.00000
-33.01029 0.00000
-33.00414 0.00000
-32.96806 0.00000
-32.95050 0.00000
-32.93594 0.00000
-32.85900 0.00000
-32.85523 0.00000
-32.82769 0.00000
-32.78709 0.00000
-32.78164 0.00000
-32.77810 0.00000
-32.77044 0.00000
-32.64909 0.00000
-32.61716 0.00000
-32.60152 0.00000
-32.58728 0.00000
-32.57108 0.00000
-32.57002 0.00000
-32.53770 0.00000
-32.52702 0.00000
-32.51736 0.00000
-32.50790 0.00000
-32.49322 0.00000
-32.45154 0.00000
-32.42996 0.00000
-32.41151 0.00000
-32.40029 0.00000
-32.39931 0.00000
-32.39704 0.00000
-32.38339 0.00000
-32.35081 0.00000
-32.31783 0.00000
-32.30035 0.00000
-32.27801 0.00000
-32.27562 0.00000
-32.27244 0.00000
-32.27006 0.00000
-32.24837 0.00000
-32.24096 0.00000
-32.23084 0.00000
-32.23078 0.00000
-32.21160 0.00000
-32.20884 0.00000
-32.20877 0.00000
-32.18304 0.00000
-32.17554 0.00000
-32.09595 0.00000
-32.09579 0.00000
-32.08649 0.00000
-32.07577 0.00000
-32.05659 0.00000
-32.05518 0.00000
-32.05346 0.00000
-32.04976 0.00000
-32.02625 0.00000
-32.02430 0.00000
-32.01189 0.00000
-32.00642 0.00000
-32.00326 0.00000
-32.00120 0.00000
-31.98964 0.00000
-31.96600 0.00000
-31.93855 0.00000
-31.93685 0.00000
-31.93678 0.00000
-31.89514 0.00000
-31.88513 0.00000
-31.87076 0.00000
-31.86810 0.00000
-31.86666 0.00000
-31.85473 0.00000
-31.83712 0.00000
-31.79776 0.00000
-31.77057 0.00000
-31.76041 0.00000
-31.72585 0.00000
-31.71379 0.00000
-31.70703 0.00000
-31.69480 0.00000
-31.69473 0.00000
-31.66848 0.00000
-31.66225 0.00000
-31.65344 0.00000
-31.65196 0.00000
-31.63986 0.00000
-31.63938 0.00000
-31.61820 0.00000
-31.61086 0.00000
-31.60108 0.00000
-31.57887 0.00000
-31.57879 0.00000
-31.57687 0.00000
-31.57318 0.00000
-31.57237 0.00000
-31.57112 0.00000
-31.55840 0.00000
-31.54167 0.00000
-31.52825 0.00000
-31.51701 0.00000
-31.50027 0.00000
-31.46240 0.00000
-31.42507 0.00000
-31.42308 0.00000
-31.41242 0.00000
-31.40445 0.00000
-31.36544 0.00000
-31.36305 0.00000
-31.35211 0.00000
-31.33416 0.00000
-31.30748 0.00000
-31.30578 0.00000
-31.25525 0.00000
-31.25248 0.00000
-31.20138 0.00000
-31.18964 0.00000
-31.16335 0.00000
-31.15971 0.00000
-31.14444 0.00000
-31.13738 0.00000
-31.11292 0.00000
-31.10345 0.00000
-31.10182 0.00000
-31.10174 0.00000
-31.07054 0.00000
-31.06247 0.00000
-31.06166 0.00000
-31.06042 0.00000
-31.03401 0.00000
-30.98013 0.00000
-30.97582 0.00000
-30.97578 0.00000
-30.96054 0.00000
-30.95207 0.00000
-30.94649 0.00000
-30.93196 0.00000
-30.92481 0.00000
-30.92433 0.00000
-30.91363 0.00000
-30.90571 0.00000
-30.88170 0.00000
-30.87900 0.00000
-30.86578 0.00000
-30.85834 0.00000
-30.84323 0.00000
-30.83304 0.00000
-30.83158 0.00000
-30.80683 0.00000
-30.77940 0.00000
-30.77503 0.00000
-30.72995 0.00000
-30.72727 0.00000
-30.71848 0.00000
-30.71293 0.00000
-30.71061 0.00000
-30.70016 0.00000
-30.69776 0.00000
-30.69289 0.00000
-30.69128 0.00000
-30.67443 0.00000
-30.65083 0.00000
-30.65074 0.00000
-30.63989 0.00000
-30.63522 0.00000
-30.62943 0.00000
-30.56729 0.00000
-30.54403 0.00000
-30.53971 0.00000
-30.53857 0.00000
-30.53550 0.00000
-30.52621 0.00000
-30.51628 0.00000
-30.50324 0.00000
-30.49786 0.00000
-30.49778 0.00000
-30.47604 0.00000
-30.44720 0.00000
-30.42572 0.00000
-30.40351 0.00000
-30.40190 0.00000
-30.40065 0.00000
-30.39063 0.00000
-30.34270 0.00000
-30.33935 0.00000
-30.33073 0.00000
-30.32142 0.00000
-30.31617 0.00000
-30.23218 0.00000
-30.21506 0.00000
-30.20063 0.00000
-30.17961 0.00000
-30.17692 0.00000
-30.16891 0.00000
-30.11985 0.00000
-30.10530 0.00000
-30.10421 0.00000
-30.08774 0.00000
-30.02724 0.00000
-30.02481 0.00000
-30.02473 0.00000
-30.02363 0.00000
-30.01213 0.00000
-30.00006 0.00000
-29.98977 0.00000
-29.97890 0.00000
-29.96728 0.00000
-29.96515 0.00000
-29.93449 0.00000
-29.92656 0.00000
-29.92458 0.00000
-29.85620 0.00000
-29.74016 0.00000
-29.70403 0.00000
-29.69676 0.00000
-29.69494 0.00000
-29.68530 0.00000
-29.63769 0.00000
-29.61398 0.00000
-29.61227 0.00000
-29.60422 0.00000
-29.59361 0.00000
-29.58401 0.00000
-29.57471 0.00000
-29.55969 0.00000
-29.54128 0.00000
-29.53829 0.00000
-29.49153 0.00000
-29.46700 0.00000
-29.42833 0.00000
-29.37859 0.00000
-29.37568 0.00000
-29.33370 0.00000
-29.32733 0.00000
-29.31095 0.00000
-29.30740 0.00000
-29.30591 0.00000
-29.28872 0.00000
-29.28536 0.00000
-29.26373 0.00000
-29.26193 0.00000
-29.25511 0.00000
-29.22885 0.00000
-29.22869 0.00000
-29.22607 0.00000
-29.20317 0.00000
-29.20263 0.00000
-29.20057 0.00000
-29.19198 0.00000
-29.16570 0.00000
-29.15563 0.00000
-29.15386 0.00000
-29.15148 0.00000
-29.13159 0.00000
-29.11145 0.00000
-29.09524 0.00000
-29.09006 0.00000
-29.07891 0.00000
-29.06896 0.00000
-29.03201 0.00000
-29.01159 0.00000
-28.97251 0.00000
-28.96359 0.00000
-28.92948 0.00000
-28.91425 0.00000
-28.87972 0.00000
-28.85515 0.00000
-28.85475 0.00000
-28.85020 0.00000
-28.84459 0.00000
-28.84284 0.00000
-28.84277 0.00000
-28.82191 0.00000
-28.82125 0.00000
-28.81216 0.00000
-28.78517 0.00000
-28.78150 0.00000
-28.77552 0.00000
-28.70642 0.00000
-28.68544 0.00000
-28.67929 0.00000
-28.63487 0.00000
-28.56397 0.00000
-28.53785 0.00000
-28.53778 0.00000
-28.53259 0.00000
-28.48500 0.00000
-28.46585 0.00000
-28.46557 0.00000
-28.45468 0.00000
-28.44493 0.00000
-28.42861 0.00000
-28.38631 0.00000
-28.38517 0.00000
-28.36593 0.00000
-28.35223 0.00000
-28.34307 0.00000
-28.33516 0.00000
-28.25285 0.00000
-28.22328 0.00000
-28.19905 0.00000
-28.15382 0.00000
-28.15372 0.00000
-28.15074 0.00000
-28.14514 0.00000
-28.14414 0.00000
-28.12841 0.00000
-28.12138 0.00000
-28.07754 0.00000
-28.05102 0.00000
-28.01876 0.00000
-27.95919 0.00000
-27.95829 0.00000
-27.95652 0.00000
-27.94727 0.00000
-27.93241 0.00000
-27.92787 0.00000
-27.90668 0.00000
-27.84087 0.00000
-27.84078 0.00000
-27.83254 0.00000
-27.79481 0.00000
-27.59612 0.00000
-27.59196 0.00000
-27.56522 0.00000
-27.42133 0.00000
-27.39208 0.00000
-27.33012 0.00000
-27.31172 0.00000
-27.27708 0.00000
-27.25436 0.00000
-27.19407 0.00000
-27.14151 0.00000
-27.12997 0.00000
-27.11343 0.00000
-27.10264 0.00000
-27.03324 0.00000
-27.02866 0.00000
-27.02149 0.00000
-26.95215 0.00000
-26.93902 0.00000
-26.92948 0.00000
-26.91630 0.00000
-26.85023 0.00000
-26.83565 0.00000
-26.81390 0.00000
-26.80137 0.00000
-26.77255 0.00000
-26.72803 0.00000
-26.72679 0.00000
-26.65301 0.00000
-26.64305 0.00000
-26.62698 0.00000
-26.58692 0.00000
-26.53225 0.00000
-26.53121 0.00000
-26.51148 0.00000
-26.49960 0.00000
-26.43029 0.00000
-26.41968 0.00000
-26.39148 0.00000
-26.37174 0.00000
-26.36486 0.00000
-26.36480 0.00000
-26.33341 0.00000
-26.23218 0.00000
-26.20086 0.00000
-26.20080 0.00000
-26.13021 0.00000
-26.12925 0.00000
-26.08920 0.00000
-26.05956 0.00000
-25.99630 0.00000
-25.98270 0.00000
-25.97695 0.00000
-25.96524 0.00000
-25.93891 0.00000
-25.90123 0.00000
-25.88863 0.00000
-25.86259 0.00000
-25.79468 0.00000
-25.75310 0.00000
-25.72379 0.00000
-25.67103 0.00000
-25.59166 0.00000
-25.58396 0.00000
-25.53726 0.00000
-25.53576 0.00000
-25.51126 0.00000
-25.49163 0.00000
-25.46845 0.00000
-25.44967 0.00000
-25.41781 0.00000
-25.41769 0.00000
-25.39097 0.00000
-25.36218 0.00000
-25.33174 0.00000
-25.21070 0.00000
-25.19856 0.00000
-25.19703 0.00000
-25.19672 0.00000
-25.13584 0.00000
-25.13580 0.00000
-25.09885 0.00000
-25.02951 0.00000
-24.97466 0.00000
-24.89630 0.00000
-24.83883 0.00000
-24.83877 0.00000
-24.81584 0.00000
-24.76509 0.00000
-24.53209 0.00000
-24.47389 0.00000
-24.45591 0.00000
-24.35206 0.00000
-24.30666 0.00000
-24.23230 0.00000
-24.19270 0.00000
-24.17048 0.00000
-24.15235 0.00000
-24.15135 0.00000
-24.11571 0.00000
-24.07894 0.00000
-24.07108 0.00000
-24.06239 0.00000
-24.04299 0.00000
-23.96755 0.00000
-23.90170 0.00000
-23.73393 0.00000
-23.70806 0.00000
-23.70600 0.00000
-23.67692 0.00000
-23.66118 0.00000
-23.63958 0.00000
-23.59061 0.00000
-23.56251 0.00000
-23.54223 0.00000
-23.54062 0.00000
-23.52918 0.00000
-23.48609 0.00000
-23.46896 0.00000
-23.45201 0.00000
-23.45041 0.00000
-23.42196 0.00000
-23.33728 0.00000
-23.32636 0.00000
-23.31222 0.00000
-23.27216 0.00000
-23.25688 0.00000
-23.23084 0.00000
-23.20884 0.00000
-23.18431 0.00000
-23.17126 0.00000
-23.12106 0.00000
-23.06604 0.00000
-23.04144 0.00000
-22.93881 0.00000
-22.93874 0.00000
-22.91870 0.00000
-22.89095 0.00000
-22.87937 0.00000
-22.85139 0.00000
-22.82590 0.00000
-22.78131 0.00000
-22.77899 0.00000
-22.74996 0.00000
-22.70713 0.00000
-22.70191 0.00000
-22.62624 0.00000
-22.54947 0.00000
-22.51641 0.00000
-22.44771 0.00000
-22.44093 0.00000
-22.43008 0.00000
-22.42866 0.00000
-22.39968 0.00000
-22.39590 0.00000
-22.35656 0.00000
-22.28634 0.00000
-22.10405 0.00000
-21.91812 0.00000
-21.89839 0.00000
-21.86816 0.00000
-21.83239 0.00000
-21.71399 0.00000
-21.70144 0.00000
-21.69069 0.00000
-21.66736 0.00000
-21.64799 0.00000
-21.61483 0.00000
-21.61474 0.00000
-21.60654 0.00000
-21.55978 0.00000
-21.52992 0.00000
-21.45341 0.00000
-21.44204 0.00000
-21.31200 0.00000
-21.30325 0.00000
-21.25681 0.00000
-21.25669 0.00000
-21.17839 0.00000
-21.13510 0.00000
-21.09854 0.00000
-21.05705 0.00000
-21.04764 0.00000
-20.89689 0.00000
-20.87580 0.00000
-20.87571 0.00000
-20.83257 0.00000
-20.80190 0.00000
-20.79607 0.00000
-20.75460 0.00000
-20.62863 0.00000
-20.43189 0.00000
-20.41581 0.00000
-20.18317 0.00000
-20.16517 0.00000
-20.16140 0.00000
-20.08256 0.00000
-20.03993 0.00000
-20.03526 0.00000
-20.01597 0.00000
-19.95439 0.00000
-19.91381 0.00000
-19.91380 0.00000
-19.90962 0.00000
-19.83655 0.00000
-19.83273 0.00000
-19.65560 0.00000
-19.61013 0.00000
-19.56277 0.00000
-19.55830 0.00000
-19.55007 0.00000
-19.50205 0.00000
-19.44381 0.00000
-19.44372 0.00000
-19.41650 0.00000
-19.29823 0.00000
-19.29460 0.00000
-19.28832 0.00000
-19.24499 0.00000
-19.16053 0.00000
-19.13298 0.00000
-19.05800 0.00000
-19.01603 0.00000
-18.96346 0.00000
-18.90583 0.00000
-18.90577 0.00000
-18.86256 0.00000
-18.76640 0.00000
-18.64821 0.00000
-18.59030 0.00000
-18.55956 0.00000
-18.54878 0.00000
-18.46419 0.00000
-18.44197 0.00000
-18.42614 0.00000
-18.39282 0.00000
-18.24944 0.00000
-18.09151 0.00000
-18.02452 0.00000
-17.91546 0.00000
-17.91270 0.00000
-17.66139 0.00000
-17.61399 0.00000
-17.61137 0.00000
-17.57575 0.00000
-17.55960 0.00000
-17.49141 0.00000
-17.37348 0.00000
-17.35616 0.00000
-17.32923 0.00000
-17.18952 0.00000
-17.06895 0.00000
-17.02556 0.00000
-17.01275 0.00000
-16.92585 0.00000
-16.82897 0.00000
-16.80735 0.00000
-16.72204 0.00000
-16.71146 0.00000
-16.62429 0.00000
-16.54353 0.00000
-16.52452 0.00000
-16.50320 0.00000
-16.49084 0.00000
-15.32796 0.00000
-15.12132 0.00000
-15.09313 0.00000
-15.04261 0.00000
-14.71766 0.00000
-14.65668 0.00000
-14.60969 0.00000
-14.58697 0.00000
-14.54193 0.00000
-14.11060 0.00000
-14.03356 0.00000
-13.90298 0.00000
-13.29356 0.00000
-13.21566 0.00000
-12.59314 0.00000
-12.23644 0.00000
-11.96208 0.00000
-11.93430 0.00000
-11.83966 0.00000
-11.62982 0.00000
-11.55842 0.00000
-11.37962 0.00000
-11.32789 0.00000
-11.31594 0.00000
-11.25106 0.00000
-11.08515 0.00000
-10.94766 0.00000
-10.83994 0.00000
-10.76432 0.00000
-10.44300 0.00000
-10.35230 0.00000
-10.26962 0.00000
-10.24522 0.00000
-5.74702 0.00000
-5.12957 0.00000
-5.04928 0.00000
0.73013 0.17115
1.74940 0.06234
4.43288 0.21595
6.86431 0.00000
7.16547 0.00003
7.88604 0.00000
8.18688 0.00001
8.39487 0.00001
8.63814 0.00009
8.63824 0.00009
8.85390 0.00000
9.44333 0.00001
9.45823 0.00007
9.47272 0.00000
9.52367 0.00000
9.63441 0.00026
9.67685 0.00016
9.87470 0.00000
9.94274 0.00026
10.56293 0.00000
10.66874 0.00001
10.86374 0.00003
11.99579 0.00007
12.02512 0.00000
12.07896 0.00000
12.44713 0.00001
12.47609 0.00112
12.50416 0.00000
12.50420 0.00000
12.55437 0.00000
12.61030 0.00000
13.22729 0.00041
13.34652 0.00001
13.50811 0.00000
13.56487 0.00000
13.62018 0.00021
13.67064 0.00000
14.57531 0.00000
14.67502 0.00010
14.82371 0.00000
14.88084 0.00000
15.12884 0.00000
15.62861 0.00000
15.64240 0.00000
15.65578 0.00000
15.70332 0.00000
15.86395 0.00000
15.93413 0.00000
15.94781 0.00000
15.96126 0.00000
16.00883 0.00000
16.09772 0.00001
16.15183 0.00000
16.16834 0.00000
16.45582 0.00000
16.54124 0.00000
16.60083 0.00009
16.78885 0.00000
17.36692 0.00000
17.49623 0.00064
17.59284 0.00000
17.60678 0.00000
17.61366 0.00001
17.62076 0.00000
17.66952 0.00000
17.82497 0.00000
18.11094 0.00000
18.16208 0.00000
18.16221 0.00000
18.18968 0.00000
18.24060 0.00000
18.41912 0.00000
18.43315 0.00000
18.44697 0.00000
18.46711 0.00000
18.49482 0.00000
18.54558 0.00000
18.60127 0.00000
18.65041 0.00001
18.65684 0.00000
18.65838 0.00000
18.69456 0.00000
18.76013 0.00000
18.76027 0.00000
18.83357 0.00000
18.90592 0.00000
18.93506 0.00001
18.96132 0.00000
18.96267 0.00001
19.06442 0.00000
19.41229 0.00000
19.66518 0.00000
19.66529 0.00000
19.71656 0.00000
19.72056 0.00000
19.72956 0.00000
19.82323 0.00000
19.85487 0.00000
19.85805 0.00000
19.86779 0.00000
19.87621 0.00000
19.91052 0.00000
19.94312 0.00000
19.96999 0.00000
20.02506 0.00000
20.12763 0.00000
20.13358 0.00000
20.16193 0.00000
20.16757 0.00001
20.21403 0.00000
20.32782 0.00000
20.42315 0.00000
20.42325 0.00000
20.42489 0.00000
20.45032 0.00000
20.48852 0.00000
20.53039 0.00000
20.57774 0.00000
20.59193 0.00000
20.62555 0.00000
20.63412 0.00000
20.73890 0.00000
20.78210 0.00000
20.91624 0.00000
20.94601 0.00002
20.95151 0.00000
20.97950 0.00000
21.03068 0.00000
21.22576 0.00000
21.37861 0.00000
21.38968 0.00000
21.44406 0.00002
21.44491 0.00000
21.45799 0.00000
21.48087 0.00000
21.49611 0.00000
21.51446 0.00000
21.54767 0.00000
21.62530 0.00000
21.64030 0.00000
21.69637 0.00000
21.80074 0.00000
21.81854 0.00000
21.82216 0.00000
21.82223 0.00000
21.98253 0.00001
22.19762 0.00001
22.24082 0.00000
22.30205 0.00000
22.36061 0.00000
22.37041 0.00000
22.45339 0.00000
22.48562 0.00000
22.50001 0.00000
22.50831 0.00000
22.54477 0.00000
22.61054 0.00000
22.68098 0.00000
22.70389 0.00000
22.73277 0.00001
22.75896 0.00000
22.77241 0.00003
22.86886 0.00000
22.88117 0.00000
22.90368 0.00000
22.91151 0.00000
23.06466 0.00000
23.20534 0.00000
23.23079 0.00000
23.36671 0.00000
23.46966 0.00000
23.52276 0.00000
23.68493 0.00000
23.71876 0.00000
23.72275 0.00000
23.74262 0.00000
23.76643 0.00000
23.78592 0.00000
23.79404 0.00001
23.80193 0.00000
23.81618 0.00000
23.81621 0.00000
23.83056 0.00000
23.83515 0.00000
23.83530 0.00000
23.84238 0.00000
23.85013 0.00001
23.85554 0.00000
23.90659 0.00000
23.94419 0.00001
23.94423 0.00001
23.96298 0.00000
23.97691 0.00000
23.99099 0.00001
24.09538 0.00000
24.14357 0.00000
24.15360 0.00000
24.22274 0.00000
24.22518 0.00000
24.22935 0.00000
24.26229 0.00000
24.28547 0.00000
24.31157 0.00000
24.42148 0.00000
24.44113 0.00000
24.44124 0.00000
24.47008 0.00000
24.60748 0.00002
24.73784 0.00000
24.82933 0.00000
24.83074 0.00000
24.84128 0.00000
24.86024 0.00000
24.99280 0.00001
25.02692 0.00000
25.21363 0.00001
25.54372 0.00001
25.65691 0.00000
26.22165 0.00000
26.23665 0.00000
26.26131 0.00000
26.26591 0.00000
26.31331 0.00000
26.33296 0.00000
26.37999 0.00000
26.41414 0.00000
26.47935 0.00000
26.51207 0.00004
26.62367 0.00000
26.64408 0.00000
26.65977 0.00000
26.67485 0.00000
26.71996 0.00000
26.78539 0.00000
26.78864 0.00000
26.82165 0.00000
26.89036 0.00000
26.90455 0.00000
26.91445 0.00000
26.92457 0.00000
26.95131 0.00000
26.96356 0.00000
26.98382 0.00000
26.99063 0.00000
27.08439 0.00000
27.08996 0.00000
27.15352 0.00001
27.16506 0.00000
27.21611 0.00000
27.22719 0.00000
27.26917 0.00000
27.38602 0.00000
27.43406 0.00000
27.43717 0.00000
27.43720 0.00000
27.45641 0.00000
27.48491 0.00000
27.56733 0.00000
27.74314 0.00000
27.87266 0.00000
27.88136 0.00000
27.88963 0.00000
27.89132 0.00000
27.89490 0.00000
27.97243 0.00000
27.98897 0.00000
28.00693 0.00000
28.03194 0.00000
28.03910 0.00000
28.04208 0.00000
28.05189 0.00000
28.05528 0.00000
28.06473 0.00000
28.11763 0.00001
28.16177 0.00000
28.18172 0.00000
28.20473 0.00000
28.22163 0.00000
28.26194 0.00000
28.28727 0.00000
28.30553 0.00000
28.36555 0.00000
28.40011 0.00000
28.44267 0.00000
28.46992 0.00000
28.51984 0.00000
28.56666 0.00000
28.61899 0.00000
28.63002 0.00000
28.65819 0.00000
28.68845 0.00000
28.69240 0.00001
28.70271 0.00000
28.76583 0.00000
28.76937 0.00000
28.77037 0.00000
28.77241 0.00000
28.78995 0.00000
28.81083 0.00000
28.94587 0.00000
28.98933 0.00000
28.99375 0.00000
29.00224 0.00000
29.00566 0.00000
29.02603 0.00000
29.05341 0.00000
29.07972 0.00000
29.11868 0.00000
29.13449 0.00000
29.14567 0.00000
29.20341 0.00000
29.20626 0.00000
29.20878 0.00000
29.26914 0.00000
29.26927 0.00000
29.28780 0.00000
29.31587 0.00000
29.32147 0.00000
29.34149 0.00000
29.42315 0.00000
29.44958 0.00000
29.51869 0.00000
29.52738 0.00000
29.53596 0.00000
29.53960 0.00000
29.56362 0.00000
29.56691 0.00000
29.57720 0.00000
29.57723 0.00000
29.59437 0.00000
29.60274 0.00000
29.62490 0.00000
29.68850 0.00000
29.69291 0.00000
29.69945 0.00000
29.71682 0.00000
29.72690 0.00000
29.73688 0.00000
29.75477 0.00000
29.75957 0.00000
29.77317 0.00001
29.78854 0.00000
29.79693 0.00000
29.81639 0.00000
29.83848 0.00000
29.84361 0.00000
29.85032 0.00000
29.85304 0.00000
29.85490 0.00000
29.87691 0.00000
29.87998 0.00000
29.88347 0.00000
29.88434 0.00000
30.03728 0.00000
30.03970 0.00000
30.04539 0.00000
30.06418 0.00000
30.06426 0.00000
30.06588 0.00000
30.08150 0.00000
30.08307 0.00000
30.09093 0.00000
30.09565 0.00000
30.10611 0.00000
30.11436 0.00000
30.12406 0.00000
30.14279 0.00000
30.17253 0.00000
30.17969 0.00000
30.20078 0.00000
30.21891 0.00000
30.22232 0.00000
30.22586 0.00000
30.28311 0.00000
30.29374 0.00000
30.31697 0.00000
30.31927 0.00000
30.32382 0.00000
30.33852 0.00000
30.35419 0.00000
30.35676 0.00000
30.36442 0.00000
30.41569 0.00000
30.41914 0.00000
30.41921 0.00000
30.43013 0.00000
30.43812 0.00000
30.45710 0.00000
30.45916 0.00000
30.46144 0.00000
30.48200 0.00000
30.49303 0.00000
30.50354 0.00000
30.50843 0.00000
30.51208 0.00000
30.52936 0.00000
30.55079 0.00000
30.55354 0.00000
30.55433 0.00000
30.57110 0.00000
30.57226 0.00000
30.59904 0.00000
30.61461 0.00000
30.61536 0.00000
30.62002 0.00000
30.62776 0.00000
30.63469 0.00000
30.64758 0.00000
30.65203 0.00000
30.70358 0.00000
30.70864 0.00000
30.74369 0.00000
30.77169 0.00000
30.78277 0.00000
30.78435 0.00000
30.79884 0.00000
30.80669 0.00000
30.80900 0.00000
30.83982 0.00000
30.84215 0.00000
30.85631 0.00000
30.86419 0.00000
30.86429 0.00000
30.86741 0.00000
30.87021 0.00000
30.87129 0.00000
30.87282 0.00000
30.87964 0.00000
30.88936 0.00000
30.89310 0.00000
30.91150 0.00000
30.96956 0.00000
30.99586 0.00000
31.00228 0.00000
31.04502 0.00000
31.05520 0.00000
31.05523 0.00000
31.10520 0.00000
31.13169 0.00000
31.14785 0.00000
31.15413 0.00000
31.17949 0.00000
31.36118 0.00000
31.36124 0.00000
31.42042 0.00000
31.44545 0.00000
31.50988 0.00000
31.57577 0.00000
31.58570 0.00000
31.58711 0.00000
31.58909 0.00000
31.61211 0.00000
31.61231 0.00000
31.61553 0.00000
31.62047 0.00000
31.64057 0.00000
31.64960 0.00000
31.65896 0.00000
31.69748 0.00000
31.72263 0.00000
31.73852 0.00000
31.76082 0.00000
31.76517 0.00000
31.76520 0.00000
31.78005 0.00000
31.79030 0.00000
31.83145 0.00000
31.84600 0.00000
31.85016 0.00000
31.85943 0.00000
31.88138 0.00000
31.88476 0.00000
31.91178 0.00000
31.91467 0.00000
31.91805 0.00000
31.92249 0.00000
31.92541 0.00000
31.93986 0.00000
31.94082 0.00000
31.95816 0.00000
31.95824 0.00000
31.98360 0.00000
31.99364 0.00000
32.00162 0.00000
32.02169 0.00000
32.02277 0.00000
32.03082 0.00000
32.05444 0.00000
32.05808 0.00000
32.06107 0.00000
32.06697 0.00000
32.06963 0.00000
32.07973 0.00000
32.08915 0.00000
32.10710 0.00000
32.11972 0.00000
32.13876 0.00000
32.18440 0.00000
32.18848 0.00000
32.20014 0.00000
32.23740 0.00000
32.24607 0.00001
32.24622 0.00000
32.28543 0.00000
32.29417 0.00000
32.29421 0.00000
32.30075 0.00000
32.31782 0.00000
32.32719 0.00000
32.32726 0.00000
32.33514 0.00000
32.34647 0.00000
32.35699 0.00000
32.38049 0.00000
32.43153 0.00000
32.43336 0.00000
32.43662 0.00000
32.44518 0.00000
32.45497 0.00000
32.45583 0.00000
32.47527 0.00000
32.47791 0.00000
32.49223 0.00000
32.49603 0.00000
32.51006 0.00000
32.51476 0.00000
32.54024 0.00000
32.54541 0.00000
32.55216 0.00000
32.55231 0.00000
32.57153 0.00000
32.62498 0.00000
32.62982 0.00000
32.64056 0.00000
32.65671 0.00000
32.67326 0.00000
32.69737 0.00000
32.71235 0.00000
32.71766 0.00000
32.72279 0.00000
32.72467 0.00000
32.82526 0.00000
32.82658 0.00000
32.84669 0.00000
32.85342 0.00000
32.85556 0.00000
32.85838 0.00000
32.86138 0.00000
32.86651 0.00000
32.86929 0.00000
32.87914 0.00000
32.89041 0.00000
32.90191 0.00000
32.96235 0.00000
32.99592 0.00000
32.99973 0.00000
33.00450 0.00000
33.00907 0.00000
33.00921 0.00000
33.01299 0.00000
33.03475 0.00000
33.04597 0.00000
33.05447 0.00000
33.13824 0.00000
33.15628 0.00000
33.18660 0.00000
33.20217 0.00000
33.20225 0.00000
33.22256 0.00000
33.24540 0.00000
33.26381 0.00000
33.26614 0.00000
33.26633 0.00000
33.27291 0.00000
33.31327 0.00000
33.31452 0.00000
33.31524 0.00000
33.34075 0.00000
33.35300 0.00000
33.36271 0.00001
33.37893 0.00000
33.38036 0.00000
33.38189 0.00000
33.42559 0.00000
33.43168 0.00001
33.45301 0.00000
33.46157 0.00000
33.46619 0.00000
33.46622 0.00000
33.48341 0.00000
33.50118 0.00000
33.50170 0.00000
33.50990 0.00000
33.55575 0.00000
33.57052 0.00000
33.57611 0.00000
33.57775 0.00000
33.58374 0.00000
33.59791 0.00000
33.59893 0.00000
33.61964 0.00000
33.64239 0.00000
33.71870 0.00000
33.72032 0.00000
33.72695 0.00000
33.74018 0.00000
33.74024 0.00000
33.75716 0.00000
33.75851 0.00000
33.79672 0.00000
33.79975 0.00000
33.86314 0.00000
33.87659 0.00001
33.88154 0.00000
33.90347 0.00000
33.96087 0.00000
33.98681 0.00000
33.98990 0.00000
34.04173 0.00000
34.06184 0.00000
34.07944 0.00000
34.09888 0.00000
34.10017 0.00000
34.10025 0.00000
34.11707 0.00000
34.14225 0.00000
34.15686 0.00000
34.16048 0.00000
34.18646 0.00000
34.19431 0.00000
34.29276 0.00000
34.31005 0.00000
34.32752 0.00000
34.33401 0.00000
34.34168 0.00000
34.36386 0.00000
34.36810 0.00000
34.37235 0.00000
34.38051 0.00000
34.40815 0.00000
34.42011 0.00000
34.42291 0.00000
34.44640 0.00000
34.45287 0.00000
34.47536 0.00000
34.47709 0.00000
34.47723 0.00000
34.52963 0.00000
34.54741 0.00000
34.62354 0.00000
34.65015 0.00000
34.65276 0.00000
34.67187 0.00000
34.68678 0.00001
34.69376 0.00002
34.71183 0.00000
34.74623 0.00000
34.78569 0.00000
34.78848 0.00000
34.82605 0.00000
34.84246 0.00000
34.94131 0.00001
34.97010 0.00000
34.99358 0.00000
35.02112 0.00000
35.09929 0.00000
35.12159 0.00000
35.12587 0.00000
35.15449 0.00000
35.23270 0.00000
35.24789 0.00000
35.27374 0.00000
35.35597 0.00000
35.37519 0.00000
35.37521 0.00000
35.37845 0.00000
35.39346 0.00000
35.41920 0.00000
35.41927 0.00000
35.43271 0.00000
35.45679 0.00000
35.54838 0.00000
35.55882 0.00000
35.60249 0.00000
35.63782 0.00000
35.64074 0.00000
35.64838 0.00000
35.69506 0.00000
35.69635 0.00000
35.69890 0.00000
35.70361 0.00000
35.70776 0.00000
35.72703 0.00000
35.72730 0.00000
35.74553 0.00000
35.76772 0.00000
35.78191 0.00000
35.83887 0.00000
35.86216 0.00000
35.86227 0.00000
35.86659 0.00002
35.87976 0.00000
35.89829 0.00000
35.91103 0.00000
35.95770 0.00000
35.98707 0.00000
36.00692 0.00000
36.04241 0.00000
36.04887 0.00000
36.07431 0.00000
36.08881 0.00000
36.18095 0.00000
36.18803 0.00000
36.18995 0.00000
36.22361 0.00000
36.23269 0.00000
36.26247 0.00000
36.30901 0.00000
36.33274 0.00000
36.33529 0.00000
36.42786 0.00000
36.44910 0.00000
36.46181 0.00000
36.62728 0.00000
36.63914 0.00000
36.63923 0.00000
36.65768 0.00001
36.67667 0.00000
36.68460 0.00000
36.71839 0.00000
36.77985 0.00000
36.78033 0.00000
36.78603 0.00000
36.79546 0.00000
36.84259 0.00000
36.87899 0.00001
36.94611 0.00001
37.02509 0.00000
37.03735 0.00000
37.16776 0.00000
37.23123 0.00000
37.23615 0.00000
37.23643 0.00000
37.25434 0.00000
37.25594 0.00000
37.30601 0.00001
37.31368 0.00000
37.36712 0.00000
37.36723 0.00000
37.38806 0.00002
37.49552 0.00000
37.51484 0.00000
37.53205 0.00000
37.55383 0.00000
37.59961 0.00000
37.61932 0.00000
37.63684 0.00000
37.68694 0.00000
37.71673 0.00000
37.74021 0.00000
37.76186 0.00000
37.90647 0.00000
37.93515 0.00000
37.94487 0.00000
37.95000 0.00000
37.96691 0.00000
38.02296 0.00000
38.03384 0.00000
38.06083 0.00000
38.06716 0.00000
38.06735 0.00000
38.15017 0.00000
38.15022 0.00000
38.15331 0.00000
38.16238 0.00000
38.16675 0.00000
38.16739 0.00000
38.18639 0.00000
38.18720 0.00000
38.19750 0.00000
38.20715 0.00000
38.20731 0.00000
38.22341 0.00000
38.25554 0.00000
38.27627 0.00000
38.28300 0.00000
38.28326 0.00000
38.28454 0.00004
38.30006 0.00000
38.31467 0.00000
38.32476 0.00000
38.34156 0.00000
38.34954 0.00000
38.35715 0.00000
38.36282 0.00001
38.40743 0.00001
38.40847 0.00000
38.43302 0.00000
38.46944 0.00000
38.51231 0.00000
38.64304 0.00000
38.68887 0.00000
38.69424 0.00000
38.86049 0.00000
38.87466 0.00000
38.94236 0.00000
38.94444 0.00000
38.96091 0.00000
39.14362 0.00000
39.14819 0.00000
39.14840 0.00000
39.18097 0.00000
39.20698 0.00002
39.23251 0.00000
39.25426 0.00000
39.27993 0.00000
39.29444 0.00000
39.31834 0.00000
39.33927 0.00000
39.36208 0.00000
39.36520 0.00000
39.37598 0.00002
39.38692 0.00000
39.38777 0.00000
39.40019 0.00001
39.40910 0.00000
39.41187 0.00000
39.43260 0.00000
39.43364 0.00000
39.45942 0.00000
39.55254 0.00000
39.58000 0.00000
39.68072 0.00000
39.71164 0.00000
39.80471 0.00001
39.94326 0.00000
40.06335 0.00000
40.12680 0.00000
40.22154 0.00000
40.32201 0.00000
40.34579 0.00000
40.36802 0.00000
40.37305 0.00000
40.48217 0.00000
40.48223 0.00000
40.49445 0.00000
40.50332 0.00000
40.53651 0.00000
40.58504 0.00000
40.59144 0.00000
40.60593 0.00000
40.62280 0.00000
40.65144 0.00000
40.66684 0.00000
40.70055 0.00000
40.74026 0.00000
40.75413 0.00000
40.75420 0.00000
40.77086 0.00000
40.77451 0.00000
40.83330 0.00000
40.86361 0.00000
40.86633 0.00000
40.89264 0.00000
40.92316 0.00000
40.92986 0.00000
40.98695 0.00000
41.00934 0.00000
41.02057 0.00000
41.05907 0.00000
41.10441 0.00000
41.11190 0.00000
41.13241 0.00000
41.13828 0.00000
41.13978 0.00000
41.14571 0.00000
41.18688 0.00000
41.19244 0.00000
41.20664 0.00000
41.21937 0.00000
41.22741 0.00000
41.23166 0.00000
41.25572 0.00000
41.29887 0.00000
41.33139 0.00000
41.33598 0.00000
41.33891 0.00000
41.35246 0.00000
41.38418 0.00000
41.39467 0.00000
41.42117 0.00000
41.50011 0.00000
41.52905 0.00000
41.62450 0.00000
41.64165 0.00003
41.68375 0.00000
41.77009 0.00000
41.81451 0.00000
41.82107 0.00000
41.93276 0.00000
41.94602 0.00000
41.95207 0.00000
41.96372 0.00000
41.97185 0.00000
42.00210 0.00000
42.01934 0.00000
42.04202 0.00000
42.04652 0.00000
42.05511 0.00000
42.05559 0.00000
42.05621 0.00000
42.07956 0.00000
42.10656 0.00000
42.12166 0.00000
42.12913 0.00000
42.12931 0.00000
42.15881 0.00000
42.16441 0.00000
42.17794 0.00000
42.23363 0.00000
42.23798 0.00000
42.24133 0.00000
42.24229 0.00000
42.26084 0.00000
42.26368 0.00000
42.26450 0.00000
42.27579 0.00000
42.29965 0.00000
42.31100 0.00000
42.32638 0.00000
42.33758 0.00000
42.34158 0.00000
42.35378 0.00000
42.37469 0.00000
42.38031 0.00001
42.40596 0.00000
42.41970 0.00000
42.42397 0.00000
42.45145 0.00000
42.45540 0.00000
42.47465 0.00000
42.49403 0.00000
42.50239 0.00000
42.53864 0.00000
42.55172 0.00000
42.55630 0.00000
42.55874 0.00000
42.57273 0.00000
42.59579 0.00000
42.60489 0.00000
42.60972 0.00000
42.62475 0.00000
42.63232 0.00000
42.66375 0.00000
42.66949 0.00000
42.68551 0.00000
42.69093 0.00000
42.69670 0.00000
42.70471 0.00000
42.70527 0.00000
42.74409 0.00000
42.74507 0.00000
42.75831 0.00000
42.76176 0.00001
42.77502 0.00000
42.79102 0.00000
42.80703 0.00000
42.82506 0.00000
42.82955 0.00000
42.87949 0.00000
42.88657 0.00000
42.90903 0.00000
42.91535 0.00000
42.93010 0.00000
42.93741 0.00000
42.94080 0.00000
42.94508 0.00000
42.96030 0.00000
42.99996 0.00000
43.03451 0.00000
43.07651 0.00000
43.07946 0.00000
43.10674 0.00000
43.10748 0.00000
43.12017 0.00000
43.13079 0.00000
43.16791 0.00000
43.19016 0.00000
43.20407 0.00000
43.22652 0.00000
43.23006 0.00000
43.23396 0.00000
43.24680 0.00000
43.24957 0.00000
43.25863 0.00000
43.29025 0.00000
43.30534 0.00000
43.31642 0.00000
43.37976 0.00000
43.39198 0.00001
43.42652 0.00000
43.43456 0.00000
43.56084 0.00000
43.61662 0.00000
43.63065 0.00000
43.65573 0.00000
43.66076 0.00000
43.66901 0.00000
43.67896 0.00000
43.68175 0.00000
43.69193 0.00000
43.69672 0.00000
43.70232 0.00000
43.70951 0.00000
43.71313 0.00000
43.73654 0.00000
43.74226 0.00000
43.75307 0.00000
43.75679 0.00000
43.81343 0.00000
43.81593 0.00000
43.81984 0.00000
43.82145 0.00000
43.83748 0.00000
43.84814 0.00002
43.85154 0.00000
43.85487 0.00000
43.85815 0.00000
43.87341 0.00000
43.88451 0.00000
43.89315 0.00000
43.89518 0.00000
43.89890 0.00000
43.90172 0.00000
43.90988 0.00000
43.93400 0.00000
43.94202 0.00000
43.97608 0.00000
43.97957 0.00000
43.98365 0.00000
43.98756 0.00000
43.98904 0.00000
43.99599 0.00000
44.00430 0.00000
44.00735 0.00000
44.00986 0.00000
44.04311 0.00000
44.04848 0.00000
44.05199 0.00000
44.05726 0.00000
44.07212 0.00000
44.07231 0.00001
44.10844 0.00000
44.11073 0.00000
44.14262 0.00000
44.15955 0.00000
44.16188 0.00000
44.16234 0.00000
44.16846 0.00000
44.18707 0.00000
44.23665 0.00000
44.23994 0.00000
44.28105 0.00000
44.28594 0.00000
44.29272 0.00000
44.29587 0.00000
44.29736 0.00000
44.31823 0.00000
44.32062 0.00000
44.33154 0.00000
44.34011 0.00000
44.35781 0.00000
44.36068 0.00000
44.37062 0.00000
44.37873 0.00000
44.40361 0.00000
44.45403 0.00000
44.45914 0.00000
44.46352 0.00000
44.46458 0.00000
44.47532 0.00000
44.47639 0.00000
44.48596 0.00000
44.50161 0.00000
44.50903 0.00000
44.52202 0.00000
44.52353 0.00000
44.52511 0.00000
44.53411 0.00000
44.54111 0.00000
44.54140 0.00000
44.54470 0.00000
44.55341 0.00000
44.58520 0.00000
44.60896 0.00000
44.61089 0.00000
44.61604 0.00000
44.62690 0.00000
44.62944 0.00000
44.63113 0.00000
44.64555 0.00000
44.68569 0.00000
44.69180 0.00000
44.69551 0.00000
44.72161 0.00000
44.72548 0.00000
44.73562 0.00000
44.73969 0.00000
44.74341 0.00000
44.75149 0.00000
44.76077 0.00000
44.76585 0.00000
44.76755 0.00000
44.79186 0.00000
44.83482 0.00000
44.83552 0.00000
44.84553 0.00000
44.84668 0.00000
44.86025 0.00000
44.88468 0.00000
44.89919 0.00000
44.89925 0.00000
44.93801 0.00000
44.94061 0.00000
44.95124 0.00000
44.95854 0.00000
45.02991 0.00000
45.03394 0.00000
45.04622 0.00000
45.06525 0.00000
45.08601 0.00000
45.09319 0.00000
45.09467 0.00000
45.10003 0.00000
45.12700 0.00000
45.14044 0.00000
45.14190 0.00000
45.15612 0.00000
45.15855 0.00000
45.16244 0.00000
45.16746 0.00000
45.19279 0.00000
45.21116 0.00000
45.22117 0.00000
45.22123 0.00000
45.22245 0.00000
45.22374 0.00000
45.22472 0.00000
45.23079 0.00000
45.23513 0.00000
45.26817 0.00000
45.27564 0.00000
45.28249 0.00000
45.28422 0.00000
45.28577 0.00000
45.29999 0.00000
45.30120 0.00000
45.30163 0.00000
45.30853 0.00000
45.32302 0.00000
45.32748 0.00000
45.33060 0.00000
45.33137 0.00000
45.33227 0.00000
45.34775 0.00000
45.35526 0.00000
45.35860 0.00000
45.38377 0.00000
45.38619 0.00000
45.39081 0.00000
45.39941 0.00000
45.40203 0.00000
45.40874 0.00000
45.43158 0.00000
45.44122 0.00000
45.44920 0.00000
45.44924 0.00000
45.46085 0.00000
45.49459 0.00000
45.50300 0.00000
45.50690 0.00000
45.51429 0.00000
45.51612 0.00000
45.52058 0.00000
45.53965 0.00000
45.54366 0.00000
45.55633 0.00000
45.56668 0.00000
45.57371 0.00000
45.57649 0.00000
45.60305 0.00000
45.62273 0.00000
45.64203 0.00000
45.64517 0.00000
45.64526 0.00000
45.65417 0.00000
45.65423 0.00000
45.66279 0.00000
45.67420 0.00000
45.67423 0.00000
45.68243 0.00000
45.68894 0.00000
45.70095 0.00000
45.70266 0.00000
45.71178 0.00000
45.71301 0.00000
45.71535 0.00000
45.72486 0.00000
45.73067 0.00000
45.73417 0.00000
45.73458 0.00000
45.73988 0.00000
45.75128 0.00000
45.75534 0.00000
45.75808 0.00000
45.75873 0.00000
45.76084 0.00000
45.76280 0.00000
45.77947 0.00000
45.78617 0.00000
45.78629 0.00000
45.79157 0.00000
45.81566 0.00000
45.81766 0.00000
45.82885 0.00000
45.83355 0.00000
45.84103 0.00000
45.84586 0.00000
45.86174 0.00000
45.86320 0.00000
45.86330 0.00000
45.87501 0.00000
45.88030 0.00000
45.88150 0.00000
45.88291 0.00000
45.89023 0.00000
45.89801 0.00000
45.90501 0.00000
45.90522 0.00000
45.91052 0.00000
45.91538 0.00000
45.92233 0.00000
45.92459 0.00000
45.92859 0.00000
45.93961 0.00000
45.94071 0.00000
45.94318 0.00000
45.94324 0.00000
45.94884 0.00000
45.95480 0.00000
45.97447 0.00000
45.97902 0.00000
45.98061 0.00000
45.99036 0.00000
45.99382 0.00000
45.99471 0.00000
46.00116 0.00000
46.00561 0.00000
46.00913 0.00000
46.03275 0.00000
46.03865 0.00000
46.04146 0.00000
46.04401 0.00000
46.05177 0.00000
46.05312 0.00000
46.05544 0.00000
46.06078 0.00000
46.07291 0.00000
46.09223 0.00000
46.10813 0.00000
46.10899 0.00000
46.11156 0.00000
46.11634 0.00000
46.12232 0.00000
46.12354 0.00000
46.14194 0.00000
46.14539 0.00000
46.15372 0.00000
46.15540 0.00000
46.15979 0.00000
46.16079 0.00000
46.17188 0.00000
46.18116 0.00000
46.19173 0.00000
46.24576 0.00000
46.24730 0.00000
46.25371 0.00000
46.26112 0.00000
46.26530 0.00000
46.26992 0.00000
46.28736 0.00000
46.30048 0.00000
46.31195 0.00000
46.31513 0.00000
46.31525 0.00000
46.32870 0.00000
46.32948 0.00001
46.33389 0.00000
46.33814 0.00000
46.33875 0.00000
46.34184 0.00000
46.35845 0.00000
46.36468 0.00000
46.36938 0.00000
46.37504 0.00000
46.37532 0.00002
46.38413 0.00000
46.38433 0.00000
46.38917 0.00000
46.38956 0.00000
46.39867 0.00000
46.43045 0.00000
46.43575 0.00000
46.43774 0.00000
46.45866 0.00000
46.46014 0.00000
46.47741 0.00000
46.49160 0.00000
46.49552 0.00000
46.50215 0.00000
46.50224 0.00000
46.53006 0.00000
46.53031 0.00000
46.54032 0.00000
46.54381 0.00000
46.54743 0.00000
46.55189 0.00000
46.55354 0.00000
46.55471 0.00000
46.55790 0.00000
46.55828 0.00000
46.56584 0.00000
46.57740 0.00000
46.58019 0.00000
46.58022 0.00000
46.58329 0.00000
46.58680 0.00000
46.59053 0.00000
46.59806 0.00000
46.60886 0.00000
46.62229 0.00000
46.62501 0.00000
46.62522 0.00000
46.63033 0.00000
46.63296 0.00000
46.64285 0.00000
46.67594 0.00000
46.67873 0.00000
46.67990 0.00000
46.68113 0.00000
46.69424 0.00000
46.70849 0.00000
46.73173 0.00000
46.73232 0.00000
46.75919 0.00000
46.77716 0.00000
46.77908 0.00000
46.77926 0.00000
46.78068 0.00000
46.79202 0.00000
46.79559 0.00000
46.80993 0.00000
46.82769 0.00000
46.82870 0.00002
46.84313 0.00000
46.85146 0.00000
46.85507 0.00000
46.87661 0.00000
46.89853 0.00000
46.90446 0.00000
46.91422 0.00000
46.91929 0.00000
46.98841 0.00000
46.99477 0.00000
47.00668 0.00000
47.01701 0.00000
47.01727 0.00000
47.01868 0.00000
47.01940 0.00000
47.02070 0.00000
47.02144 0.00000
47.02465 0.00000
47.04781 0.00000
47.05650 0.00000
47.05940 0.00000
47.07333 0.00000
47.07761 0.00000
47.08964 0.00000
47.09212 0.00000
47.09535 0.00000
47.10466 0.00000
47.11109 0.00000
47.11881 0.00000
47.12897 0.00000
47.13656 0.00000
47.14161 0.00000
47.14766 0.00000
47.16856 0.00000
47.19210 0.00000
47.19326 0.00000
47.20340 0.00000
47.20529 0.00000
47.22179 0.00000
47.22483 0.00000
47.22655 0.00000
47.23506 0.00000
47.24207 0.00000
47.25552 0.00000
47.26113 0.00000
47.26181 0.00000
47.26824 0.00000
47.27274 0.00000
47.27578 0.00000
47.28270 0.00000
47.28363 0.00000
47.28713 0.00001
47.29641 0.00000
47.29757 0.00000
47.30752 0.00000
47.33597 0.00000
47.34232 0.00000
47.35841 0.00000
47.35984 0.00000
47.36209 0.00000
47.36707 0.00000
47.36740 0.00000
47.37772 0.00000
47.38353 0.00000
47.39063 0.00000
47.39219 0.00000
47.39222 0.00000
47.40440 0.00000
47.41363 0.00000
47.41566 0.00000
47.41782 0.00000
47.43612 0.00000
47.43626 0.00000
47.45072 0.00000
47.45364 0.00000
47.46094 0.00000
47.47216 0.00000
47.48154 0.00000
47.48798 0.00000
47.48974 0.00000
47.49458 0.00000
47.51058 0.00000
47.51337 0.00000
47.52718 0.00000
47.52889 0.00000
47.56384 0.00000
47.56727 0.00000
47.57119 0.00000
47.57191 0.00000
47.58315 0.00000
47.59279 0.00000
47.59449 0.00000
47.61063 0.00000
47.61560 0.00000
47.61829 0.00000
47.62285 0.00000
47.63258 0.00000
47.64713 0.00000
47.65509 0.00000
47.67379 0.00000
47.69587 0.00000
47.70583 0.00000
47.71655 0.00000
47.72175 0.00000
47.72757 0.00000
47.73241 0.00000
47.74401 0.00000
47.74992 0.00000
47.75840 0.00000
47.77054 0.00000
47.77811 0.00000
47.79314 0.00000
47.79974 0.00000
47.81121 0.00000
47.82427 0.00000
47.84284 0.00000
47.85898 0.00000
47.86987 0.00000
47.89154 0.00000
47.89530 0.00000
47.90688 0.00000
47.90907 0.00000
47.91039 0.00001
47.91257 0.00000
47.92272 0.00000
47.92565 0.00000
47.92659 0.00000
47.93289 0.00000
47.93323 0.00000
47.93835 0.00000
47.94327 0.00000
47.94952 0.00000
47.95249 0.00000
47.96443 0.00000
47.96885 0.00000
47.98193 0.00000
47.98235 0.00000
47.99347 0.00000
48.00877 0.00000
48.01519 0.00000
48.01524 0.00000
48.01669 0.00000
48.02223 0.00000
48.03057 0.00000
48.03878 0.00000
48.04728 0.00000
48.04994 0.00000
48.05455 0.00000
48.05875 0.00000
48.06482 0.00000
48.09790 0.00000
48.10075 0.00000
48.10215 0.00000
48.10260 0.00000
48.11466 0.00000
48.11692 0.00000
48.13149 0.00000
48.13277 0.00000
48.13976 0.00000
48.15179 0.00000
48.16432 0.00000
48.17078 0.00000
48.18909 0.00000
48.19100 0.00000
48.22344 0.00000
48.22785 0.00000
48.23058 0.00000
48.23948 0.00000
48.25302 0.00000
48.25473 0.00000
48.27270 0.00000
48.27793 0.00000
48.28114 0.00000
48.29722 0.00000
48.30590 0.00000
48.32526 0.00000
48.32626 0.00000
48.33135 0.00000
48.33405 0.00000
48.33520 0.00000
48.33523 0.00000
48.35385 0.00000
48.36289 0.00000
48.36504 0.00000
48.37016 0.00000
48.37075 0.00000
48.38596 0.00000
48.38633 0.00000
48.41095 0.00000
48.42055 0.00000
48.43713 0.00000
48.45104 0.00000
48.45171 0.00000
48.45284 0.00000
48.46536 0.00000
48.46635 0.00000
48.47229 0.00000
48.47712 0.00000
48.48101 0.00000
48.48240 0.00000
48.48407 0.00000
48.48858 0.00000
48.49049 0.00000
48.49883 0.00000
48.51217 0.00000
48.51226 0.00000
48.51795 0.00000
48.52061 0.00000
48.53046 0.00000
48.54133 0.00000
48.54614 0.00000
48.54627 0.00000
48.55227 0.00000
48.57253 0.00000
48.57813 0.00000
48.57824 0.00000
48.57949 0.00000
48.58525 0.00000
48.58775 0.00000
48.60338 0.00000
48.62889 0.00000
48.63575 0.00000
48.64620 0.00000
48.64626 0.00000
48.65080 0.00000
48.66206 0.00000
48.66341 0.00000
48.66980 0.00000
48.67295 0.00000
48.68317 0.00000
48.68491 0.00000
48.68522 0.00000
48.69016 0.00000
48.69102 0.00000
48.69407 0.00000
48.69515 0.00000
48.69585 0.00000
48.70181 0.00000
48.70361 0.00000
48.70768 0.00000
48.72075 0.00000
48.72272 0.00000
48.73473 0.00000
48.74421 0.00000
48.74535 0.00000
48.74853 0.00000
48.75006 0.00000
48.75153 0.00000
48.77031 0.00000
48.77399 0.00000
48.78905 0.00000
48.79226 0.00000
48.79710 0.00000
48.79742 0.00000
48.80050 0.00000
48.80604 0.00000
48.81307 0.00000
48.82420 0.00000
48.82421 0.00000
48.82609 0.00000
48.82858 0.00000
48.83194 0.00000
48.85551 0.00000
48.88230 0.00000
48.89301 0.00000
48.90977 0.00000
48.91089 0.00000
48.91335 0.00000
48.93093 0.00000
48.93121 0.00000
48.94769 0.00000
48.95465 0.00000
48.95521 0.00000
48.96095 0.00000
48.96262 0.00000
48.96768 0.00000
48.97228 0.00000
48.97561 0.00000
48.98367 0.00000
48.99447 0.00000
49.01550 0.00000
49.01994 0.00000
49.03096 0.00000
49.03859 0.00000
49.06641 0.00000
49.08308 0.00000
49.09428 0.00000
49.09744 0.00000
49.10516 0.00000
49.10531 0.00000
49.13097 0.00000
49.14771 0.00000
49.15658 0.00000
49.17081 0.00000
49.17248 0.00000
49.17381 0.00000
49.17472 0.00000
49.17802 0.00000
49.18845 0.00000
49.19078 0.00000
49.19291 0.00000
49.20885 0.00000
49.21369 0.00000
49.22694 0.00000
49.24110 0.00000
49.24190 0.00000
49.25118 0.00000
49.25127 0.00000
49.25898 0.00000
49.28627 0.00000
49.30809 0.00000
49.30878 0.00000
49.31489 0.00000
49.32027 0.00000
49.33613 0.00000
49.33622 0.00000
49.33964 0.00000
49.35845 0.00000
49.36106 0.00000
49.36136 0.00000
49.36234 0.00000
49.36985 0.00000
49.37107 0.00000
49.37260 0.00000
49.38667 0.00000
49.39268 0.00000
49.43974 0.00000
49.44331 0.00000
49.44599 0.00000
49.45171 0.00000
49.45731 0.00000
49.46207 0.00000
49.47180 0.00000
49.48902 0.00000
49.52048 0.00000
49.52181 0.00000
49.52695 0.00000
49.54348 0.00000
49.55146 0.00000
49.55828 0.00000
49.56434 0.00000
49.57598 0.00000
49.57959 0.00000
49.59198 0.00000
49.60332 0.00000
49.61016 0.00000
49.61584 0.00000
49.62264 0.00000
49.63445 0.00000
49.64635 0.00000
49.64813 0.00000
49.66338 0.00000
49.67234 0.00000
49.68096 0.00000
49.69729 0.00000
49.70444 0.00000
49.70683 0.00000
49.72086 0.00000
49.72184 0.00000
49.73392 0.00000
49.73526 0.00000
49.73664 0.00000
49.74456 0.00000
49.76058 0.00000
49.76121 0.00000
49.76695 0.00000
49.76890 0.00000
49.77087 0.00000
49.77479 0.00000
49.78474 0.00000
49.79956 0.00000
49.80345 0.00000
49.80581 0.00000
49.80789 0.00000
49.81273 0.00000
49.84735 0.00000
49.85201 0.00000
49.86350 0.00000
49.87261 0.00000
49.88568 0.00000
49.88770 0.00000
49.89009 0.00000
49.90479 0.00000
49.91113 0.00000
49.92728 0.00000
49.92937 0.00000
49.93188 0.00000
49.93610 0.00000
49.94267 0.00000
49.94408 0.00000
49.94965 0.00000
49.95475 0.00000
49.95914 0.00000
49.97090 0.00000
49.97697 0.00000
49.97808 0.00000
49.98780 0.00000
49.98910 0.00000
49.98984 0.00000
50.00788 0.00000
50.01275 0.00000
50.01682 0.00000
50.02425 0.00000
50.02917 0.00000
50.05099 0.00000
50.06001 0.00000
50.06370 0.00000
50.06510 0.00000
50.06602 0.00000
50.07184 0.00000
50.07898 0.00000
50.07939 0.00000
50.08426 0.00000
50.10374 0.00000
50.11318 0.00000
50.11338 0.00000
50.11993 0.00000
50.12564 0.00000
50.12895 0.00000
50.14008 0.00000
50.15060 0.00000
50.15945 0.00000
50.16233 0.00000
50.17333 0.00000
50.17464 0.00000
50.20882 0.00000
50.22083 0.00000
50.24718 0.00000
50.24723 0.00000
50.24992 0.00000
50.25798 0.00000
50.25829 0.00000
50.27502 0.00000
50.27773 0.00000
50.28499 0.00000
50.29297 0.00000
50.29443 0.00000
50.29612 0.00000
50.30814 0.00000
50.31681 0.00000
50.31791 0.00000
50.32152 0.00000
50.32517 0.00000
50.32631 0.00000
50.34068 0.00000
50.34341 0.00000
50.34734 0.00000
50.35719 0.00000
50.36576 0.00000
50.38307 0.00000
50.38519 0.00000
50.38522 0.00000
50.39048 0.00000
50.39600 0.00000
50.41896 0.00000
50.43401 0.00000
50.44072 0.00000
50.44456 0.00000
50.45063 0.00000
50.45338 0.00000
50.45423 0.00000
50.46944 0.00000
50.48412 0.00000
50.48656 0.00000
50.49318 0.00000
50.49320 0.00000
50.50072 0.00000
50.51492 0.00000
50.52457 0.00000
50.53161 0.00000
50.54841 0.00000
50.55317 0.00000
50.55341 0.00000
50.55920 0.00000
50.56469 0.00000
50.58917 0.00000
50.59267 0.00000
50.60540 0.00000
50.62502 0.00000
50.62737 0.00000
50.63557 0.00000
50.63815 0.00000
50.63824 0.00000
50.64101 0.00000
50.64252 0.00000
50.64646 0.00000
50.66617 0.00000
50.66625 0.00000
50.66823 0.00000
50.67245 0.00000
50.67508 0.00000
50.68404 0.00000
50.69577 0.00000
50.71734 0.00000
50.73339 0.00000
50.74976 0.00000
50.78925 0.00000
50.79227 0.00000
50.80089 0.00000
50.80359 0.00000
50.80607 0.00000
50.80689 0.00000
50.81112 0.00000
50.84015 0.00000
50.84429 0.00000
50.85389 0.00000
50.85498 0.00000
50.86487 0.00000
50.87577 0.00000
50.89572 0.00000
50.90599 0.00000
50.92762 0.00000
50.95286 0.00000
50.95864 0.00000
50.95991 0.00000
50.96166 0.00000
50.96228 0.00000
50.96474 0.00000
50.97240 0.00000
50.98366 0.00000
50.98558 0.00000
51.01279 0.00000
51.01588 0.00000
51.04751 0.00000
51.06406 0.00000
51.06828 0.00000
51.07218 0.00000
51.08398 0.00000
51.08838 0.00000
51.08938 0.00000
51.10064 0.00000
51.10498 0.00000
51.11172 0.00000
51.12236 0.00000
51.12373 0.00000
51.12903 0.00000
51.13535 0.00000
51.13891 0.00000
51.14032 0.00000
51.14650 0.00000
51.17656 0.00000
51.17728 0.00000
51.17957 0.00000
51.18147 0.00000
51.19076 0.00000
51.19470 0.00000
51.20182 0.00000
51.21690 0.00000
51.22116 0.00000
51.24189 0.00000
51.26025 0.00000
51.26392 0.00000
51.27378 0.00000
51.29562 0.00000
51.31367 0.00000
51.32487 0.00000
51.33376 0.00000
51.33662 0.00000
51.33927 0.00000
51.34046 0.00000
51.34884 0.00000
51.35505 0.00000
51.35677 0.00000
51.35826 0.00000
51.36134 0.00000
51.36687 0.00000
51.37932 0.00000
51.38660 0.00000
51.39162 0.00000
51.39460 0.00000
51.40852 0.00000
51.43052 0.00000
51.43405 0.00000
51.44588 0.00000
51.45439 0.00000
51.45572 0.00000
51.45657 0.00000
51.46268 0.00000
51.47338 0.00000
51.47482 0.00000
51.48209 0.00000
51.50001 0.00000
51.50448 0.00000
51.50803 0.00000
51.51029 0.00000
51.51913 0.00000
51.54630 0.00000
51.55517 0.00000
51.55521 0.00000
51.55622 0.00000
51.57376 0.00000
51.57788 0.00000
51.61362 0.00000
51.61536 0.00000
51.61768 0.00000
51.61980 0.00000
51.62389 0.00000
51.62438 0.00000
51.63269 0.00000
51.63638 0.00000
51.63811 0.00000
51.64312 0.00000
51.65220 0.00000
51.65221 0.00000
51.66142 0.00000
51.67198 0.00000
51.67860 0.00000
51.68406 0.00000
51.68559 0.00000
51.68662 0.00000
51.68815 0.00000
51.71754 0.00000
51.73006 0.00000
51.74002 0.00000
51.76367 0.00000
51.79314 0.00000
51.79391 0.00000
51.80387 0.00000
51.82324 0.00000
51.85590 0.00000
51.87313 0.00000
51.89201 0.00000
51.90997 0.00000
51.92318 0.00000
51.92321 0.00000
51.94031 0.00000
51.95285 0.00000
51.95734 0.00000
51.96068 0.00000
51.99603 0.00000
52.00491 0.00000
52.02380 0.00000
52.06222 0.00000
52.06584 0.00000
52.06788 0.00000
52.07018 0.00000
52.07043 0.00000
52.07860 0.00000
52.08740 0.00000
52.08976 0.00000
52.10291 0.00000
52.11063 0.00000
52.13350 0.00000
52.15051 0.00000
52.17463 0.00000
52.21383 0.00000
52.22012 0.00000
52.22126 0.00000
52.23833 0.00000
52.24189 0.00000
52.25670 0.00000
52.25744 0.00000
52.26279 0.00000
52.30415 0.00000
52.33105 0.00000
52.33759 0.00000
52.36282 0.00000
52.37338 0.00000
52.37980 0.00000
52.38107 0.00000
52.38593 0.00000
52.40232 0.00000
52.41119 0.00000
52.41132 0.00000
52.41229 0.00000
52.41379 0.00000
52.41799 0.00000
52.43192 0.00000
52.43247 0.00000
52.43542 0.00000
52.43908 0.00000
52.43935 0.00000
52.44154 0.00000
52.44386 0.00000
52.45112 0.00000
52.45207 0.00000
52.46216 0.00000
52.46226 0.00000
52.46534 0.00000
52.46779 0.00000
52.48447 0.00000
52.48697 0.00000
52.49074 0.00000
52.50339 0.00000
52.53967 0.00000
52.55556 0.00000
52.57617 0.00000
52.57963 0.00000
52.60632 0.00000
52.62695 0.00000
52.64585 0.00000
52.64625 0.00000
52.64823 0.00000
52.65685 0.00000
52.66766 0.00000
52.67294 0.00000
52.70686 0.00000
52.71307 0.00000
52.72938 0.00000
52.73734 0.00000
52.74099 0.00000
52.76750 0.00000
52.76926 0.00000
52.77720 0.00000
52.77724 0.00000
52.78488 0.00000
52.78715 0.00000
52.79075 0.00000
52.79154 0.00000
52.81471 0.00000
52.83303 0.00000
52.85188 0.00000
52.85627 0.00000
52.86056 0.00000
52.87645 0.00000
52.87823 0.00000
52.89996 0.00000
52.90948 0.00000
52.91092 0.00000
52.93779 0.00000
52.94201 0.00000
52.94776 0.00000
52.95528 0.00000
52.98081 0.00000
52.98154 0.00000
53.00652 0.00000
53.01653 0.00000
53.03188 0.00000
53.04110 0.00000
53.04172 0.00000
53.04667 0.00000
53.04982 0.00000
53.05448 0.00000
53.05759 0.00000
53.06250 0.00000
53.06793 0.00000
53.08445 0.00000
53.08630 0.00000
53.11269 0.00000
53.11980 0.00000
53.12154 0.00000
53.14437 0.00000
53.15116 0.00000
53.15163 0.00000
53.15810 0.00000
53.19561 0.00000
53.22956 0.00000
53.23273 0.00000
53.23997 0.00000
53.24494 0.00000
53.27221 0.00000
53.27483 0.00000
53.27983 0.00000
53.28490 0.00000
53.29961 0.00000
53.33259 0.00000
53.33531 0.00000
53.34049 0.00000
53.37528 0.00000
53.37813 0.00000
53.38715 0.00000
53.38750 0.00000
53.39910 0.00000
53.40195 0.00000
53.42236 0.00000
53.44364 0.00000
53.44659 0.00000
53.49254 0.00000
53.49670 0.00000
53.50151 0.00000
53.51182 0.00000
53.51757 0.00000
53.53138 0.00000
53.53300 0.00000
53.58616 0.00000
53.59322 0.00000
53.59682 0.00000
53.63114 0.00000
53.63120 0.00000
53.64870 0.00000
53.66460 0.00000
53.67313 0.00000
53.67776 0.00000
53.68606 0.00000
53.69710 0.00000
53.70189 0.00000
53.70872 0.00000
53.71693 0.00000
53.72546 0.00000
53.73892 0.00000
53.77702 0.00000
53.86787 0.00000
53.87690 0.00000
53.87948 0.00000
53.89381 0.00000
53.90514 0.00000
53.90520 0.00000
53.93508 0.00000
53.94398 0.00000
53.94801 0.00000
53.97611 0.00000
53.97622 0.00000
53.99062 0.00000
53.99407 0.00000
53.99421 0.00000
54.00291 0.00000
54.03937 0.00000
54.05178 0.00000
54.07349 0.00000
54.08007 0.00000
54.09000 0.00000
54.09148 0.00000
54.10966 0.00000
54.11225 0.00000
54.11384 0.00000
54.12495 0.00000
54.13857 0.00000
54.14233 0.00000
54.14514 0.00000
54.15490 0.00000
54.18057 0.00000
54.18238 0.00000
54.18455 0.00000
54.26473 0.00000
54.27390 0.00000
54.28414 0.00000
54.30759 0.00000
54.30834 0.00000
54.36552 0.00000
54.37558 0.00000
54.38584 0.00000
54.40038 0.00000
54.41013 0.00000
54.41042 0.00000
54.42522 0.00000
54.42776 0.00000
54.43998 0.00000
54.44315 0.00000
54.46571 0.00000
54.50919 0.00000
54.54836 0.00000
54.58232 0.00000
54.58842 0.00000
54.61332 0.00000
54.64299 0.00000
54.64859 0.00000
54.66051 0.00000
54.70475 0.00000
54.73606 0.00000
54.74957 0.00000
54.77386 0.00000
54.77560 0.00000
54.78683 0.00000
54.81633 0.00000
54.84527 0.00000
54.86413 0.00000
54.87131 0.00001
54.87719 0.00000
54.87727 0.00000
54.87993 0.00000
54.92840 0.00000
54.94897 0.00000
54.95269 0.00000
54.97221 0.00000
54.98634 0.00000
54.98994 0.00000
54.99487 0.00000
54.99866 0.00000
55.01426 0.00000
55.04031 0.00000
55.05875 0.00000
55.06692 0.00000
55.07184 0.00002
55.08572 0.00000
55.10043 0.00000
55.11788 0.00000
55.11933 0.00000
55.18476 0.00000
55.24158 0.00000
55.25407 0.00000
55.33360 0.00000
55.37420 0.00000
55.37423 0.00000
55.38218 0.00000
55.44949 0.00000
55.47136 0.00000
55.59861 0.00000
55.62808 0.00000
55.65266 0.00000
55.65408 0.00000
55.68551 0.00000
55.69658 0.00000
55.73300 0.00000
55.73763 0.00000
55.79252 0.00000
55.79495 0.00001
55.80419 0.00000
55.80421 0.00000
55.83360 0.00000
55.84258 0.00000
55.84566 0.00000
55.85542 0.00000
55.89918 0.00000
55.89924 0.00000
55.91869 0.00000
55.91958 0.00000
55.93949 0.00000
55.99715 0.00000
56.03547 0.00000
56.04803 0.00000
56.07581 0.00003
56.11573 0.00000
56.12511 0.00000
56.13844 0.00000
56.16846 0.00000
56.17313 0.00000
56.20730 0.00000
56.21075 0.00000
56.24454 0.00000
56.35433 0.00000
56.39742 0.00000
56.40173 0.00000
56.42796 0.00002
56.43220 0.00000
56.43226 0.00000
56.46501 0.00000
56.48800 0.00000
56.50027 0.00000
56.51044 0.00000
56.53963 0.00000
56.57827 0.00000
56.59917 0.00000
56.64707 0.00000
56.68546 0.00000
56.77716 0.00001
56.81283 0.00000
56.87720 0.00000
56.87725 0.00000
57.01810 0.00000
57.01994 0.00000
57.09663 0.00000
57.09917 0.00000
57.18069 0.00000
57.41336 0.00000
57.45289 0.00000
57.45456 0.00000
57.47768 0.00000
57.52764 0.00000
57.54005 0.00000
57.55521 0.00001
57.55756 0.00000
57.57229 0.00000
57.61269 0.00000
57.66595 0.00000
57.68179 0.00000
57.75823 0.00000
57.76591 0.00000
57.79317 0.00000
57.79325 0.00000
57.91531 0.00000
58.14865 0.00003
58.15649 0.00000
58.21301 0.00002
58.24073 0.00000
58.40152 0.00000
58.41109 0.00000
58.41125 0.00000
58.41381 0.00000
58.42013 0.00000
58.42567 0.00000
58.48989 0.00000
58.52590 0.00000
58.52766 0.00000
58.52876 0.00000
58.53070 0.00000
58.54910 0.00000
58.55289 0.00000
58.59997 0.00000
58.60119 0.00000
58.60142 0.00000
58.62383 0.00000
58.62534 0.00000
58.65224 0.00000
58.79386 0.00000
58.80561 0.00000
58.89420 0.00000
58.89424 0.00000
58.94038 0.00004
58.94139 0.00000
58.94261 0.00000
58.94934 0.00000
58.95269 0.00000
58.95585 0.00000
58.97140 0.00000
58.98737 0.00000
59.00370 0.00000
59.11308 0.00001
59.17813 0.00000
59.24332 0.00000
59.26286 0.00000
59.31071 0.00000
59.31202 0.00000
59.31228 0.00000
59.32789 0.00000
59.41488 0.00000
59.44834 0.00000
59.46189 0.00000
59.57784 0.00000
59.59620 0.00000
59.67438 0.00000
59.68073 0.00008
59.69135 0.00000
59.69575 0.00000
59.78624 0.00000
60.10780 0.00000
60.13892 0.00001
60.42744 0.00000
60.49654 0.00000
60.50282 0.00000
60.55289 0.00000
60.55923 0.00000
60.56416 0.00000
60.56965 0.00000
60.59673 0.00000
60.61127 0.00000
60.62325 0.00000
60.66924 0.00000
60.68044 0.00000
60.70016 0.00000
60.70022 0.00000
60.71116 0.00003
60.77319 0.00000
60.77322 0.00000
60.78452 0.00000
60.79295 0.00000
60.80674 0.00000
60.90462 0.00000
60.95151 0.00000
61.00344 0.00000
61.01612 0.00000
61.04916 0.00000
61.08820 0.00000
61.08823 0.00000
61.09566 0.00000
61.18849 0.00000
61.20695 0.00000
61.24644 0.00000
61.32214 0.00000
61.32223 0.00000
61.34347 0.00000
61.34780 0.00000
61.35173 0.00000
61.39312 0.00000
61.39329 0.00000
61.40766 0.00000
61.41233 0.00000
61.45786 0.00000
61.47374 0.00000
61.53191 0.00000
61.56014 0.00000
61.56025 0.00000
61.58116 0.00000
61.59660 0.00000
61.62336 0.00000
61.63503 0.00000
61.65191 0.00000
61.65405 0.00000
61.66520 0.00000
61.68597 0.00000
61.70617 0.00000
61.77682 0.00000
61.82932 0.00000
61.86772 0.00000
61.90544 0.00000
61.93124 0.00000
61.97701 0.00000
62.02393 0.00000
62.06530 0.00000
62.10381 0.00000
62.12124 0.00000
62.13224 0.00000
62.14355 0.00007
62.14718 0.00000
62.17955 0.00000
62.37243 0.00000
62.40661 0.00000
62.43909 0.00000
62.45805 0.00000
62.56412 0.00000
62.57749 0.00000
62.58744 0.00000
62.60731 0.00000
62.63616 0.00000
62.63625 0.00000
62.69036 0.00000
62.70158 0.00000
62.73418 0.00000
62.82349 0.00000
62.88091 0.00000
62.89446 0.00000
62.90542 0.00000
62.91944 0.00000
62.94186 0.00000
62.98014 0.00000
63.04538 0.00000
63.06405 0.00000
63.10624 0.00000
63.10751 0.00000
63.13606 0.00000
63.15601 0.00000
63.17419 0.00000
63.27708 0.00000
63.27728 0.00000
63.28049 0.00000
63.33296 0.00000
63.36916 0.00000
63.82976 0.00000
63.85026 0.00000
63.97043 0.00000
63.98781 0.00000
64.02158 0.00000
64.11210 0.00000
64.12113 0.00000
64.12121 0.00000
64.15733 0.00000
64.19178 0.00000
64.20014 0.00000
64.20036 0.00000
64.21246 0.00000
64.28013 0.00000
64.28561 0.00000
64.32698 0.00000
64.35561 0.00000
64.41236 0.00000
64.47718 0.00000
64.47724 0.00000
64.48870 0.00000
64.50229 0.00000
64.63268 0.00000
64.65314 0.00000
64.65325 0.00000
64.70194 0.00000
64.70799 0.00000
64.72253 0.00000
64.95064 0.00000
65.11197 0.00000
65.16114 0.00000
65.16293 0.00000
65.26514 0.00000
65.35458 0.00000
65.35633 0.00000
65.39132 0.00000
65.41177 0.00000
65.41570 0.00000
65.46017 0.00000
65.47341 0.00000
65.50957 0.00000
65.62302 0.00000
65.62682 0.00000
65.63825 0.00000
65.69337 0.00000
65.74767 0.00000
65.75062 0.00000
65.75152 0.00000
65.75628 0.00000
65.76050 0.00000
65.76525 0.00000
65.82662 0.00000
65.82742 0.00000
65.84540 0.00000
65.89762 0.00000
66.03542 0.00000
66.11449 0.00000
66.14504 0.00000
66.14755 0.00000
66.24085 0.00000
66.30302 0.00000
66.38443 0.00000
66.50487 0.00000
66.61684 0.00000
66.66327 0.00000
66.66518 0.00000
66.66521 0.00000
66.79609 0.00000
66.87285 0.00000
66.96453 0.00000
67.00685 0.00000
67.04028 0.00000
67.04739 0.00000
67.21993 0.00000
67.30658 0.00000
67.30879 0.00001
67.45437 0.00000
67.88914 0.00000
67.90643 0.00002
68.03770 0.00000
68.03828 0.00000
68.04229 0.00000
68.13091 0.00000
68.38869 0.00001
68.57079 0.00000
68.72594 0.00001
69.00526 0.00000
69.22034 0.00000
69.39060 0.00000
69.51563 0.00000
69.52740 0.00000
69.85883 0.00000
70.33654 0.00000
70.36901 0.00001
70.54844 0.00000
70.64312 0.00000
70.66458 0.00001
70.97626 0.00000
71.43578 0.00002
71.67985 0.00000
72.30733 0.00000
72.60561 0.00000
