-20.00000 0.05804
-19.95000 0.05884
-19.90000 0.05966
-19.85000 0.06049
-19.80000 0.06133
-19.75000 0.06219
-19.70000 0.06306
-19.65000 0.06394
-19.60000 0.06483
-19.55000 0.06573
-19.50000 0.06665
-19.45000 0.06758
-19.40000 0.06852
-19.35000 0.06947
-19.30000 0.07044
-19.25000 0.07142
-19.20000 0.07241
-19.15000 0.07342
-19.10000 0.07444
-19.05000 0.07548
-19.00000 0.07653
-18.95000 0.07759
-18.90000 0.07867
-18.85000 0.07976
-18.80000 0.08087
-18.75000 0.08200
-18.70000 0.08314
-18.65000 0.08430
-18.60000 0.08548
-18.55000 0.08667
-18.50000 0.08789
-18.45000 0.08912
-18.40000 0.09037
-18.35000 0.09164
-18.30000 0.09294
-18.25000 0.09425
-18.20000 0.09558
-18.15000 0.09694
-18.10000 0.09832
-18.05000 0.09973
-18.00000 0.10115
-17.95000 0.10260
-17.90000 0.10408
-17.85000 0.10558
-17.80000 0.10710
-17.75000 0.10865
-17.70000 0.11022
-17.65000 0.11182
-17.60000 0.11345
-17.55000 0.11510
-17.50000 0.11677
-17.45000 0.11846
-17.40000 0.12018
-17.35000 0.12193
-17.30000 0.12369
-17.25000 0.12548
-17.20000 0.12728
-17.15000 0.12911
-17.10000 0.13095
-17.05000 0.13281
-17.00000 0.13469
-16.95000 0.13657
-16.90000 0.13847
-16.85000 0.14039
-16.80000 0.14231
-16.75000 0.14423
-16.70000 0.14616
-16.65000 0.14810
-16.60000 0.15003
-16.55000 0.15197
-16.50000 0.15390
-16.45000 0.15582
-16.40000 0.15774
-16.35000 0.15965
-16.30000 0.16154
-16.25000 0.16342
-16.20000 0.16529
-16.15000 0.16714
-16.10000 0.16897
-16.05000 0.17078
-16.00000 0.17257
-15.95000 0.17434
-15.90000 0.17608
-15.85000 0.17780
-15.80000 0.17949
-15.75000 0.18115
-15.70000 0.18279
-15.65000 0.18440
-15.60000 0.18598
-15.55000 0.18754
-15.50000 0.18906
-15.45000 0.19056
-15.40000 0.19204
-15.35000 0.19348
-15.30000 0.19490
-15.25000 0.19630
-15.20000 0.19767
-15.15000 0.19902
-15.10000 0.20035
-15.05000 0.20165
-15.00000 0.20293
-14.95000 0.20420
-14.90000 0.20544
-14.85000 0.20667
-14.80000 0.20787
-14.75000 0.20907
-14.70000 0.21024
-14.65000 0.21140
-14.60000 0.21254
-14.55000 0.21367
-14.50000 0.21478
-14.45000 0.21588
-14.40000 0.21696
-14.35000 0.21802
-14.30000 0.21907
-14.25000 0.22011
-14.20000 0.22113
-14.15000 0.22213
-14.10000 0.22311
-14.05000 0.22407
-14.00000 0.22502
-13.95000 0.22594
-13.90000 0.22684
-13.85000 0.22772
-13.80000 0.22858
-13.75000 0.22941
-13.70000 0.23022
-13.65000 0.23100
-13.60000 0.23176
-13.55000 0.23249
-13.50000 0.23319
-13.45000 0.23386
-13.40000 0.23450
-13.35000 0.23511
-13.30000 0.23570
-13.25000 0.23625
-13.20000 0.23678
-13.15000 0.23727
-13.10000 0.23774
-13.05000 0.23818
-13.00000 0.23859
-12.95000 0.23897
-12.90000 0.23932
-12.85000 0.23965
-12.80000 0.23996
-12.75000 0.24024
-12.70000 0.24050
-12.65000 0.24074
-12.60000 0.24097
-12.55000 0.24118
-12.50000 0.24137
-12.45000 0.24156
-12.40000 0.24173
-12.35000 0.24190
-12.30000 0.24206
-12.25000 0.24223
-12.20000 0.24239
-12.15000 0.24257
-12.10000 0.24274
-12.05000 0.24293
-12.00000 0.24313
-11.95000 0.24335
-11.90000 0.24358
-11.85000 0.24384
-11.80000 0.24412
-11.75000 0.24442
-11.70000 0.24476
-11.65000 0.24512
-11.60000 0.24553
-11.55000 0.24596
-11.50000 0.24644
-11.45000 0.24695
-11.40000 0.24751
-11.35000 0.24810
-11.30000 0.24875
-11.25000 0.24944
-11.20000 0.25017
-11.15000 0.25096
-11.10000 0.25179
-11.05000 0.25267
-11.00000 0.25360
-10.95000 0.25458
-10.90000 0.25561
-10.85000 0.25668
-10.80000 0.25781
-10.75000 0.25898
-10.70000 0.26021
-10.65000 0.26148
-10.60000 0.26279
-10.55000 0.26415
-10.50000 0.26556
-10.45000 0.26701
-10.40000 0.26850
-10.35000 0.27003
-10.30000 0.27160
-10.25000 0.27321
-10.20000 0.27486
-10.15000 0.27654
-10.10000 0.27826
-10.05000 0.28001
-10.00000 0.28178
-9.95000 0.28359
-9.90000 0.28543
-9.85000 0.28729
-9.80000 0.28918
-9.75000 0.29108
-9.70000 0.29301
-9.65000 0.29496
-9.60000 0.29692
-9.55000 0.29890
-9.50000 0.30089
-9.45000 0.30290
-9.40000 0.30491
-9.35000 0.30692
-9.30000 0.30894
-9.25000 0.31096
-9.20000 0.31298
-9.15000 0.31500
-9.10000 0.31701
-9.05000 0.31901
-9.00000 0.32099
-8.95000 0.32296
-8.90000 0.32491
-8.85000 0.32683
-8.80000 0.32873
-8.75000 0.33060
-8.70000 0.33243
-8.65000 0.33422
-8.60000 0.33597
-8.55000 0.33767
-8.50000 0.33932
-8.45000 0.34092
-8.40000 0.34245
-8.35000 0.34392
-8.30000 0.34531
-8.25000 0.34663
-8.20000 0.34787
-8.15000 0.34903
-8.10000 0.35010
-8.05000 0.35108
-8.00000 0.35195
-7.95000 0.35273
-7.90000 0.35340
-7.85000 0.35396
-7.80000 0.35441
-7.75000 0.35474
-7.70000 0.35495
-7.65000 0.35505
-7.60000 0.35501
-7.55000 0.35485
-7.50000 0.35457
-7.45000 0.35416
-7.40000 0.35361
-7.35000 0.35294
-7.30000 0.35215
-7.25000 0.35122
-7.20000 0.35017
-7.15000 0.34899
-7.10000 0.34769
-7.05000 0.34628
-7.00000 0.34475
-6.95000 0.34310
-6.90000 0.34135
-6.85000 0.33949
-6.80000 0.33754
-6.75000 0.33549
-6.70000 0.33336
-6.65000 0.33114
-6.60000 0.32885
-6.55000 0.32649
-6.50000 0.32406
-6.45000 0.32158
-6.40000 0.31904
-6.35000 0.31647
-6.30000 0.31385
-6.25000 0.31121
-6.20000 0.30854
-6.15000 0.30585
-6.10000 0.30315
-6.05000 0.30044
-6.00000 0.29774
-5.95000 0.29504
-5.90000 0.29235
-5.85000 0.28967
-5.80000 0.28701
-5.75000 0.28438
-5.70000 0.28178
-5.65000 0.27921
-5.60000 0.27667
-5.55000 0.27417
-5.50000 0.27171
-5.45000 0.26929
-5.40000 0.26691
-5.35000 0.26458
-5.30000 0.26229
-5.25000 0.26005
-5.20000 0.25785
-5.15000 0.25571
-5.10000 0.25360
-5.05000 0.25154
-5.00000 0.24953
-4.95000 0.24755
-4.90000 0.24562
-4.85000 0.24373
-4.80000 0.24187
-4.75000 0.24005
-4.70000 0.23826
-4.65000 0.23650
-4.60000 0.23476
-4.55000 0.23306
-4.50000 0.23137
-4.45000 0.22970
-4.40000 0.22805
-4.35000 0.22640
-4.30000 0.22477
-4.25000 0.22315
-4.20000 0.22153
-4.15000 0.21991
-4.10000 0.21828
-4.05000 0.21666
-4.00000 0.21502
-3.95000 0.21338
-3.90000 0.21172
-3.85000 0.21005
-3.80000 0.20836
-3.75000 0.20665
-3.70000 0.20493
-3.65000 0.20318
-3.60000 0.20140
-3.55000 0.19960
-3.50000 0.19778
-3.45000 0.19593
-3.40000 0.19405
-3.35000 0.19215
-3.30000 0.19021
-3.25000 0.18825
-3.20000 0.18626
-3.15000 0.18425
-3.10000 0.18221
-3.05000 0.18014
-3.00000 0.17805
-2.95000 0.17593
-2.90000 0.17379
-2.85000 0.17163
-2.80000 0.16945
-2.75000 0.16726
-2.70000 0.16504
-2.65000 0.16282
-2.60000 0.16058
-2.55000 0.15833
-2.50000 0.15607
-2.45000 0.15381
-2.40000 0.15155
-2.35000 0.14928
-2.30000 0.14701
-2.25000 0.14475
-2.20000 0.14249
-2.15000 0.14024
-2.10000 0.13800
-2.05000 0.13577
-2.00000 0.13355
-1.95000 0.13134
-1.90000 0.12916
-1.85000 0.12699
-1.80000 0.12484
-1.75000 0.12271
-1.70000 0.12061
-1.65000 0.11853
-1.60000 0.11647
-1.55000 0.11444
-1.50000 0.11244
-1.45000 0.11047
-1.40000 0.10853
-1.35000 0.10661
-1.30000 0.10473
-1.25000 0.10288
-1.20000 0.10105
-1.15000 0.09926
-1.10000 0.09751
-1.05000 0.09578
-1.00000 0.09409
-0.95000 0.09243
-0.90000 0.09080
-0.85000 0.08920
-0.80000 0.08764
-0.75000 0.08610
-0.70000 0.08460
-0.65000 0.08313
-0.60000 0.08169
-0.55000 0.08028
-0.50000 0.07890
-0.45000 0.07756
-0.40000 0.07624
-0.35000 0.07495
-0.30000 0.07368
-0.25000 0.07245
-0.20000 0.07124
-0.15000 0.07006
-0.10000 0.06891
-0.05000 0.06778
0.00000 0.06668
0.05000 0.06560
0.10000 0.06455
0.15000 0.06352
0.20000 0.06251
0.25000 0.06153
0.30000 0.06057
0.35000 0.05963
0.40000 0.05871
0.45000 0.05781
0.50000 0.05693
0.55000 0.05607
0.60000 0.05523
0.65000 0.05440
0.70000 0.05360
0.75000 0.05281
0.80000 0.05204
0.85000 0.05129
0.90000 0.05055
0.95000 0.04983
1.00000 0.04913
1.05000 0.04844
1.10000 0.04776
1.15000 0.04710
1.20000 0.04645
1.25000 0.04582
1.30000 0.04519
1.35000 0.04459
1.40000 0.04399
1.45000 0.04341
1.50000 0.04283
1.55000 0.04227
1.60000 0.04173
1.65000 0.04119
1.70000 0.04066
1.75000 0.04014
1.80000 0.03964
1.85000 0.03914
1.90000 0.03865
1.95000 0.03817
2.00000 0.03770
2.05000 0.03724
2.10000 0.03679
2.15000 0.03635
2.20000 0.03591
2.25000 0.03549
2.30000 0.03507
2.35000 0.03466
2.40000 0.03425
2.45000 0.03386
2.50000 0.03347
2.55000 0.03309
2.60000 0.03271
2.65000 0.03234
2.70000 0.03198
2.75000 0.03163
2.80000 0.03128
2.85000 0.03093
2.90000 0.03059
2.95000 0.03026
3.00000 0.02994
3.05000 0.02961
3.10000 0.02930
3.15000 0.02899
3.20000 0.02868
3.25000 0.02838
3.30000 0.02809
3.35000 0.02780
3.40000 0.02751
3.45000 0.02723
3.50000 0.02695
3.55000 0.02668
3.60000 0.02641
3.65000 0.02615
3.70000 0.02589
3.75000 0.02564
3.80000 0.02538
3.85000 0.02514
3.90000 0.02489
3.95000 0.02465
4.00000 0.02441
4.05000 0.02418
4.10000 0.02395
4.15000 0.02373
4.20000 0.02350
4.25000 0.02328
4.30000 0.02307
4.35000 0.02285
4.40000 0.02264
4.45000 0.02244
4.50000 0.02223
4.55000 0.02203
4.60000 0.02183
4.65000 0.02164
4.70000 0.02144
4.75000 0.02125
4.80000 0.02107
4.85000 0.02088
4.90000 0.02070
4.95000 0.02052
5.00000 0.02034
5.05000 0.02017
5.10000 0.01999
5.15000 0.01982
5.20000 0.01965
5.25000 0.01949
5.30000 0.01932
5.35000 0.01916
5.40000 0.01900
5.45000 0.01885
5.50000 0.01869
5.55000 0.01854
5.60000 0.01839
5.65000 0.01824
5.70000 0.01809
5.75000 0.01794
5.80000 0.01780
5.85000 0.01766
5.90000 0.01752
5.95000 0.01738
6.00000 0.01724
6.05000 0.01711
6.10000 0.01697
6.15000 0.01684
6.20000 0.01671
6.25000 0.01658
6.30000 0.01645
6.35000 0.01633
6.40000 0.01620
6.45000 0.01608
6.50000 0.01596
6.55000 0.01584
6.60000 0.01572
6.65000 0.01560
6.70000 0.01549
6.75000 0.01537
6.80000 0.01526
6.85000 0.01515
6.90000 0.01504
6.95000 0.01493
7.00000 0.01482
7.05000 0.01471
7.10000 0.01461
7.15000 0.01450
7.20000 0.01440
7.25000 0.01430
7.30000 0.01420
7.35000 0.01410
7.40000 0.01400
7.45000 0.01390
7.50000 0.01380
7.55000 0.01371
7.60000 0.01361
7.65000 0.01352
7.70000 0.01343
7.75000 0.01334
7.80000 0.01325
7.85000 0.01316
7.90000 0.01307
7.95000 0.01298
8.00000 0.01289
8.05000 0.01281
8.10000 0.01272
8.15000 0.01264
8.20000 0.01255
8.25000 0.01247
8.30000 0.01239
8.35000 0.01231
8.40000 0.01223
8.45000 0.01215
8.50000 0.01207
8.55000 0.01199
8.60000 0.01192
8.65000 0.01184
8.70000 0.01176
8.75000 0.01169
8.80000 0.01162
8.85000 0.01154
8.90000 0.01147
8.95000 0.01140
9.00000 0.01133
9.05000 0.01126
9.10000 0.01119
9.15000 0.01112
9.20000 0.01105
9.25000 0.01098
9.30000 0.01091
9.35000 0.01085
9.40000 0.01078
9.45000 0.01072
9.50000 0.01065
9.55000 0.01059
9.60000 0.01052
9.65000 0.01046
9.70000 0.01040
9.75000 0.01034
9.80000 0.01028
9.85000 0.01022
9.90000 0.01016
9.95000 0.01010
10.00000 0.01004
10.05000 0.00998
10.10000 0.00992
10.15000 0.00986
10.20000 0.00981
10.25000 0.00975
10.30000 0.00970
10.35000 0.00964
10.40000 0.00958
10.45000 0.00953
10.50000 0.00948
10.55000 0.00942
10.60000 0.00937
10.65000 0.00932
10.70000 0.00927
10.75000 0.00921
10.80000 0.00916
10.85000 0.00911
10.90000 0.00906
10.95000 0.00901
11.00000 0.00896
11.05000 0.00891
11.10000 0.00886
11.15000 0.00882
11.20000 0.00877
11.25000 0.00872
11.30000 0.00867
11.35000 0.00863
11.40000 0.00858
11.45000 0.00854
11.50000 0.00849
11.55000 0.00844
11.60000 0.00840
11.65000 0.00836
11.70000 0.00831
11.75000 0.00827
11.80000 0.00822
11.85000 0.00818
11.90000 0.00814
11.95000 0.00810
12.00000 0.00805
12.05000 0.00801
12.10000 0.00797
12.15000 0.00793
12.20000 0.00789
12.25000 0.00785
12.30000 0.00781
12.35000 0.00777
12.40000 0.00773
12.45000 0.00769
12.50000 0.00765
12.55000 0.00761
12.60000 0.00758
12.65000 0.00754
12.70000 0.00750
12.75000 0.00746
12.80000 0.00743
12.85000 0.00739
12.90000 0.00735
12.95000 0.00732
13.00000 0.00728
13.05000 0.00725
13.10000 0.00721
13.15000 0.00717
13.20000 0.00714
13.25000 0.00711
13.30000 0.00707
13.35000 0.00704
13.40000 0.00700
13.45000 0.00697
13.50000 0.00694
13.55000 0.00690
13.60000 0.00687
13.65000 0.00684
13.70000 0.00681
13.75000 0.00677
13.80000 0.00674
13.85000 0.00671
13.90000 0.00668
13.95000 0.00665
14.00000 0.00662
14.05000 0.00658
14.10000 0.00655
14.15000 0.00652
14.20000 0.00649
14.25000 0.00646
14.30000 0.00643
14.35000 0.00640
14.40000 0.00638
14.45000 0.00635
14.50000 0.00632
14.55000 0.00629
14.60000 0.00626
14.65000 0.00623
14.70000 0.00620
14.75000 0.00618
14.80000 0.00615
14.85000 0.00612
14.90000 0.00609
14.95000 0.00607
15.00000 0.00604
15.05000 0.00601
15.10000 0.00599
15.15000 0.00596
15.20000 0.00593
15.25000 0.00591
15.30000 0.00588
15.35000 0.00586
15.40000 0.00583
15.45000 0.00580
15.50000 0.00578
15.55000 0.00575
15.60000 0.00573
15.65000 0.00571
15.70000 0.00568
15.75000 0.00566
15.80000 0.00563
15.85000 0.00561
15.90000 0.00558
15.95000 0.00556
16.00000 0.00554
16.05000 0.00551
16.10000 0.00549
16.15000 0.00547
16.20000 0.00544
16.25000 0.00542
16.30000 0.00540
16.35000 0.00538
16.40000 0.00535
16.45000 0.00533
16.50000 0.00531
16.55000 0.00529
16.60000 0.00526
16.65000 0.00524
16.70000 0.00522
16.75000 0.00520
16.80000 0.00518
16.85000 0.00516
16.90000 0.00514
16.95000 0.00512
17.00000 0.00509
17.05000 0.00507
17.10000 0.00505
17.15000 0.00503
17.20000 0.00501
17.25000 0.00499
17.30000 0.00497
17.35000 0.00495
17.40000 0.00493
17.45000 0.00491
17.50000 0.00489
17.55000 0.00487
17.60000 0.00486
17.65000 0.00484
17.70000 0.00482
17.75000 0.00480
17.80000 0.00478
17.85000 0.00476
17.90000 0.00474
17.95000 0.00472
18.00000 0.00470
18.05000 0.00469
18.10000 0.00467
18.15000 0.00465
18.20000 0.00463
18.25000 0.00461
18.30000 0.00460
18.35000 0.00458
18.40000 0.00456
18.45000 0.00454
18.50000 0.00453
18.55000 0.00451
18.60000 0.00449
18.65000 0.00448
18.70000 0.00446
18.75000 0.00444
18.80000 0.00442
18.85000 0.00441
18.90000 0.00439
18.95000 0.00438
19.00000 0.00436
19.05000 0.00434
19.10000 0.00433
19.15000 0.00431
19.20000 0.00429
19.25000 0.00428
19.30000 0.00426
19.35000 0.00425
19.40000 0.00423
19.45000 0.00422
19.50000 0.00420
19.55000 0.00418
19.60000 0.00417
19.65000 0.00415
19.70000 0.00414
19.75000 0.00412
19.80000 0.00411
19.85000 0.00409
19.90000 0.00408
19.95000 0.00406
20.00000 0.00405
