-5.00000 0.00006
-4.90000 0.00006
-4.80000 0.00006
-4.70000 0.00007
-4.60000 0.00007
-4.50000 0.00007
-4.40000 0.00007
-4.30000 0.00007
-4.20000 0.00008
-4.10000 0.00008
-4.00000 0.00008
-3.90000 0.00008
-3.80000 0.00009
-3.70000 0.00009
-3.60000 0.00009
-3.50000 0.00009
-3.40000 0.00010
-3.30000 0.00010
-3.20000 0.00010
-3.10000 0.00011
-3.00000 0.00011
-2.90000 0.00011
-2.80000 0.00012
-2.70000 0.00012
-2.60000 0.00012
-2.50000 0.00013
-2.40000 0.00013
-2.30000 0.00014
-2.20000 0.00014
-2.10000 0.00015
-2.00000 0.00015
-1.90000 0.00016
-1.80000 0.00016
-1.70000 0.00017
-1.60000 0.00018
-1.50000 0.00018
-1.40000 0.00019
-1.30000 0.00020
-1.20000 0.00021
-1.10000 0.00021
-1.00000 0.00022
-0.90000 0.00023
-0.80000 0.00024
-0.70000 0.00025
-0.60000 0.00027
-0.50000 0.00028
-0.40000 0.00029
-0.30000 0.00030
-0.20000 0.00032
-0.10000 0.00034
0.00000 0.00035
0.10000 0.00037
0.20000 0.00039
0.30000 0.00042
0.40000 0.00044
0.50000 0.00047
0.60000 0.00050
0.70000 0.00053
0.80000 0.00056
0.90000 0.00060
1.00000 0.00065
1.10000 0.00070
1.20000 0.00076
1.30000 0.00082
1.40000 0.00090
1.50000 0.00098
1.60000 0.00109
1.70000 0.00121
1.80000 0.00136
1.90000 0.00155
2.00000 0.00179
2.10000 0.00213
2.20000 0.00262
2.30000 0.00339
2.40000 0.00466
2.50000 0.00678
2.60000 0.01014
2.70000 0.01504
2.80000 0.02136
2.90000 0.02841
3.00000 0.03505
3.10000 0.04036
3.20000 0.04432
3.30000 0.04792
3.40000 0.05231
3.50000 0.05762
3.60000 0.06233
3.70000 0.06399
3.80000 0.06087
3.90000 0.05315
4.00000 0.04295
4.10000 0.03312
4.20000 0.02611
4.30000 0.02333
4.40000 0.02536
4.50000 0.03218
4.60000 0.04309
4.70000 0.05652
4.80000 0.06998
4.90000 0.08068
5.00000 0.08636
5.10000 0.08596
5.20000 0.07987
5.30000 0.06976
5.40000 0.05825
5.50000 0.04843
5.60000 0.04317
5.70000 0.04441
5.80000 0.05248
5.90000 0.06550
6.00000 0.07944
6.10000 0.08922
6.20000 0.09078
6.30000 0.08305
6.40000 0.06839
6.50000 0.05109
6.60000 0.03518
6.70000 0.02293
6.80000 0.01468
6.90000 0.00964
7.00000 0.00672
7.10000 0.00505
7.20000 0.00407
7.30000 0.00348
7.40000 0.00314
7.50000 0.00301
7.60000 0.00312
7.70000 0.00355
7.80000 0.00450
7.90000 0.00613
8.00000 0.00854
8.10000 0.01156
8.20000 0.01468
8.30000 0.01715
8.40000 0.01832
8.50000 0.01798
8.60000 0.01647
8.70000 0.01441
8.80000 0.01233
8.90000 0.01045
9.00000 0.00879
9.10000 0.00728
9.20000 0.00593
9.30000 0.00477
9.40000 0.00381
9.50000 0.00304
9.60000 0.00245
9.70000 0.00202
9.80000 0.00178
9.90000 0.00170
10.00000 0.00175
10.10000 0.00187
10.20000 0.00199
10.30000 0.00205
10.40000 0.00201
10.50000 0.00189
10.60000 0.00170
10.70000 0.00146
10.80000 0.00121
10.90000 0.00097
11.00000 0.00076
11.10000 0.00060
11.20000 0.00048
11.30000 0.00040
11.40000 0.00035
11.50000 0.00031
11.60000 0.00029
11.70000 0.00027
11.80000 0.00025
11.90000 0.00024
12.00000 0.00023
12.10000 0.00022
12.20000 0.00022
12.30000 0.00021
12.40000 0.00021
12.50000 0.00021
12.60000 0.00022
12.70000 0.00023
12.80000 0.00027
12.90000 0.00033
13.00000 0.00043
13.10000 0.00057
13.20000 0.00074
13.30000 0.00090
13.40000 0.00103
13.50000 0.00108
13.60000 0.00107
13.70000 0.00102
13.80000 0.00099
13.90000 0.00101
14.00000 0.00106
14.10000 0.00110
14.20000 0.00108
14.30000 0.00099
14.40000 0.00083
14.50000 0.00064
14.60000 0.00047
14.70000 0.00033
14.80000 0.00024
14.90000 0.00018
15.00000 0.00014
15.10000 0.00012
15.20000 0.00011
15.30000 0.00010
15.40000 0.00009
15.50000 0.00008
15.60000 0.00008
15.70000 0.00007
15.80000 0.00007
15.90000 0.00007
16.00000 0.00006
16.10000 0.00006
16.20000 0.00006
16.30000 0.00006
16.40000 0.00006
16.50000 0.00005
16.60000 0.00005
16.70000 0.00005
16.80000 0.00005
16.90000 0.00005
17.00000 0.00005
17.10000 0.00004
17.20000 0.00004
17.30000 0.00004
17.40000 0.00004
17.50000 0.00004
17.60000 0.00004
17.70000 0.00004
17.80000 0.00004
17.90000 0.00003
18.00000 0.00003
18.10000 0.00003
18.20000 0.00003
18.30000 0.00003
18.40000 0.00003
18.50000 0.00003
18.60000 0.00003
18.70000 0.00003
18.80000 0.00003
18.90000 0.00003
19.00000 0.00002
19.10000 0.00002
19.20000 0.00002
19.30000 0.00002
19.40000 0.00002
19.50000 0.00002
19.60000 0.00002
19.70000 0.00002
19.80000 0.00002
19.90000 0.00002
20.00000 0.00002
20.10000 0.00002
20.20000 0.00002
20.30000 0.00002
20.40000 0.00002
20.50000 0.00002
20.60000 0.00001
20.70000 0.00001
20.80000 0.00001
20.90000 0.00001
21.00000 0.00001
21.10000 0.00001
21.20000 0.00001
21.30000 0.00001
21.40000 0.00001
21.50000 0.00001
21.60000 0.00001
21.70000 0.00001
21.80000 0.00001
21.90000 0.00001
22.00000 0.00001
22.10000 0.00001
22.20000 0.00001
22.30000 0.00001
22.40000 0.00001
22.50000 0.00001
22.60000 0.00001
22.70000 0.00001
22.80000 0.00001
22.90000 0.00001
23.00000 0.00001
23.10000 0.00000
23.20000 0.00000
23.30000 0.00000
23.40000 0.00000
23.50000 0.00000
23.60000 0.00000
23.70000 0.00000
23.80000 0.00000
23.90000 0.00000
24.00000 0.00000
24.10000 0.00000
24.20000 0.00000
24.30000 0.00000
24.40000 0.00000
24.50000 0.00000
24.60000 0.00000
24.70000 0.00000
24.80000 0.00000
24.90000 0.00000
25.00000 0.00000
