-20.00000 -0.00009
-19.95000 -0.00010
-19.90000 -0.00010
-19.85000 -0.00010
-19.80000 -0.00010
-19.75000 -0.00010
-19.70000 -0.00010
-19.65000 -0.00010
-19.60000 -0.00010
-19.55000 -0.00010
-19.50000 -0.00010
-19.45000 -0.00010
-19.40000 -0.00010
-19.35000 -0.00010
-19.30000 -0.00010
-19.25000 -0.00010
-19.20000 -0.00010
-19.15000 -0.00010
-19.10000 -0.00010
-19.05000 -0.00010
-19.00000 -0.00010
-18.95000 -0.00010
-18.90000 -0.00010
-18.85000 -0.00011
-18.80000 -0.00011
-18.75000 -0.00011
-18.70000 -0.00011
-18.65000 -0.00011
-18.60000 -0.00011
-18.55000 -0.00011
-18.50000 -0.00011
-18.45000 -0.00011
-18.40000 -0.00011
-18.35000 -0.00011
-18.30000 -0.00011
-18.25000 -0.00011
-18.20000 -0.00011
-18.15000 -0.00011
-18.10000 -0.00011
-18.05000 -0.00011
-18.00000 -0.00011
-17.95000 -0.00011
-17.90000 -0.00012
-17.85000 -0.00012
-17.80000 -0.00012
-17.75000 -0.00012
-17.70000 -0.00012
-17.65000 -0.00012
-17.60000 -0.00012
-17.55000 -0.00012
-17.50000 -0.00012
-17.45000 -0.00012
-17.40000 -0.00012
-17.35000 -0.00012
-17.30000 -0.00012
-17.25000 -0.00012
-17.20000 -0.00012
-17.15000 -0.00012
-17.10000 -0.00013
-17.05000 -0.00013
-17.00000 -0.00013
-16.95000 -0.00013
-16.90000 -0.00013
-16.85000 -0.00013
-16.80000 -0.00013
-16.75000 -0.00013
-16.70000 -0.00013
-16.65000 -0.00013
-16.60000 -0.00013
-16.55000 -0.00013
-16.50000 -0.00013
-16.45000 -0.00013
-16.40000 -0.00013
-16.35000 -0.00014
-16.30000 -0.00014
-16.25000 -0.00014
-16.20000 -0.00014
-16.15000 -0.00014
-16.10000 -0.00014
-16.05000 -0.00014
-16.00000 -0.00014
-15.95000 -0.00014
-15.90000 -0.00014
-15.85000 -0.00014
-15.80000 -0.00014
-15.75000 -0.00014
-15.70000 -0.00015
-15.65000 -0.00015
-15.60000 -0.00015
-15.55000 -0.00015
-15.50000 -0.00015
-15.45000 -0.00015
-15.40000 -0.00015
-15.35000 -0.00015
-15.30000 -0.00015
-15.25000 -0.00015
-15.20000 -0.00015
-15.15000 -0.00015
-15.10000 -0.00016
-15.05000 -0.00016
-15.00000 -0.00016
-14.95000 -0.00016
-14.90000 -0.00016
-14.85000 -0.00016
-14.80000 -0.00016
-14.75000 -0.00016
-14.70000 -0.00016
-14.65000 -0.00016
-14.60000 -0.00017
-14.55000 -0.00017
-14.50000 -0.00017
-14.45000 -0.00017
-14.40000 -0.00017
-14.35000 -0.00017
-14.30000 -0.00017
-14.25000 -0.00017
-14.20000 -0.00017
-14.15000 -0.00017
-14.10000 -0.00018
-14.05000 -0.00018
-14.00000 -0.00018
-13.95000 -0.00018
-13.90000 -0.00018
-13.85000 -0.00018
-13.80000 -0.00018
-13.75000 -0.00018
-13.70000 -0.00018
-13.65000 -0.00019
-13.60000 -0.00019
-13.55000 -0.00019
-13.50000 -0.00019
-13.45000 -0.00019
-13.40000 -0.00019
-13.35000 -0.00019
-13.30000 -0.00019
-13.25000 -0.00020
-13.20000 -0.00020
-13.15000 -0.00020
-13.10000 -0.00020
-13.05000 -0.00020
-13.00000 -0.00020
-12.95000 -0.00020
-12.90000 -0.00020
-12.85000 -0.00021
-12.80000 -0.00021
-12.75000 -0.00021
-12.70000 -0.00021
-12.65000 -0.00021
-12.60000 -0.00021
-12.55000 -0.00021
-12.50000 -0.00022
-12.45000 -0.00022
-12.40000 -0.00022
-12.35000 -0.00022
-12.30000 -0.00022
-12.25000 -0.00022
-12.20000 -0.00023
-12.15000 -0.00023
-12.10000 -0.00023
-12.05000 -0.00023
-12.00000 -0.00023
-11.95000 -0.00023
-11.90000 -0.00023
-11.85000 -0.00024
-11.80000 -0.00024
-11.75000 -0.00024
-11.70000 -0.00024
-11.65000 -0.00024
-11.60000 -0.00025
-11.55000 -0.00025
-11.50000 -0.00025
-11.45000 -0.00025
-11.40000 -0.00025
-11.35000 -0.00025
-11.30000 -0.00026
-11.25000 -0.00026
-11.20000 -0.00026
-11.15000 -0.00026
-11.10000 -0.00026
-11.05000 -0.00027
-11.00000 -0.00027
-10.95000 -0.00027
-10.90000 -0.00027
-10.85000 -0.00027
-10.80000 -0.00028
-10.75000 -0.00028
-10.70000 -0.00028
-10.65000 -0.00028
-10.60000 -0.00029
-10.55000 -0.00029
-10.50000 -0.00029
-10.45000 -0.00029
-10.40000 -0.00029
-10.35000 -0.00030
-10.30000 -0.00030
-10.25000 -0.00030
-10.20000 -0.00030
-10.15000 -0.00031
-10.10000 -0.00031
-10.05000 -0.00031
-10.00000 -0.00031
-9.95000 -0.00032
-9.90000 -0.00032
-9.85000 -0.00032
-9.80000 -0.00032
-9.75000 -0.00033
-9.70000 -0.00033
-9.65000 -0.00033
-9.60000 -0.00034
-9.55000 -0.00034
-9.50000 -0.00034
-9.45000 -0.00034
-9.40000 -0.00035
-9.35000 -0.00035
-9.30000 -0.00035
-9.25000 -0.00036
-9.20000 -0.00036
-9.15000 -0.00036
-9.10000 -0.00037
-9.05000 -0.00037
-9.00000 -0.00037
-8.95000 -0.00038
-8.90000 -0.00038
-8.85000 -0.00038
-8.80000 -0.00039
-8.75000 -0.00039
-8.70000 -0.00039
-8.65000 -0.00040
-8.60000 -0.00040
-8.55000 -0.00041
-8.50000 -0.00041
-8.45000 -0.00041
-8.40000 -0.00042
-8.35000 -0.00042
-8.30000 -0.00043
-8.25000 -0.00043
-8.20000 -0.00043
-8.15000 -0.00044
-8.10000 -0.00044
-8.05000 -0.00045
-8.00000 -0.00045
-7.95000 -0.00046
-7.90000 -0.00046
-7.85000 -0.00046
-7.80000 -0.00047
-7.75000 -0.00047
-7.70000 -0.00048
-7.65000 -0.00048
-7.60000 -0.00049
-7.55000 -0.00049
-7.50000 -0.00050
-7.45000 -0.00050
-7.40000 -0.00051
-7.35000 -0.00052
-7.30000 -0.00052
-7.25000 -0.00053
-7.20000 -0.00053
-7.15000 -0.00054
-7.10000 -0.00054
-7.05000 -0.00055
-7.00000 -0.00056
-6.95000 -0.00056
-6.90000 -0.00057
-6.85000 -0.00058
-6.80000 -0.00058
-6.75000 -0.00059
-6.70000 -0.00060
-6.65000 -0.00060
-6.60000 -0.00061
-6.55000 -0.00062
-6.50000 -0.00062
-6.45000 -0.00063
-6.40000 -0.00064
-6.35000 -0.00065
-6.30000 -0.00065
-6.25000 -0.00066
-6.20000 -0.00067
-6.15000 -0.00068
-6.10000 -0.00069
-6.05000 -0.00070
-6.00000 -0.00070
-5.95000 -0.00071
-5.90000 -0.00072
-5.85000 -0.00073
-5.80000 -0.00074
-5.75000 -0.00075
-5.70000 -0.00076
-5.65000 -0.00077
-5.60000 -0.00078
-5.55000 -0.00079
-5.50000 -0.00080
-5.45000 -0.00081
-5.40000 -0.00082
-5.35000 -0.00084
-5.30000 -0.00085
-5.25000 -0.00086
-5.20000 -0.00087
-5.15000 -0.00088
-5.10000 -0.00090
-5.05000 -0.00091
-5.00000 -0.00092
-4.95000 -0.00094
-4.90000 -0.00095
-4.85000 -0.00096
-4.80000 -0.00098
-4.75000 -0.00099
-4.70000 -0.00101
-4.65000 -0.00102
-4.60000 -0.00104
-4.55000 -0.00106
-4.50000 -0.00107
-4.45000 -0.00109
-4.40000 -0.00111
-4.35000 -0.00113
-4.30000 -0.00114
-4.25000 -0.00116
-4.20000 -0.00118
-4.15000 -0.00120
-4.10000 -0.00122
-4.05000 -0.00124
-4.00000 -0.00127
-3.95000 -0.00129
-3.90000 -0.00131
-3.85000 -0.00133
-3.80000 -0.00136
-3.75000 -0.00138
-3.70000 -0.00141
-3.65000 -0.00143
-3.60000 -0.00146
-3.55000 -0.00149
-3.50000 -0.00152
-3.45000 -0.00155
-3.40000 -0.00158
-3.35000 -0.00161
-3.30000 -0.00164
-3.25000 -0.00167
-3.20000 -0.00171
-3.15000 -0.00174
-3.10000 -0.00178
-3.05000 -0.00182
-3.00000 -0.00186
-2.95000 -0.00190
-2.90000 -0.00194
-2.85000 -0.00198
-2.80000 -0.00203
-2.75000 -0.00207
-2.70000 -0.00212
-2.65000 -0.00217
-2.60000 -0.00222
-2.55000 -0.00228
-2.50000 -0.00233
-2.45000 -0.00239
-2.40000 -0.00245
-2.35000 -0.00251
-2.30000 -0.00258
-2.25000 -0.00265
-2.20000 -0.00272
-2.15000 -0.00280
-2.10000 -0.00287
-2.05000 -0.00296
-2.00000 -0.00304
-1.95000 -0.00313
-1.90000 -0.00323
-1.85000 -0.00333
-1.80000 -0.00343
-1.75000 -0.00354
-1.70000 -0.00366
-1.65000 -0.00378
-1.60000 -0.00391
-1.55000 -0.00405
-1.50000 -0.00419
-1.45000 -0.00435
-1.40000 -0.00451
-1.35000 -0.00469
-1.30000 -0.00487
-1.25000 -0.00507
-1.20000 -0.00529
-1.15000 -0.00551
-1.10000 -0.00576
-1.05000 -0.00602
-1.00000 -0.00630
-0.95000 -0.00660
-0.90000 -0.00692
-0.85000 -0.00727
-0.80000 -0.00764
-0.75000 -0.00804
-0.70000 -0.00848
-0.65000 -0.00894
-0.60000 -0.00944
-0.55000 -0.00998
-0.50000 -0.01056
-0.45000 -0.01118
-0.40000 -0.01185
-0.35000 -0.01257
-0.30000 -0.01333
-0.25000 -0.01414
-0.20000 -0.01501
-0.15000 -0.01594
-0.10000 -0.01692
-0.05000 -0.01795
0.00000 -0.01904
0.05000 -0.02019
0.10000 -0.02140
0.15000 -0.02266
0.20000 -0.02397
0.25000 -0.02533
0.30000 -0.02673
0.35000 -0.02818
0.40000 -0.02966
0.45000 -0.03117
0.50000 -0.03271
0.55000 -0.03426
0.60000 -0.03583
0.65000 -0.03739
0.70000 -0.03895
0.75000 -0.04050
0.80000 -0.04202
0.85000 -0.04352
0.90000 -0.04498
0.95000 -0.04639
1.00000 -0.04775
1.05000 -0.04906
1.10000 -0.05030
1.15000 -0.05148
1.20000 -0.05259
1.25000 -0.05363
1.30000 -0.05461
1.35000 -0.05551
1.40000 -0.05635
1.45000 -0.05712
1.50000 -0.05783
1.55000 -0.05849
1.60000 -0.05910
1.65000 -0.05966
1.70000 -0.06019
1.75000 -0.06069
1.80000 -0.06117
1.85000 -0.06162
1.90000 -0.06207
1.95000 -0.06251
2.00000 -0.06294
2.05000 -0.06338
2.10000 -0.06382
2.15000 -0.06426
2.20000 -0.06469
2.25000 -0.06513
2.30000 -0.06556
2.35000 -0.06598
2.40000 -0.06638
2.45000 -0.06675
2.50000 -0.06709
2.55000 -0.06739
2.60000 -0.06763
2.65000 -0.06782
2.70000 -0.06792
2.75000 -0.06795
2.80000 -0.06788
2.85000 -0.06772
2.90000 -0.06744
2.95000 -0.06705
3.00000 -0.06655
3.05000 -0.06592
3.10000 -0.06517
3.15000 -0.06429
3.20000 -0.06329
3.25000 -0.06217
3.30000 -0.06094
3.35000 -0.05959
3.40000 -0.05815
3.45000 -0.05661
3.50000 -0.05499
3.55000 -0.05329
3.60000 -0.05153
3.65000 -0.04972
3.70000 -0.04787
3.75000 -0.04599
3.80000 -0.04410
3.85000 -0.04220
3.90000 -0.04031
3.95000 -0.03843
4.00000 -0.03658
4.05000 -0.03476
4.10000 -0.03298
4.15000 -0.03125
4.20000 -0.02958
4.25000 -0.02796
4.30000 -0.02641
4.35000 -0.02492
4.40000 -0.02350
4.45000 -0.02214
4.50000 -0.02086
4.55000 -0.01964
4.60000 -0.01850
4.65000 -0.01742
4.70000 -0.01640
4.75000 -0.01545
4.80000 -0.01456
4.85000 -0.01373
4.90000 -0.01296
4.95000 -0.01223
5.00000 -0.01156
5.05000 -0.01093
5.10000 -0.01035
5.15000 -0.00981
5.20000 -0.00930
5.25000 -0.00883
5.30000 -0.00840
5.35000 -0.00799
5.40000 -0.00762
5.45000 -0.00727
5.50000 -0.00694
5.55000 -0.00663
5.60000 -0.00635
5.65000 -0.00608
5.70000 -0.00583
5.75000 -0.00560
5.80000 -0.00538
5.85000 -0.00518
5.90000 -0.00498
5.95000 -0.00480
6.00000 -0.00463
6.05000 -0.00447
6.10000 -0.00432
6.15000 -0.00417
6.20000 -0.00403
6.25000 -0.00390
6.30000 -0.00378
6.35000 -0.00367
6.40000 -0.00355
6.45000 -0.00345
6.50000 -0.00335
6.55000 -0.00325
6.60000 -0.00316
6.65000 -0.00307
6.70000 -0.00299
6.75000 -0.00291
6.80000 -0.00283
6.85000 -0.00276
6.90000 -0.00269
6.95000 -0.00262
7.00000 -0.00256
7.05000 -0.00250
7.10000 -0.00244
7.15000 -0.00238
7.20000 -0.00232
7.25000 -0.00227
7.30000 -0.00222
7.35000 -0.00217
7.40000 -0.00212
7.45000 -0.00207
7.50000 -0.00203
7.55000 -0.00199
7.60000 -0.00195
7.65000 -0.00191
7.70000 -0.00187
7.75000 -0.00183
7.80000 -0.00179
7.85000 -0.00176
7.90000 -0.00172
7.95000 -0.00169
8.00000 -0.00166
8.05000 -0.00163
8.10000 -0.00160
8.15000 -0.00157
8.20000 -0.00154
8.25000 -0.00151
8.30000 -0.00148
8.35000 -0.00146
8.40000 -0.00143
8.45000 -0.00141
8.50000 -0.00138
8.55000 -0.00136
8.60000 -0.00134
8.65000 -0.00131
8.70000 -0.00129
8.75000 -0.00127
8.80000 -0.00125
8.85000 -0.00123
8.90000 -0.00121
8.95000 -0.00119
9.00000 -0.00117
9.05000 -0.00116
9.10000 -0.00114
9.15000 -0.00112
9.20000 -0.00110
9.25000 -0.00109
9.30000 -0.00107
9.35000 -0.00106
9.40000 -0.00104
9.45000 -0.00103
9.50000 -0.00101
9.55000 -0.00100
9.60000 -0.00098
9.65000 -0.00097
9.70000 -0.00096
9.75000 -0.00094
9.80000 -0.00093
9.85000 -0.00092
9.90000 -0.00090
9.95000 -0.00089
10.00000 -0.00088
10.05000 -0.00087
10.10000 -0.00086
10.15000 -0.00085
10.20000 -0.00084
10.25000 -0.00083
10.30000 -0.00082
10.35000 -0.00080
10.40000 -0.00080
10.45000 -0.00079
10.50000 -0.00078
10.55000 -0.00077
10.60000 -0.00076
10.65000 -0.00075
10.70000 -0.00074
10.75000 -0.00073
10.80000 -0.00072
10.85000 -0.00072
10.90000 -0.00071
10.95000 -0.00070
11.00000 -0.00069
11.05000 -0.00069
11.10000 -0.00068
11.15000 -0.00067
11.20000 -0.00067
11.25000 -0.00066
11.30000 -0.00065
11.35000 -0.00065
11.40000 -0.00064
11.45000 -0.00064
11.50000 -0.00063
11.55000 -0.00063
11.60000 -0.00062
11.65000 -0.00062
11.70000 -0.00061
11.75000 -0.00061
11.80000 -0.00060
11.85000 -0.00060
11.90000 -0.00060
11.95000 -0.00059
12.00000 -0.00059
12.05000 -0.00059
12.10000 -0.00058
12.15000 -0.00058
12.20000 -0.00058
12.25000 -0.00057
12.30000 -0.00057
12.35000 -0.00057
12.40000 -0.00057
12.45000 -0.00057
12.50000 -0.00056
12.55000 -0.00056
12.60000 -0.00056
12.65000 -0.00056
12.70000 -0.00056
12.75000 -0.00055
12.80000 -0.00055
12.85000 -0.00055
12.90000 -0.00055
12.95000 -0.00055
13.00000 -0.00055
13.05000 -0.00055
13.10000 -0.00054
13.15000 -0.00054
13.20000 -0.00054
13.25000 -0.00054
13.30000 -0.00054
13.35000 -0.00054
13.40000 -0.00054
13.45000 -0.00054
13.50000 -0.00054
13.55000 -0.00054
13.60000 -0.00054
13.65000 -0.00054
13.70000 -0.00054
13.75000 -0.00054
13.80000 -0.00054
13.85000 -0.00054
13.90000 -0.00054
13.95000 -0.00054
14.00000 -0.00054
14.05000 -0.00054
14.10000 -0.00054
14.15000 -0.00054
14.20000 -0.00054
14.25000 -0.00054
14.30000 -0.00054
14.35000 -0.00054
14.40000 -0.00054
14.45000 -0.00054
14.50000 -0.00054
14.55000 -0.00054
14.60000 -0.00054
14.65000 -0.00054
14.70000 -0.00054
14.75000 -0.00053
14.80000 -0.00053
14.85000 -0.00053
14.90000 -0.00053
14.95000 -0.00052
15.00000 -0.00052
15.05000 -0.00052
15.10000 -0.00052
15.15000 -0.00051
15.20000 -0.00051
15.25000 -0.00050
15.30000 -0.00050
15.35000 -0.00050
15.40000 -0.00049
15.45000 -0.00049
15.50000 -0.00048
15.55000 -0.00048
15.60000 -0.00047
15.65000 -0.00047
15.70000 -0.00046
15.75000 -0.00046
15.80000 -0.00045
15.85000 -0.00045
15.90000 -0.00044
15.95000 -0.00044
16.00000 -0.00043
16.05000 -0.00043
16.10000 -0.00042
16.15000 -0.00042
16.20000 -0.00041
16.25000 -0.00041
16.30000 -0.00040
16.35000 -0.00040
16.40000 -0.00039
16.45000 -0.00039
16.50000 -0.00038
16.55000 -0.00038
16.60000 -0.00037
16.65000 -0.00037
16.70000 -0.00036
16.75000 -0.00036
16.80000 -0.00035
16.85000 -0.00035
16.90000 -0.00035
16.95000 -0.00034
17.00000 -0.00034
17.05000 -0.00033
17.10000 -0.00033
17.15000 -0.00032
17.20000 -0.00032
17.25000 -0.00031
17.30000 -0.00031
17.35000 -0.00031
17.40000 -0.00030
17.45000 -0.00030
17.50000 -0.00029
17.55000 -0.00029
17.60000 -0.00029
17.65000 -0.00028
17.70000 -0.00028
17.75000 -0.00027
17.80000 -0.00027
17.85000 -0.00027
17.90000 -0.00026
17.95000 -0.00026
18.00000 -0.00026
18.05000 -0.00025
18.10000 -0.00025
18.15000 -0.00025
18.20000 -0.00024
18.25000 -0.00024
18.30000 -0.00024
18.35000 -0.00024
18.40000 -0.00023
18.45000 -0.00023
18.50000 -0.00023
18.55000 -0.00023
18.60000 -0.00022
18.65000 -0.00022
18.70000 -0.00022
18.75000 -0.00022
18.80000 -0.00022
18.85000 -0.00021
18.90000 -0.00021
18.95000 -0.00021
19.00000 -0.00021
19.05000 -0.00021
19.10000 -0.00021
19.15000 -0.00020
19.20000 -0.00020
19.25000 -0.00020
19.30000 -0.00020
19.35000 -0.00020
19.40000 -0.00020
19.45000 -0.00020
19.50000 -0.00020
19.55000 -0.00019
19.60000 -0.00019
19.65000 -0.00019
19.70000 -0.00019
19.75000 -0.00019
19.80000 -0.00019
19.85000 -0.00019
19.90000 -0.00019
19.95000 -0.00019
20.00000 -0.00019
