-5.00000 0.00000
-4.90000 0.00000
-4.80000 0.00000
-4.70000 0.00000
-4.60000 0.00000
-4.50000 0.00000
-4.40000 0.00000
-4.30000 0.00000
-4.20000 0.00000
-4.10000 0.00000
-4.00000 0.00001
-3.90000 0.00001
-3.80000 0.00001
-3.70000 0.00001
-3.60000 0.00001
-3.50000 0.00001
-3.40000 0.00001
-3.30000 0.00001
-3.20000 0.00001
-3.10000 0.00001
-3.00000 0.00001
-2.90000 0.00001
-2.80000 0.00001
-2.70000 0.00002
-2.60000 0.00002
-2.50000 0.00002
-2.40000 0.00002
-2.30000 0.00002
-2.20000 0.00002
-2.10000 0.00002
-2.00000 0.00002
-1.90000 0.00003
-1.80000 0.00003
-1.70000 0.00003
-1.60000 0.00003
-1.50000 0.00003
-1.40000 0.00004
-1.30000 0.00004
-1.20000 0.00004
-1.10000 0.00004
-1.00000 0.00005
-0.90000 0.00005
-0.80000 0.00006
-0.70000 0.00006
-0.60000 0.00007
-0.50000 0.00007
-0.40000 0.00008
-0.30000 0.00010
-0.20000 0.00011
-0.10000 0.00013
0.00000 0.00016
0.10000 0.00021
0.20000 0.00029
0.30000 0.00043
0.40000 0.00067
0.50000 0.00105
0.60000 0.00160
0.70000 0.00229
0.80000 0.00299
0.90000 0.00353
1.00000 0.00374
1.10000 0.00353
1.20000 0.00300
1.30000 0.00230
1.40000 0.00162
1.50000 0.00107
1.60000 0.00069
1.70000 0.00045
1.80000 0.00032
1.90000 0.00024
2.00000 0.00020
2.10000 0.00017
2.20000 0.00015
2.30000 0.00014
2.40000 0.00014
2.50000 0.00013
2.60000 0.00013
2.70000 0.00013
2.80000 0.00012
2.90000 0.00013
3.00000 0.00013
3.10000 0.00013
3.20000 0.00013
3.30000 0.00013
3.40000 0.00014
3.50000 0.00014
3.60000 0.00015
3.70000 0.00015
3.80000 0.00016
3.90000 0.00016
4.00000 0.00017
4.10000 0.00018
4.20000 0.00019
4.30000 0.00020
4.40000 0.00021
4.50000 0.00022
4.60000 0.00023
4.70000 0.00025
4.80000 0.00026
4.90000 0.00028
5.00000 0.00030
5.10000 0.00033
5.20000 0.00035
5.30000 0.00039
5.40000 0.00043
5.50000 0.00048
5.60000 0.00054
5.70000 0.00062
5.80000 0.00072
5.90000 0.00086
6.00000 0.00108
6.10000 0.00143
6.20000 0.00201
6.30000 0.00300
6.40000 0.00461
6.50000 0.00706
6.60000 0.01043
6.70000 0.01448
6.80000 0.01860
6.90000 0.02187
7.00000 0.02342
7.10000 0.02279
7.20000 0.02017
7.30000 0.01634
7.40000 0.01228
7.50000 0.00881
7.60000 0.00637
7.70000 0.00501
7.80000 0.00451
7.90000 0.00453
8.00000 0.00470
8.10000 0.00472
8.20000 0.00445
8.30000 0.00389
8.40000 0.00318
8.50000 0.00249
8.60000 0.00194
8.70000 0.00157
8.80000 0.00134
8.90000 0.00123
9.00000 0.00119
9.10000 0.00119
9.20000 0.00123
9.30000 0.00128
9.40000 0.00136
9.50000 0.00145
9.60000 0.00157
9.70000 0.00171
9.80000 0.00188
9.90000 0.00210
10.00000 0.00236
10.10000 0.00268
10.20000 0.00310
10.30000 0.00366
10.40000 0.00442
10.50000 0.00553
10.60000 0.00728
10.70000 0.01018
10.80000 0.01511
10.90000 0.02330
11.00000 0.03608
11.10000 0.05415
11.20000 0.07668
11.30000 0.10079
11.40000 0.12197
11.50000 0.13576
11.60000 0.13964
11.70000 0.13422
11.80000 0.12292
11.90000 0.11028
12.00000 0.09978
12.10000 0.09245
12.20000 0.08706
12.30000 0.08179
12.40000 0.07601
12.50000 0.07071
12.60000 0.06737
12.70000 0.06622
12.80000 0.06562
12.90000 0.06305
13.00000 0.05683
13.10000 0.04719
13.20000 0.03600
13.30000 0.02548
13.40000 0.01710
13.50000 0.01127
13.60000 0.00758
13.70000 0.00536
13.80000 0.00404
13.90000 0.00321
14.00000 0.00266
14.10000 0.00226
14.20000 0.00196
14.30000 0.00173
14.40000 0.00153
14.50000 0.00138
14.60000 0.00124
14.70000 0.00113
14.80000 0.00103
14.90000 0.00094
15.00000 0.00087
15.10000 0.00080
15.20000 0.00075
15.30000 0.00069
15.40000 0.00065
15.50000 0.00060
15.60000 0.00057
15.70000 0.00053
15.80000 0.00050
15.90000 0.00047
16.00000 0.00044
16.10000 0.00042
16.20000 0.00040
16.30000 0.00038
16.40000 0.00036
16.50000 0.00034
16.60000 0.00032
16.70000 0.00031
16.80000 0.00029
16.90000 0.00028
17.00000 0.00027
17.10000 0.00025
17.20000 0.00024
17.30000 0.00023
17.40000 0.00022
17.50000 0.00021
17.60000 0.00020
17.70000 0.00020
17.80000 0.00019
17.90000 0.00018
18.00000 0.00017
18.10000 0.00017
18.20000 0.00016
18.30000 0.00015
18.40000 0.00015
18.50000 0.00014
18.60000 0.00014
18.70000 0.00013
18.80000 0.00013
18.90000 0.00012
19.00000 0.00012
19.10000 0.00011
19.20000 0.00011
19.30000 0.00011
19.40000 0.00010
19.50000 0.00010
19.60000 0.00010
19.70000 0.00009
19.80000 0.00009
19.90000 0.00009
20.00000 0.00008
20.10000 0.00008
20.20000 0.00008
20.30000 0.00007
20.40000 0.00007
20.50000 0.00007
20.60000 0.00007
20.70000 0.00007
20.80000 0.00006
20.90000 0.00006
21.00000 0.00006
21.10000 0.00006
21.20000 0.00005
21.30000 0.00005
21.40000 0.00005
21.50000 0.00005
21.60000 0.00005
21.70000 0.00005
21.80000 0.00004
21.90000 0.00004
22.00000 0.00004
22.10000 0.00004
22.20000 0.00004
22.30000 0.00004
22.40000 0.00004
22.50000 0.00003
22.60000 0.00003
22.70000 0.00003
22.80000 0.00003
22.90000 0.00003
23.00000 0.00003
23.10000 0.00003
23.20000 0.00003
23.30000 0.00003
23.40000 0.00002
23.50000 0.00002
23.60000 0.00002
23.70000 0.00002
23.80000 0.00002
23.90000 0.00002
24.00000 0.00002
24.10000 0.00002
24.20000 0.00002
24.30000 0.00002
24.40000 0.00002
24.50000 0.00002
24.60000 0.00001
24.70000 0.00001
24.80000 0.00001
24.90000 0.00001
25.00000 0.00001
