-20.00000 0.01641
-19.95000 0.01654
-19.90000 0.01666
-19.85000 0.01679
-19.80000 0.01692
-19.75000 0.01705
-19.70000 0.01718
-19.65000 0.01731
-19.60000 0.01745
-19.55000 0.01759
-19.50000 0.01772
-19.45000 0.01786
-19.40000 0.01801
-19.35000 0.01815
-19.30000 0.01830
-19.25000 0.01845
-19.20000 0.01859
-19.15000 0.01875
-19.10000 0.01890
-19.05000 0.01906
-19.00000 0.01922
-18.95000 0.01938
-18.90000 0.01954
-18.85000 0.01970
-18.80000 0.01987
-18.75000 0.02004
-18.70000 0.02021
-18.65000 0.02039
-18.60000 0.02056
-18.55000 0.02074
-18.50000 0.02092
-18.45000 0.02111
-18.40000 0.02130
-18.35000 0.02149
-18.30000 0.02168
-18.25000 0.02187
-18.20000 0.02207
-18.15000 0.02227
-18.10000 0.02248
-18.05000 0.02268
-18.00000 0.02289
-17.95000 0.02311
-17.90000 0.02332
-17.85000 0.02354
-17.80000 0.02376
-17.75000 0.02399
-17.70000 0.02422
-17.65000 0.02445
-17.60000 0.02468
-17.55000 0.02492
-17.50000 0.02516
-17.45000 0.02541
-17.40000 0.02565
-17.35000 0.02590
-17.30000 0.02616
-17.25000 0.02642
-17.20000 0.02668
-17.15000 0.02694
-17.10000 0.02721
-17.05000 0.02748
-17.00000 0.02776
-16.95000 0.02804
-16.90000 0.02832
-16.85000 0.02860
-16.80000 0.02889
-16.75000 0.02919
-16.70000 0.02948
-16.65000 0.02978
-16.60000 0.03009
-16.55000 0.03039
-16.50000 0.03070
-16.45000 0.03102
-16.40000 0.03134
-16.35000 0.03166
-16.30000 0.03199
-16.25000 0.03232
-16.20000 0.03265
-16.15000 0.03299
-16.10000 0.03333
-16.05000 0.03368
-16.00000 0.03403
-15.95000 0.03439
-15.90000 0.03475
-15.85000 0.03511
-15.80000 0.03548
-15.75000 0.03586
-15.70000 0.03624
-15.65000 0.03662
-15.60000 0.03701
-15.55000 0.03740
-15.50000 0.03780
-15.45000 0.03820
-15.40000 0.03861
-15.35000 0.03903
-15.30000 0.03945
-15.25000 0.03987
-15.20000 0.04030
-15.15000 0.04074
-15.10000 0.04118
-15.05000 0.04163
-15.00000 0.04209
-14.95000 0.04255
-14.90000 0.04302
-14.85000 0.04349
-14.80000 0.04397
-14.75000 0.04446
-14.70000 0.04495
-14.65000 0.04545
-14.60000 0.04595
-14.55000 0.04647
-14.50000 0.04699
-14.45000 0.04751
-14.40000 0.04804
-14.35000 0.04858
-14.30000 0.04913
-14.25000 0.04968
-14.20000 0.05024
-14.15000 0.05080
-14.10000 0.05138
-14.05000 0.05195
-14.00000 0.05254
-13.95000 0.05313
-13.90000 0.05372
-13.85000 0.05433
-13.80000 0.05494
-13.75000 0.05555
-13.70000 0.05617
-13.65000 0.05680
-13.60000 0.05743
-13.55000 0.05806
-13.50000 0.05871
-13.45000 0.05936
-13.40000 0.06001
-13.35000 0.06067
-13.30000 0.06133
-13.25000 0.06200
-13.20000 0.06267
-13.15000 0.06335
-13.10000 0.06404
-13.05000 0.06473
-13.00000 0.06543
-12.95000 0.06613
-12.90000 0.06683
-12.85000 0.06755
-12.80000 0.06827
-12.75000 0.06899
-12.70000 0.06973
-12.65000 0.07046
-12.60000 0.07121
-12.55000 0.07197
-12.50000 0.07273
-12.45000 0.07350
-12.40000 0.07428
-12.35000 0.07507
-12.30000 0.07587
-12.25000 0.07668
-12.20000 0.07750
-12.15000 0.07833
-12.10000 0.07917
-12.05000 0.08003
-12.00000 0.08091
-11.95000 0.08179
-11.90000 0.08270
-11.85000 0.08362
-11.80000 0.08455
-11.75000 0.08551
-11.70000 0.08648
-11.65000 0.08747
-11.60000 0.08849
-11.55000 0.08952
-11.50000 0.09058
-11.45000 0.09166
-11.40000 0.09277
-11.35000 0.09390
-11.30000 0.09505
-11.25000 0.09624
-11.20000 0.09745
-11.15000 0.09869
-11.10000 0.09996
-11.05000 0.10126
-11.00000 0.10259
-10.95000 0.10396
-10.90000 0.10536
-10.85000 0.10679
-10.80000 0.10825
-10.75000 0.10976
-10.70000 0.11130
-10.65000 0.11288
-10.60000 0.11449
-10.55000 0.11615
-10.50000 0.11784
-10.45000 0.11958
-10.40000 0.12136
-10.35000 0.12318
-10.30000 0.12504
-10.25000 0.12695
-10.20000 0.12890
-10.15000 0.13090
-10.10000 0.13294
-10.05000 0.13503
-10.00000 0.13717
-9.95000 0.13936
-9.90000 0.14160
-9.85000 0.14388
-9.80000 0.14622
-9.75000 0.14861
-9.70000 0.15104
-9.65000 0.15354
-9.60000 0.15608
-9.55000 0.15868
-9.50000 0.16133
-9.45000 0.16403
-9.40000 0.16679
-9.35000 0.16960
-9.30000 0.17247
-9.25000 0.17539
-9.20000 0.17836
-9.15000 0.18139
-9.10000 0.18448
-9.05000 0.18762
-9.00000 0.19081
-8.95000 0.19406
-8.90000 0.19736
-8.85000 0.20071
-8.80000 0.20412
-8.75000 0.20758
-8.70000 0.21109
-8.65000 0.21464
-8.60000 0.21825
-8.55000 0.22191
-8.50000 0.22561
-8.45000 0.22936
-8.40000 0.23315
-8.35000 0.23698
-8.30000 0.24086
-8.25000 0.24478
-8.20000 0.24873
-8.15000 0.25272
-8.10000 0.25675
-8.05000 0.26081
-8.00000 0.26491
-7.95000 0.26903
-7.90000 0.27319
-7.85000 0.27737
-7.80000 0.28158
-7.75000 0.28581
-7.70000 0.29007
-7.65000 0.29435
-7.60000 0.29866
-7.55000 0.30298
-7.50000 0.30733
-7.45000 0.31169
-7.40000 0.31607
-7.35000 0.32048
-7.30000 0.32490
-7.25000 0.32934
-7.20000 0.33379
-7.15000 0.33827
-7.10000 0.34276
-7.05000 0.34727
-7.00000 0.35180
-6.95000 0.35635
-6.90000 0.36092
-6.85000 0.36551
-6.80000 0.37012
-6.75000 0.37475
-6.70000 0.37941
-6.65000 0.38408
-6.60000 0.38878
-6.55000 0.39350
-6.50000 0.39824
-6.45000 0.40300
-6.40000 0.40778
-6.35000 0.41257
-6.30000 0.41739
-6.25000 0.42222
-6.20000 0.42706
-6.15000 0.43191
-6.10000 0.43676
-6.05000 0.44162
-6.00000 0.44648
-5.95000 0.45133
-5.90000 0.45616
-5.85000 0.46098
-5.80000 0.46577
-5.75000 0.47053
-5.70000 0.47525
-5.65000 0.47992
-5.60000 0.48454
-5.55000 0.48909
-5.50000 0.49356
-5.45000 0.49795
-5.40000 0.50224
-5.35000 0.50643
-5.30000 0.51050
-5.25000 0.51444
-5.20000 0.51825
-5.15000 0.52191
-5.10000 0.52540
-5.05000 0.52873
-5.00000 0.53188
-4.95000 0.53483
-4.90000 0.53758
-4.85000 0.54012
-4.80000 0.54244
-4.75000 0.54453
-4.70000 0.54638
-4.65000 0.54799
-4.60000 0.54934
-4.55000 0.55044
-4.50000 0.55127
-4.45000 0.55183
-4.40000 0.55211
-4.35000 0.55212
-4.30000 0.55185
-4.25000 0.55130
-4.20000 0.55047
-4.15000 0.54935
-4.10000 0.54795
-4.05000 0.54628
-4.00000 0.54432
-3.95000 0.54210
-3.90000 0.53960
-3.85000 0.53684
-3.80000 0.53381
-3.75000 0.53054
-3.70000 0.52701
-3.65000 0.52325
-3.60000 0.51925
-3.55000 0.51503
-3.50000 0.51059
-3.45000 0.50594
-3.40000 0.50110
-3.35000 0.49607
-3.30000 0.49087
-3.25000 0.48549
-3.20000 0.47996
-3.15000 0.47429
-3.10000 0.46848
-3.05000 0.46254
-3.00000 0.45649
-2.95000 0.45033
-2.90000 0.44408
-2.85000 0.43775
-2.80000 0.43135
-2.75000 0.42489
-2.70000 0.41837
-2.65000 0.41181
-2.60000 0.40522
-2.55000 0.39861
-2.50000 0.39198
-2.45000 0.38535
-2.40000 0.37872
-2.35000 0.37211
-2.30000 0.36551
-2.25000 0.35894
-2.20000 0.35241
-2.15000 0.34591
-2.10000 0.33946
-2.05000 0.33307
-2.00000 0.32673
-1.95000 0.32046
-1.90000 0.31426
-1.85000 0.30813
-1.80000 0.30208
-1.75000 0.29610
-1.70000 0.29022
-1.65000 0.28441
-1.60000 0.27870
-1.55000 0.27308
-1.50000 0.26756
-1.45000 0.26213
-1.40000 0.25679
-1.35000 0.25156
-1.30000 0.24642
-1.25000 0.24139
-1.20000 0.23645
-1.15000 0.23161
-1.10000 0.22688
-1.05000 0.22224
-1.00000 0.21770
-0.95000 0.21326
-0.90000 0.20892
-0.85000 0.20468
-0.80000 0.20053
-0.75000 0.19647
-0.70000 0.19251
-0.65000 0.18865
-0.60000 0.18487
-0.55000 0.18118
-0.50000 0.17758
-0.45000 0.17406
-0.40000 0.17063
-0.35000 0.16729
-0.30000 0.16402
-0.25000 0.16083
-0.20000 0.15772
-0.15000 0.15469
-0.10000 0.15173
-0.05000 0.14885
0.00000 0.14603
0.05000 0.14328
0.10000 0.14060
0.15000 0.13799
0.20000 0.13544
0.25000 0.13295
0.30000 0.13053
0.35000 0.12816
0.40000 0.12585
0.45000 0.12360
0.50000 0.12140
0.55000 0.11925
0.60000 0.11716
0.65000 0.11512
0.70000 0.11312
0.75000 0.11117
0.80000 0.10927
0.85000 0.10742
0.90000 0.10561
0.95000 0.10384
1.00000 0.10211
1.05000 0.10042
1.10000 0.09877
1.15000 0.09716
1.20000 0.09559
1.25000 0.09405
1.30000 0.09255
1.35000 0.09108
1.40000 0.08964
1.45000 0.08824
1.50000 0.08687
1.55000 0.08552
1.60000 0.08421
1.65000 0.08293
1.70000 0.08167
1.75000 0.08045
1.80000 0.07924
1.85000 0.07807
1.90000 0.07692
1.95000 0.07579
2.00000 0.07469
2.05000 0.07361
2.10000 0.07255
2.15000 0.07152
2.20000 0.07050
2.25000 0.06951
2.30000 0.06854
2.35000 0.06759
2.40000 0.06665
2.45000 0.06574
2.50000 0.06484
2.55000 0.06397
2.60000 0.06310
2.65000 0.06226
2.70000 0.06143
2.75000 0.06062
2.80000 0.05983
2.85000 0.05904
2.90000 0.05828
2.95000 0.05753
3.00000 0.05679
3.05000 0.05607
3.10000 0.05536
3.15000 0.05466
3.20000 0.05398
3.25000 0.05331
3.30000 0.05265
3.35000 0.05200
3.40000 0.05137
3.45000 0.05074
3.50000 0.05013
3.55000 0.04953
3.60000 0.04894
3.65000 0.04836
3.70000 0.04779
3.75000 0.04723
3.80000 0.04668
3.85000 0.04613
3.90000 0.04560
3.95000 0.04508
4.00000 0.04457
4.05000 0.04406
4.10000 0.04356
4.15000 0.04307
4.20000 0.04259
4.25000 0.04212
4.30000 0.04166
4.35000 0.04120
4.40000 0.04075
4.45000 0.04031
4.50000 0.03987
4.55000 0.03944
4.60000 0.03902
4.65000 0.03861
4.70000 0.03820
4.75000 0.03780
4.80000 0.03740
4.85000 0.03701
4.90000 0.03663
4.95000 0.03625
5.00000 0.03588
5.05000 0.03551
5.10000 0.03515
5.15000 0.03480
5.20000 0.03445
5.25000 0.03410
5.30000 0.03376
5.35000 0.03343
5.40000 0.03310
5.45000 0.03277
5.50000 0.03245
5.55000 0.03214
5.60000 0.03183
5.65000 0.03152
5.70000 0.03122
5.75000 0.03092
5.80000 0.03063
5.85000 0.03034
5.90000 0.03005
5.95000 0.02977
6.00000 0.02949
6.05000 0.02922
6.10000 0.02895
6.15000 0.02869
6.20000 0.02842
6.25000 0.02816
6.30000 0.02791
6.35000 0.02766
6.40000 0.02741
6.45000 0.02716
6.50000 0.02692
6.55000 0.02668
6.60000 0.02645
6.65000 0.02622
6.70000 0.02599
6.75000 0.02576
6.80000 0.02554
6.85000 0.02532
6.90000 0.02510
6.95000 0.02488
7.00000 0.02467
7.05000 0.02446
7.10000 0.02426
7.15000 0.02405
7.20000 0.02385
7.25000 0.02365
7.30000 0.02345
7.35000 0.02326
7.40000 0.02307
7.45000 0.02288
7.50000 0.02269
7.55000 0.02251
7.60000 0.02232
7.65000 0.02214
7.70000 0.02197
7.75000 0.02179
7.80000 0.02162
7.85000 0.02144
7.90000 0.02127
7.95000 0.02111
8.00000 0.02094
8.05000 0.02078
8.10000 0.02061
8.15000 0.02045
8.20000 0.02030
8.25000 0.02014
8.30000 0.01999
8.35000 0.01983
8.40000 0.01968
8.45000 0.01953
8.50000 0.01938
8.55000 0.01924
8.60000 0.01909
8.65000 0.01895
8.70000 0.01881
8.75000 0.01867
8.80000 0.01853
8.85000 0.01840
8.90000 0.01826
8.95000 0.01813
9.00000 0.01800
9.05000 0.01787
9.10000 0.01774
9.15000 0.01761
9.20000 0.01748
9.25000 0.01736
9.30000 0.01723
9.35000 0.01711
9.40000 0.01699
9.45000 0.01687
9.50000 0.01675
9.55000 0.01663
9.60000 0.01652
9.65000 0.01640
9.70000 0.01629
9.75000 0.01618
9.80000 0.01607
9.85000 0.01596
9.90000 0.01585
9.95000 0.01574
10.00000 0.01563
10.05000 0.01553
10.10000 0.01542
10.15000 0.01532
10.20000 0.01521
10.25000 0.01511
10.30000 0.01501
10.35000 0.01491
10.40000 0.01481
10.45000 0.01472
10.50000 0.01462
10.55000 0.01452
10.60000 0.01443
10.65000 0.01434
10.70000 0.01424
10.75000 0.01415
10.80000 0.01406
10.85000 0.01397
10.90000 0.01388
10.95000 0.01379
11.00000 0.01370
11.05000 0.01362
11.10000 0.01353
11.15000 0.01345
11.20000 0.01336
11.25000 0.01328
11.30000 0.01320
11.35000 0.01311
11.40000 0.01303
11.45000 0.01295
11.50000 0.01287
11.55000 0.01279
11.60000 0.01271
11.65000 0.01264
11.70000 0.01256
11.75000 0.01248
11.80000 0.01241
11.85000 0.01233
11.90000 0.01226
11.95000 0.01219
12.00000 0.01211
12.05000 0.01204
12.10000 0.01197
12.15000 0.01190
12.20000 0.01183
12.25000 0.01176
12.30000 0.01169
12.35000 0.01162
12.40000 0.01155
12.45000 0.01149
12.50000 0.01142
12.55000 0.01135
12.60000 0.01129
12.65000 0.01122
12.70000 0.01116
12.75000 0.01109
12.80000 0.01103
12.85000 0.01097
12.90000 0.01091
12.95000 0.01085
13.00000 0.01078
13.05000 0.01072
13.10000 0.01066
13.15000 0.01060
13.20000 0.01054
13.25000 0.01049
13.30000 0.01043
13.35000 0.01037
13.40000 0.01031
13.45000 0.01026
13.50000 0.01020
13.55000 0.01014
13.60000 0.01009
13.65000 0.01003
13.70000 0.00998
13.75000 0.00993
13.80000 0.00987
13.85000 0.00982
13.90000 0.00977
13.95000 0.00971
14.00000 0.00966
14.05000 0.00961
14.10000 0.00956
14.15000 0.00951
14.20000 0.00946
14.25000 0.00941
14.30000 0.00936
14.35000 0.00931
14.40000 0.00926
14.45000 0.00921
14.50000 0.00917
14.55000 0.00912
14.60000 0.00907
14.65000 0.00902
14.70000 0.00898
14.75000 0.00893
14.80000 0.00889
14.85000 0.00884
14.90000 0.00880
14.95000 0.00875
15.00000 0.00871
15.05000 0.00866
15.10000 0.00862
15.15000 0.00858
15.20000 0.00853
15.25000 0.00849
15.30000 0.00845
15.35000 0.00841
15.40000 0.00836
15.45000 0.00832
15.50000 0.00828
15.55000 0.00824
15.60000 0.00820
15.65000 0.00816
15.70000 0.00812
15.75000 0.00808
15.80000 0.00804
15.85000 0.00800
15.90000 0.00796
15.95000 0.00793
16.00000 0.00789
16.05000 0.00785
16.10000 0.00781
16.15000 0.00777
16.20000 0.00774
16.25000 0.00770
16.30000 0.00766
16.35000 0.00763
16.40000 0.00759
16.45000 0.00756
16.50000 0.00752
16.55000 0.00748
16.60000 0.00745
16.65000 0.00741
16.70000 0.00738
16.75000 0.00735
16.80000 0.00731
16.85000 0.00728
16.90000 0.00724
16.95000 0.00721
17.00000 0.00718
17.05000 0.00714
17.10000 0.00711
17.15000 0.00708
17.20000 0.00705
17.25000 0.00702
17.30000 0.00698
17.35000 0.00695
17.40000 0.00692
17.45000 0.00689
17.50000 0.00686
17.55000 0.00683
17.60000 0.00680
17.65000 0.00677
17.70000 0.00674
17.75000 0.00671
17.80000 0.00668
17.85000 0.00665
17.90000 0.00662
17.95000 0.00659
18.00000 0.00656
18.05000 0.00653
18.10000 0.00650
18.15000 0.00647
18.20000 0.00645
18.25000 0.00642
18.30000 0.00639
18.35000 0.00636
18.40000 0.00634
18.45000 0.00631
18.50000 0.00628
18.55000 0.00625
18.60000 0.00623
18.65000 0.00620
18.70000 0.00617
18.75000 0.00615
18.80000 0.00612
18.85000 0.00610
18.90000 0.00607
18.95000 0.00604
19.00000 0.00602
19.05000 0.00599
19.10000 0.00597
19.15000 0.00594
19.20000 0.00592
19.25000 0.00589
19.30000 0.00587
19.35000 0.00585
19.40000 0.00582
19.45000 0.00580
19.50000 0.00577
19.55000 0.00575
19.60000 0.00573
19.65000 0.00570
19.70000 0.00568
19.75000 0.00566
19.80000 0.00563
19.85000 0.00561
19.90000 0.00559
19.95000 0.00556
20.00000 0.00554
