0.00000
0.00028
0.00058
0.00089
0.00121
0.00155
0.00191
0.00228
0.00267
0.00308
0.00351
0.00396
0.00444
0.00494
0.00548
0.00604
0.00664
0.00728
0.00796
0.00869
0.00946
0.01029
0.01119
0.01214
0.01318
0.01430
0.01553
0.01687
0.01834
0.01996
0.02176
0.02377
0.02603
0.02859
0.03152
0.03489
0.03881
0.04342
0.04888
0.05543
0.06333
0.07294
0.08470
0.09909
0.11668
0.13806
0.16386
0.19458
0.23060
0.27206
0.31876
0.37004
0.42475
0.48129
0.53757
0.59120
0.63984
0.68119
0.71352
0.73564
0.74723
0.74889
0.74186
0.72823
0.71036
0.69067
0.67135
0.65418
0.64021
0.62981
0.62274
0.61829
0.61555
0.61354
0.61154
0.60909
0.60615
0.60305
0.60040
0.59886
0.59923
0.60202
0.60753
0.61580
0.62650
0.63902
0.65261
0.66629
0.67928
0.69080
0.70036
0.70780
0.71326
0.71731
0.72072
0.72450
0.72978
0.73761
0.74885
0.76407
0.78356
0.80707
0.83385
0.86285
0.89259
0.92148
0.94777
0.96985
0.98643
0.99664
1.00000
0.99651
0.98671
0.97140
0.95169
0.92882
0.90407
0.87859
0.85337
0.82920
0.80668
0.78615
0.76781
0.75169
0.73758
0.72529
0.71450
0.70483
0.69582
0.68713
0.67832
0.66905
0.65898
0.64781
0.63537
0.62159
0.60655
0.59031
0.57309
0.55515
0.53671
0.51810
0.49966
0.48167
0.46431
0.44785
0.43242
0.41821
0.40532
0.39383
0.38375
0.37510
0.36782
0.36196
0.35731
0.35384
0.35142
0.34986
0.34909
0.34890
0.34915
0.34971
0.35042
0.35118
0.35189
0.35244
0.35277
0.35283
0.35257
0.35197
0.35103
0.34973
0.34814
0.34625
0.34415
0.34186
0.33939
0.33686
0.33431
0.33178
0.32934
0.32705
0.32490
0.32296
0.32123
0.31976
0.31857
0.31765
0.31697
0.31656
0.31636
0.31643
0.31667
0.31711
0.31769
0.31842
0.31925
0.32016
0.32116
0.32218
0.32323
0.32426
0.32526
0.32620
0.32706
0.32784
0.32852
0.32909
0.32958
0.32998
0.33031
0.33059
0.33085
0.33109
0.33134
0.33161
0.33193
0.33229
0.33270
0.33317
0.33371
0.33430
0.33494
0.33564
0.33638
0.33716
0.33797
0.33882
0.33969
0.34058
0.34149
0.34241
0.34334
0.34428
0.34523
0.34619
0.34715
0.34813
0.34911
0.35010
0.35109
0.35210
0.35311
0.35413
0.35516
0.35620
0.35724
0.35829
0.35935
0.36041
0.36148
0.36255
0.36363
0.36471
0.36579
0.36688
0.36797
0.36907
0.37017
0.37127
0.37237
0.37347
0.37458
0.37569
0.37680
0.37791
0.37903
0.38015
0.38126
0.38238
0.38350
0.38463
0.38575
0.38688
0.38800
0.38913
0.39026
0.39139
0.39252
0.39365
0.39478
0.39592
0.39705
0.39819
0.39932
0.40046
0.40160
0.40274
0.40388
0.40502
0.40616
0.40730
0.40844
0.40958
0.41073
0.41187
0.41301
0.41416
0.41530
0.41645
0.41760
