435.00000 0.00000 0.00000
435.10000 0.00001 0.00004
435.20000 0.00003 0.00007
435.30000 0.00004 0.00011
435.40000 0.00006 0.00015
435.50000 0.00007 0.00018
435.60000 0.00009 0.00022
435.70000 0.00010 0.00026
435.80000 0.00012 0.00030
435.90000 0.00013 0.00033
436.00000 0.00015 0.00037
436.10000 0.00016 0.00041
436.20000 0.00018 0.00045
436.30000 0.00019 0.00049
436.40000 0.00021 0.00053
436.50000 0.00022 0.00057
436.60000 0.00024 0.00061
436.70000 0.00025 0.00065
436.80000 0.00026 0.00069
436.90000 0.00028 0.00073
437.00000 0.00029 0.00077
437.10000 0.00031 0.00081
437.20000 0.00032 0.00085
437.30000 0.00034 0.00089
437.40000 0.00035 0.00093
437.50000 0.00037 0.00097
437.60000 0.00038 0.00102
437.70000 0.00040 0.00106
437.80000 0.00041 0.00110
437.90000 0.00043 0.00114
438.00000 0.00044 0.00119
438.10000 0.00046 0.00123
438.20000 0.00047 0.00128
438.30000 0.00049 0.00132
438.40000 0.00050 0.00136
438.50000 0.00052 0.00141
438.60000 0.00053 0.00145
438.70000 0.00054 0.00150
438.80000 0.00056 0.00155
438.90000 0.00057 0.00159
439.00000 0.00059 0.00164
439.10000 0.00060 0.00168
439.20000 0.00062 0.00173
439.30000 0.00063 0.00178
439.40000 0.00065 0.00183
439.50000 0.00066 0.00188
439.60000 0.00068 0.00192
439.70000 0.00069 0.00197
439.80000 0.00071 0.00202
439.90000 0.00072 0.00207
440.00000 0.00074 0.00212
440.10000 0.00075 0.00217
440.20000 0.00077 0.00223
440.30000 0.00078 0.00228
440.40000 0.00079 0.00233
440.50000 0.00081 0.00238
440.60000 0.00082 0.00243
440.70000 0.00084 0.00249
440.80000 0.00085 0.00254
440.90000 0.00087 0.00259
441.00000 0.00088 0.00265
441.10000 0.00090 0.00270
441.20000 0.00091 0.00276
441.30000 0.00093 0.00282
441.40000 0.00094 0.00287
441.50000 0.00096 0.00293
441.60000 0.00097 0.00299
441.70000 0.00099 0.00304
441.80000 0.00100 0.00310
441.90000 0.00102 0.00316
442.00000 0.00103 0.00322
442.10000 0.00105 0.00328
442.20000 0.00106 0.00334
442.30000 0.00107 0.00340
442.40000 0.00109 0.00347
442.50000 0.00110 0.00353
442.60000 0.00112 0.00359
442.70000 0.00113 0.00365
442.80000 0.00115 0.00372
442.90000 0.00116 0.00378
443.00000 0.00118 0.00385
443.10000 0.00119 0.00392
443.20000 0.00121 0.00398
443.30000 0.00122 0.00405
443.40000 0.00124 0.00412
443.50000 0.00125 0.00419
443.60000 0.00127 0.00426
443.70000 0.00128 0.00433
443.80000 0.00130 0.00440
443.90000 0.00131 0.00447
444.00000 0.00132 0.00454
444.10000 0.00134 0.00462
444.20000 0.00135 0.00469
444.30000 0.00137 0.00477
444.40000 0.00138 0.00484
444.50000 0.00140 0.00492
444.60000 0.00141 0.00500
444.70000 0.00143 0.00508
444.80000 0.00144 0.00515
444.90000 0.00146 0.00524
445.00000 0.00147 0.00532
445.10000 0.00149 0.00540
445.20000 0.00150 0.00548
445.30000 0.00152 0.00557
445.40000 0.00153 0.00565
445.50000 0.00155 0.00574
445.60000 0.00155 0.00582
445.70000 0.00156 0.00590
445.80000 0.00157 0.00599
445.90000 0.00159 0.00608
446.00000 0.00160 0.00617
446.10000 0.00161 0.00626
446.20000 0.00163 0.00635
446.30000 0.00165 0.00645
446.40000 0.00166 0.00655
446.50000 0.00168 0.00664
446.60000 0.00169 0.00674
446.70000 0.00170 0.00684
446.80000 0.00171 0.00694
446.90000 0.00173 0.00704
447.00000 0.00174 0.00714
447.10000 0.00175 0.00725
447.20000 0.00177 0.00736
447.30000 0.00178 0.00746
447.40000 0.00178 0.00755
447.50000 0.00178 0.00766
447.60000 0.00179 0.00777
447.70000 0.00180 0.00788
447.80000 0.00182 0.00800
447.90000 0.00183 0.00812
448.00000 0.00184 0.00823
448.10000 0.00185 0.00835
448.20000 0.00187 0.00847
448.30000 0.00188 0.00860
448.40000 0.00189 0.00872
448.50000 0.00190 0.00884
448.60000 0.00191 0.00898
448.70000 0.00192 0.00910
448.80000 0.00193 0.00923
448.90000 0.00193 0.00936
449.00000 0.00195 0.00950
449.10000 0.00195 0.00964
449.20000 0.00196 0.00977
449.30000 0.00197 0.00991
449.40000 0.00198 0.01006
449.50000 0.00199 0.01021
449.60000 0.00201 0.01037
449.70000 0.00202 0.01053
449.80000 0.00204 0.01069
449.90000 0.00205 0.01085
450.00000 0.00207 0.01103
450.10000 0.00210 0.01121
450.20000 0.00212 0.01139
450.30000 0.00215 0.01158
450.40000 0.00217 0.01176
450.50000 0.00219 0.01195
450.60000 0.00221 0.01214
450.70000 0.00222 0.01233
450.80000 0.00223 0.01251
450.90000 0.00225 0.01272
451.00000 0.00228 0.01293
451.10000 0.00231 0.01315
451.20000 0.00233 0.01336
451.30000 0.00234 0.01358
451.40000 0.00235 0.01379
451.50000 0.00237 0.01402
451.60000 0.00239 0.01425
451.70000 0.00241 0.01448
451.80000 0.00243 0.01472
451.90000 0.00244 0.01496
452.00000 0.00245 0.01521
452.10000 0.00247 0.01546
452.20000 0.00249 0.01572
452.30000 0.00251 0.01599
452.40000 0.00253 0.01627
452.50000 0.00256 0.01655
452.60000 0.00258 0.01684
452.70000 0.00261 0.01714
452.80000 0.00263 0.01745
452.90000 0.00266 0.01776
453.00000 0.00269 0.01809
453.10000 0.00271 0.01841
453.20000 0.00274 0.01874
453.30000 0.00276 0.01909
453.40000 0.00279 0.01944
453.50000 0.00282 0.01980
453.60000 0.00286 0.02019
453.70000 0.00290 0.02058
453.80000 0.00294 0.02098
453.90000 0.00297 0.02138
454.00000 0.00299 0.02179
454.10000 0.00302 0.02222
454.20000 0.00307 0.02266
454.30000 0.00311 0.02312
454.40000 0.00314 0.02359
454.50000 0.00318 0.02407
454.60000 0.00323 0.02457
454.70000 0.00327 0.02508
454.80000 0.00332 0.02561
454.90000 0.00336 0.02615
455.00000 0.00340 0.02670
455.10000 0.00344 0.02728
455.20000 0.00349 0.02787
455.30000 0.00354 0.02848
455.40000 0.00358 0.02911
455.50000 0.00363 0.02976
455.60000 0.00369 0.03045
455.70000 0.00374 0.03114
455.80000 0.00378 0.03185
455.90000 0.00383 0.03259
456.00000 0.00389 0.03336
456.10000 0.00395 0.03416
456.20000 0.00402 0.03500
456.30000 0.00409 0.03587
456.40000 0.00416 0.03677
456.50000 0.00423 0.03770
456.60000 0.00430 0.03866
456.70000 0.00439 0.03968
456.80000 0.00448 0.04073
456.90000 0.00457 0.04183
457.00000 0.00465 0.04296
457.10000 0.00474 0.04414
457.20000 0.00483 0.04537
457.30000 0.00493 0.04666
457.40000 0.00504 0.04801
457.50000 0.00514 0.04941
457.60000 0.00524 0.05087
457.70000 0.00536 0.05240
457.80000 0.00548 0.05402
457.90000 0.00561 0.05571
458.00000 0.00574 0.05748
458.10000 0.00588 0.05934
458.20000 0.00602 0.06129
458.30000 0.00617 0.06334
458.40000 0.00631 0.06550
458.50000 0.00647 0.06777
458.60000 0.00664 0.07018
458.70000 0.00681 0.07273
458.80000 0.00700 0.07542
458.90000 0.00719 0.07827
459.00000 0.00739 0.08129
459.10000 0.00761 0.08451
459.20000 0.00784 0.08793
459.30000 0.00808 0.09158
459.40000 0.00832 0.09546
459.50000 0.00858 0.09960
459.60000 0.00885 0.10404
459.70000 0.00913 0.10880
459.80000 0.00943 0.11390
459.90000 0.00975 0.11940
460.00000 0.01008 0.12533
460.10000 0.01043 0.13173
460.20000 0.01080 0.13866
460.30000 0.01119 0.14617
460.40000 0.01161 0.15435
460.50000 0.01206 0.16324
460.60000 0.01253 0.17295
460.70000 0.01304 0.18356
460.80000 0.01358 0.19518
460.90000 0.01416 0.20790
461.00000 0.01476 0.22185
461.10000 0.01542 0.23717
461.20000 0.01613 0.25399
461.30000 0.01688 0.27245
461.40000 0.01769 0.29266
461.50000 0.01856 0.31479
461.60000 0.01950 0.33893
461.70000 0.02050 0.36519
461.80000 0.02156 0.39361
461.90000 0.02269 0.42422
462.00000 0.02389 0.45699
462.10000 0.02516 0.49183
462.20000 0.02650 0.52857
462.30000 0.02792 0.56696
462.40000 0.02941 0.60667
462.50000 0.03097 0.64728
462.60000 0.03260 0.68831
462.70000 0.03429 0.72917
462.80000 0.03605 0.76925
462.90000 0.03785 0.80790
463.00000 0.03971 0.84444
463.10000 0.04161 0.87822
463.20000 0.04355 0.90865
463.30000 0.04551 0.93520
463.40000 0.04750 0.95748
463.50000 0.04951 0.97517
463.60000 0.05154 0.98813
463.70000 0.05359 0.99636
463.80000 0.05565 1.00000
463.90000 0.05771 0.99929
464.00000 0.05975 0.99463
464.10000 0.06178 0.98648
464.20000 0.06379 0.97539
464.30000 0.06579 0.96194
464.40000 0.06777 0.94671
464.50000 0.06973 0.93022
464.60000 0.07167 0.91299
464.70000 0.07358 0.89542
464.80000 0.07546 0.87785
464.90000 0.07731 0.86053
465.00000 0.07912 0.84361
465.10000 0.08090 0.82715
465.20000 0.08263 0.81115
465.30000 0.08433 0.79556
465.40000 0.08599 0.78026
465.50000 0.08760 0.76512
465.60000 0.08917 0.75000
465.70000 0.09070 0.73477
465.80000 0.09220 0.71934
465.90000 0.09365 0.70361
466.00000 0.09505 0.68753
466.10000 0.09643 0.67111
466.20000 0.09777 0.65440
466.30000 0.09908 0.63746
466.40000 0.10034 0.62039
466.50000 0.10157 0.60331
466.60000 0.10277 0.58638
466.70000 0.10394 0.56974
466.80000 0.10508 0.55354
466.90000 0.10620 0.53792
467.00000 0.10728 0.52301
467.10000 0.10835 0.50891
467.20000 0.10939 0.49571
467.30000 0.11040 0.48348
467.40000 0.11137 0.47224
467.50000 0.11231 0.46203
467.60000 0.11323 0.45286
467.70000 0.11414 0.44474
467.80000 0.11503 0.43763
467.90000 0.11590 0.43150
468.00000 0.11674 0.42631
468.10000 0.11757 0.42202
468.20000 0.11838 0.41859
468.30000 0.11918 0.41598
468.40000 0.11995 0.41413
468.50000 0.12071 0.41302
468.60000 0.12145 0.41260
468.70000 0.12219 0.41282
468.80000 0.12290 0.41363
468.90000 0.12360 0.41501
469.00000 0.12429 0.41689
469.10000 0.12496 0.41921
469.20000 0.12561 0.42192
469.30000 0.12625 0.42497
469.40000 0.12690 0.42829
469.50000 0.12753 0.43179
469.60000 0.12815 0.43540
469.70000 0.12876 0.43902
469.80000 0.12936 0.44258
469.90000 0.12996 0.44597
470.00000 0.13054 0.44912
470.10000 0.13112 0.45194
470.20000 0.13169 0.45436
470.30000 0.13226 0.45630
470.40000 0.13283 0.45771
470.50000 0.13338 0.45853
470.60000 0.13392 0.45872
470.70000 0.13446 0.45828
470.80000 0.13500 0.45722
470.90000 0.13553 0.45553
471.00000 0.13605 0.45323
471.10000 0.13658 0.45038
471.20000 0.13711 0.44701
471.30000 0.13762 0.44318
471.40000 0.13813 0.43895
471.50000 0.13865 0.43439
471.60000 0.13916 0.42957
471.70000 0.13967 0.42455
471.80000 0.14016 0.41937
471.90000 0.14066 0.41412
472.00000 0.14116 0.40884
472.10000 0.14165 0.40357
472.20000 0.14215 0.39835
472.30000 0.14265 0.39321
472.40000 0.14315 0.38817
472.50000 0.14364 0.38325
472.60000 0.14414 0.37844
472.70000 0.14463 0.37376
472.80000 0.14513 0.36920
472.90000 0.14563 0.36477
473.00000 0.14613 0.36044
473.10000 0.14663 0.35621
473.20000 0.14713 0.35208
473.30000 0.14764 0.34803
473.40000 0.14814 0.34406
473.50000 0.14864 0.34016
473.60000 0.14915 0.33633
473.70000 0.14966 0.33256
473.80000 0.15016 0.32885
473.90000 0.15067 0.32519
474.00000 0.15117 0.32160
474.10000 0.15168 0.31808
474.20000 0.15220 0.31463
474.30000 0.15272 0.31126
474.40000 0.15324 0.30798
474.50000 0.15377 0.30478
474.60000 0.15430 0.30169
474.70000 0.15484 0.29870
474.80000 0.15538 0.29582
474.90000 0.15592 0.29305
475.00000 0.15647 0.29041
475.10000 0.15702 0.28788
475.20000 0.15758 0.28550
475.30000 0.15814 0.28323
475.40000 0.15869 0.28109
475.50000 0.15925 0.27907
475.60000 0.15980 0.27719
475.70000 0.16036 0.27543
475.80000 0.16093 0.27381
475.90000 0.16149 0.27230
476.00000 0.16206 0.27092
476.10000 0.16263 0.26965
476.20000 0.16320 0.26847
476.30000 0.16376 0.26740
476.40000 0.16432 0.26641
476.50000 0.16488 0.26551
476.60000 0.16544 0.26468
476.70000 0.16601 0.26394
476.80000 0.16659 0.26327
476.90000 0.16717 0.26265
477.00000 0.16775 0.26208
477.10000 0.16833 0.26155
477.20000 0.16891 0.26106
477.30000 0.16949 0.26059
477.40000 0.17006 0.26015
477.50000 0.17063 0.25973
477.60000 0.17120 0.25932
477.70000 0.17177 0.25893
477.80000 0.17234 0.25856
477.90000 0.17292 0.25819
478.00000 0.17349 0.25784
478.10000 0.17407 0.25750
478.20000 0.17464 0.25716
478.30000 0.17521 0.25683
478.40000 0.17577 0.25651
478.50000 0.17634 0.25620
478.60000 0.17692 0.25591
478.70000 0.17749 0.25563
478.80000 0.17805 0.25537
478.90000 0.17862 0.25512
479.00000 0.17918 0.25489
479.10000 0.17974 0.25468
479.20000 0.18029 0.25450
479.30000 0.18085 0.25434
479.40000 0.18142 0.25422
479.50000 0.18199 0.25414
479.60000 0.18258 0.25412
479.70000 0.18316 0.25411
479.80000 0.18372 0.25414
479.90000 0.18428 0.25421
480.00000 0.18484 0.25433
480.10000 0.18541 0.25450
480.20000 0.18598 0.25474
480.30000 0.18655 0.25503
480.40000 0.18711 0.25538
480.50000 0.18768 0.25580
480.60000 0.18825 0.25630
480.70000 0.18882 0.25687
480.80000 0.18940 0.25753
480.90000 0.18998 0.25829
481.00000 0.19057 0.25914
481.10000 0.19116 0.26010
481.20000 0.19174 0.26115
481.30000 0.19233 0.26233
481.40000 0.19294 0.26364
481.50000 0.19354 0.26507
481.60000 0.19414 0.26665
481.70000 0.19474 0.26838
481.80000 0.19535 0.27028
481.90000 0.19597 0.27236
482.00000 0.19660 0.27465
482.10000 0.19723 0.27715
482.20000 0.19787 0.27988
482.30000 0.19851 0.28287
482.40000 0.19916 0.28614
482.50000 0.19984 0.28974
482.60000 0.20053 0.29369
482.70000 0.20123 0.29801
482.80000 0.20193 0.30275
482.90000 0.20265 0.30796
483.00000 0.20340 0.31370
483.10000 0.20416 0.32001
483.20000 0.20494 0.32694
483.30000 0.20574 0.33458
483.40000 0.20656 0.34297
483.50000 0.20741 0.35220
483.60000 0.20829 0.36234
483.70000 0.20921 0.37344
483.80000 0.21016 0.38557
483.90000 0.21115 0.39878
484.00000 0.21217 0.41308
484.10000 0.21323 0.42849
484.20000 0.21433 0.44500
484.30000 0.21547 0.46256
484.40000 0.21665 0.48108
484.50000 0.21788 0.50045
484.60000 0.21915 0.52049
484.70000 0.22045 0.54099
484.80000 0.22177 0.56169
484.90000 0.22313 0.58234
485.00000 0.22454 0.60261
485.10000 0.22598 0.62217
485.20000 0.22745 0.64070
485.30000 0.22894 0.65785
485.40000 0.23046 0.67335
485.50000 0.23199 0.68692
485.60000 0.23354 0.69835
485.70000 0.23510 0.70750
485.80000 0.23667 0.71429
485.90000 0.23824 0.71872
486.00000 0.23982 0.72086
486.10000 0.24140 0.72082
486.20000 0.24297 0.71883
486.30000 0.24454 0.71509
486.40000 0.24609 0.70988
486.50000 0.24763 0.70349
486.60000 0.24917 0.69622
486.70000 0.25068 0.68832
486.80000 0.25218 0.68004
486.90000 0.25367 0.67160
487.00000 0.25515 0.66317
487.10000 0.25661 0.65487
487.20000 0.25806 0.64677
487.30000 0.25949 0.63891
487.40000 0.26089 0.63128
487.50000 0.26227 0.62384
487.60000 0.26362 0.61655
487.70000 0.26495 0.60935
487.80000 0.26626 0.60216
487.90000 0.26755 0.59491
488.00000 0.26882 0.58756
488.10000 0.27006 0.58007
488.20000 0.27129 0.57240
488.30000 0.27250 0.56458
488.40000 0.27370 0.55661
488.50000 0.27487 0.54852
488.60000 0.27602 0.54036
488.70000 0.27715 0.53221
488.80000 0.27827 0.52413
488.90000 0.27936 0.51619
489.00000 0.28043 0.50846
489.10000 0.28149 0.50102
489.20000 0.28253 0.49394
489.30000 0.28356 0.48727
489.40000 0.28458 0.48104
489.50000 0.28558 0.47531
489.60000 0.28658 0.47008
489.70000 0.28757 0.46538
489.80000 0.28854 0.46120
489.90000 0.28950 0.45753
490.00000 0.29045 0.45436
490.10000 0.29139 0.45169
490.20000 0.29232 0.44950
490.30000 0.29325 0.44776
490.40000 0.29416 0.44645
490.50000 0.29507 0.44555
490.60000 0.29597 0.44504
490.70000 0.29687 0.44489
490.80000 0.29776 0.44510
490.90000 0.29864 0.44562
491.00000 0.29951 0.44644
491.10000 0.30038 0.44755
491.20000 0.30125 0.44892
491.30000 0.30212 0.45051
491.40000 0.30297 0.45230
491.50000 0.30381 0.45425
491.60000 0.30464 0.45633
491.70000 0.30548 0.45850
491.80000 0.30631 0.46073
491.90000 0.30714 0.46298
492.00000 0.30798 0.46521
492.10000 0.30882 0.46735
492.20000 0.30965 0.46938
492.30000 0.31048 0.47124
492.40000 0.31131 0.47290
492.50000 0.31214 0.47432
492.60000 0.31296 0.47547
492.70000 0.31378 0.47634
492.80000 0.31459 0.47689
492.90000 0.31541 0.47714
493.00000 0.31623 0.47707
493.10000 0.31705 0.47668
493.20000 0.31786 0.47600
493.30000 0.31866 0.47503
493.40000 0.31947 0.47380
493.50000 0.32027 0.47234
493.60000 0.32107 0.47069
493.70000 0.32188 0.46887
493.80000 0.32268 0.46692
493.90000 0.32348 0.46487
494.00000 0.32428 0.46275
494.10000 0.32509 0.46059
494.20000 0.32589 0.45842
494.30000 0.32669 0.45625
494.40000 0.32749 0.45410
494.50000 0.32829 0.45200
494.60000 0.32910 0.44996
494.70000 0.32992 0.44798
494.80000 0.33073 0.44606
494.90000 0.33155 0.44419
495.00000 0.33235 0.44238
495.10000 0.33316 0.44063
495.20000 0.33397 0.43894
495.30000 0.33477 0.43730
495.40000 0.33558 0.43569
495.50000 0.33637 0.43413
495.60000 0.33717 0.43260
495.70000 0.33798 0.43111
495.80000 0.33879 0.42967
495.90000 0.33961 0.42825
496.00000 0.34042 0.42686
496.10000 0.34123 0.42550
496.20000 0.34206 0.42418
496.30000 0.34287 0.42289
496.40000 0.34368 0.42162
496.50000 0.34450 0.42039
496.60000 0.34532 0.41922
496.70000 0.34614 0.41807
496.80000 0.34695 0.41697
496.90000 0.34777 0.41593
497.00000 0.34859 0.41494
497.10000 0.34941 0.41400
497.20000 0.35023 0.41312
497.30000 0.35106 0.41230
497.40000 0.35190 0.41156
497.50000 0.35272 0.41087
497.60000 0.35354 0.41022
497.70000 0.35435 0.40964
497.80000 0.35517 0.40912
497.90000 0.35599 0.40868
498.00000 0.35682 0.40829
498.10000 0.35765 0.40797
498.20000 0.35849 0.40771
498.30000 0.35932 0.40749
498.40000 0.36015 0.40733
498.50000 0.36098 0.40721
498.60000 0.36181 0.40714
498.70000 0.36265 0.40711
498.80000 0.36349 0.40712
498.90000 0.36431 0.40715
499.00000 0.36513 0.40720
499.10000 0.36595 0.40727
499.20000 0.36676 0.40736
499.30000 0.36757 0.40747
499.40000 0.36839 0.40760
499.50000 0.36921 0.40774
499.60000 0.37002 0.40788
499.70000 0.37083 0.40802
499.80000 0.37164 0.40817
499.90000 0.37244 0.40832
500.00000 0.37325 0.40847
500.10000 0.37406 0.40862
500.20000 0.37486 0.40877
500.30000 0.37567 0.40892
500.40000 0.37647 0.40907
500.50000 0.37728 0.40922
500.60000 0.37809 0.40937
500.70000 0.37889 0.40951
500.80000 0.37970 0.40966
500.90000 0.38050 0.40980
501.00000 0.38131 0.40994
501.10000 0.38211 0.41009
501.20000 0.38292 0.41024
501.30000 0.38373 0.41038
501.40000 0.38453 0.41053
501.50000 0.38534 0.41069
501.60000 0.38614 0.41085
501.70000 0.38695 0.41101
501.80000 0.38776 0.41117
501.90000 0.38856 0.41134
502.00000 0.38937 0.41152
502.10000 0.39017 0.41171
502.20000 0.39098 0.41190
502.30000 0.39178 0.41210
502.40000 0.39259 0.41231
502.50000 0.39340 0.41252
502.60000 0.39420 0.41275
502.70000 0.39501 0.41299
502.80000 0.39581 0.41323
502.90000 0.39662 0.41349
503.00000 0.39743 0.41376
503.10000 0.39823 0.41404
503.20000 0.39904 0.41434
503.30000 0.39984 0.41464
503.40000 0.40065 0.41496
503.50000 0.40146 0.41529
503.60000 0.40226 0.41563
503.70000 0.40307 0.41599
503.80000 0.40387 0.41636
503.90000 0.40468 0.41674
504.00000 0.40548 0.41713
504.10000 0.40629 0.41753
504.20000 0.40710 0.41795
504.30000 0.40790 0.41838
504.40000 0.40871 0.41881
504.50000 0.40951 0.41926
504.60000 0.41032 0.41972
504.70000 0.41113 0.42019
504.80000 0.41193 0.42068
504.90000 0.41274 0.42117
505.00000 0.41354 0.42167
505.10000 0.41435 0.42218
505.20000 0.41515 0.42269
505.30000 0.41596 0.42322
505.40000 0.41677 0.42376
505.50000 0.41757 0.42430
505.60000 0.41838 0.42485
505.70000 0.41918 0.42541
505.80000 0.41999 0.42597
505.90000 0.42080 0.42655
506.00000 0.42160 0.42713
506.10000 0.42241 0.42771
506.20000 0.42321 0.42830
506.30000 0.42402 0.42890
506.40000 0.42482 0.42951
506.50000 0.42563 0.43012
506.60000 0.42644 0.43073
506.70000 0.42724 0.43135
506.80000 0.42805 0.43198
506.90000 0.42885 0.43261
507.00000 0.42966 0.43324
507.10000 0.43047 0.43388
507.20000 0.43127 0.43453
507.30000 0.43208 0.43518
507.40000 0.43288 0.43583
507.50000 0.43369 0.43649
507.60000 0.43450 0.43715
507.70000 0.43530 0.43781
507.80000 0.43611 0.43848
507.90000 0.43691 0.43915
508.00000 0.43772 0.43982
508.10000 0.43852 0.44050
508.20000 0.43933 0.44118
508.30000 0.44014 0.44186
508.40000 0.44094 0.44255
508.50000 0.44175 0.44324
508.60000 0.44255 0.44393
508.70000 0.44336 0.44462
508.80000 0.44417 0.44532
508.90000 0.44497 0.44602
509.00000 0.44578 0.44672
509.10000 0.44658 0.44742
509.20000 0.44739 0.44812
509.30000 0.44819 0.44883
509.40000 0.44900 0.44954
509.50000 0.44981 0.45025
509.60000 0.45061 0.45097
509.70000 0.45142 0.45168
509.80000 0.45222 0.45240
509.90000 0.45303 0.45312
510.00000 0.45384 0.45384
