517.70001 0.00129 0.00000 0.00129
517.79504 0.00131 0.00000 0.00131
517.89008 0.00133 0.00000 0.00133
517.98511 0.00135 0.00000 0.00135
518.08014 0.00138 0.00000 0.00138
518.17517 0.00140 0.00000 0.00140
518.27020 0.00142 0.00000 0.00142
518.36523 0.00145 0.00000 0.00145
518.46027 0.00147 0.00000 0.00147
518.55530 0.00150 0.00000 0.00150
518.65033 0.00153 0.00000 0.00153
518.74536 0.00155 0.00000 0.00155
518.84039 0.00158 0.00000 0.00158
518.93542 0.00161 0.00000 0.00161
519.03046 0.00164 0.00000 0.00164
519.12549 0.00167 0.00000 0.00167
519.22052 0.00170 0.00000 0.00170
519.31555 0.00174 0.00000 0.00174
519.41058 0.00177 0.00000 0.00177
519.50562 0.00180 0.00000 0.00180
519.60065 0.00184 0.00000 0.00184
519.69568 0.00188 0.00000 0.00188
519.79065 0.00192 0.00000 0.00192
519.88568 0.00195 0.00000 0.00195
519.98071 0.00200 0.00000 0.00200
520.07574 0.00204 0.00000 0.00204
520.17078 0.00208 0.00000 0.00208
520.26581 0.00213 0.00000 0.00213
520.36084 0.00217 0.00000 0.00217
520.45587 0.00222 0.00000 0.00222
520.55090 0.00227 0.00000 0.00227
520.64594 0.00232 0.00000 0.00232
520.74097 0.00237 0.00000 0.00237
520.83600 0.00243 0.00000 0.00243
520.93103 0.00248 0.00000 0.00248
521.02606 0.00254 0.00000 0.00254
521.12109 0.00260 0.00000 0.00260
521.21613 0.00267 0.00000 0.00267
521.31116 0.00273 0.00000 0.00273
521.40619 0.00280 0.00000 0.00280
521.50122 0.00288 0.00000 0.00288
521.59625 0.00295 0.00000 0.00295
521.69128 0.00303 0.00000 0.00303
521.78632 0.00311 0.00000 0.00311
521.88135 0.00319 0.00000 0.00319
521.97638 0.00328 0.00000 0.00328
522.07141 0.00337 0.00000 0.00337
522.16644 0.00347 0.00000 0.00347
522.26147 0.00357 0.00000 0.00357
522.35651 0.00367 0.00000 0.00367
522.45154 0.00379 0.00000 0.00379
522.54657 0.00390 0.00000 0.00390
522.64160 0.00402 0.00000 0.00402
522.73663 0.00415 0.00000 0.00415
522.83167 0.00428 0.00000 0.00428
522.92670 0.00443 0.00000 0.00443
523.02173 0.00458 0.00000 0.00458
523.11676 0.00473 0.00000 0.00473
523.21179 0.00490 0.00000 0.00490
523.30682 0.00508 0.00000 0.00508
523.40186 0.00526 0.00000 0.00526
523.49689 0.00546 0.00000 0.00546
523.59192 0.00567 0.00000 0.00567
523.68695 0.00590 0.00000 0.00590
523.78198 0.00613 0.00000 0.00613
523.87695 0.00639 0.00000 0.00639
523.97198 0.00666 0.00000 0.00666
524.06702 0.00696 0.00000 0.00696
524.16205 0.00727 0.00000 0.00727
524.25708 0.00761 0.00000 0.00761
524.35211 0.00797 0.00000 0.00797
524.44714 0.00837 0.00000 0.00837
524.54218 0.00880 0.00000 0.00880
524.63721 0.00927 0.00000 0.00927
524.73224 0.00978 0.00000 0.00978
524.82727 0.01034 0.00000 0.01034
524.92230 0.01095 0.00000 0.01095
525.01733 0.01163 0.00000 0.01163
525.11237 0.01238 0.00000 0.01238
525.20740 0.01322 0.00000 0.01322
525.30243 0.01416 0.00000 0.01416
525.39746 0.01522 0.00000 0.01522
525.49249 0.01642 0.00000 0.01642
525.58752 0.01779 0.00000 0.01779
525.68256 0.01938 0.00000 0.01938
525.77759 0.02122 0.00000 0.02122
525.87262 0.02339 0.00000 0.02339
525.96765 0.02598 0.00000 0.02598
526.06268 0.02913 0.00000 0.02913
526.15771 0.03304 0.00000 0.03304
526.25275 0.03801 0.00000 0.03801
526.34778 0.04454 0.00000 0.04454
526.44281 0.05341 0.00000 0.05341
526.53784 0.06586 0.00000 0.06586
526.63287 0.08379 0.00000 0.08379
526.72791 0.10995 0.00000 0.10995
526.82294 0.14796 0.00000 0.14796
526.91797 0.20200 0.00000 0.20200
527.01300 0.27603 0.00000 0.27603
527.10803 0.37226 0.00000 0.37226
527.20306 0.48937 0.00000 0.48937
527.29810 0.62086 0.00000 0.62086
527.39313 0.75447 0.00000 0.75447
527.48816 0.87351 0.00000 0.87351
527.58319 0.96017 0.00000 0.96017
527.67822 1.00000 0.00000 1.00000
527.77325 0.98603 0.00000 0.98603
527.86829 0.92093 0.00000 0.92093
527.96326 0.81624 0.00000 0.81624
528.05829 0.68868 0.00000 0.68868
528.15332 0.55605 0.00000 0.55605
528.24835 0.43295 0.00000 0.43295
528.34338 0.32860 0.00000 0.32860
528.43842 0.24658 0.00000 0.24658
528.53345 0.18609 0.00000 0.18609
528.62848 0.14383 0.00000 0.14383
528.72351 0.11566 0.00000 0.11566
528.81854 0.09771 0.00000 0.09771
528.91357 0.08695 0.00000 0.08695
529.00861 0.08129 0.00000 0.08129
529.10364 0.07943 0.00000 0.07943
529.19867 0.08073 0.00000 0.08073
529.29370 0.08499 0.00000 0.08499
529.38873 0.09241 0.00000 0.09241
529.48376 0.10347 0.00000 0.10347
529.57880 0.11888 0.00000 0.11888
529.67383 0.13948 0.00000 0.13948
529.76886 0.16603 0.00000 0.16603
529.86389 0.19897 0.00000 0.19897
529.95892 0.23805 0.00000 0.23805
530.05396 0.28201 0.00000 0.28201
530.14899 0.32838 0.00000 0.32838
530.24402 0.37349 0.00000 0.37349
530.33905 0.41301 0.00000 0.41301
530.43408 0.44265 0.00000 0.44265
530.52911 0.45912 0.00000 0.45912
530.62415 0.46097 0.00000 0.46097
530.71918 0.44901 0.00000 0.44901
530.81421 0.42616 0.00000 0.42616
530.90924 0.39685 0.00000 0.39685
531.00427 0.36601 0.00000 0.36601
531.09930 0.33813 0.00000 0.33813
531.19434 0.31647 0.00000 0.31647
531.28937 0.30269 0.00000 0.30269
531.38440 0.29675 0.00000 0.29675
531.47943 0.29716 0.00000 0.29716
531.57446 0.30137 0.00000 0.30137
531.66949 0.30634 0.00000 0.30634
531.76453 0.30904 0.00000 0.30904
531.85956 0.30702 0.00000 0.30702
531.95453 0.29878 0.00000 0.29878
532.04956 0.28395 0.00000 0.28395
532.14459 0.26329 0.00000 0.26329
532.23962 0.23834 0.00000 0.23834
532.33466 0.21110 0.00000 0.21110
532.42969 0.18355 0.00000 0.18355
532.52472 0.15734 0.00000 0.15734
532.61975 0.13363 0.00000 0.13363
532.71478 0.11301 0.00000 0.11301
532.80981 0.09563 0.00000 0.09563
532.90485 0.08131 0.00000 0.08131
532.99988 0.06967 0.00000 0.06967
533.09491 0.06028 0.00000 0.06028
533.18994 0.05271 0.00000 0.05271
533.28497 0.04661 0.00000 0.04661
533.38000 0.04165 0.00000 0.04165
533.47504 0.03760 0.00000 0.03760
533.57007 0.03428 0.00000 0.03428
533.66510 0.03154 0.00000 0.03154
533.76013 0.02929 0.00000 0.02929
533.85516 0.02745 0.00000 0.02745
533.95020 0.02595 0.00000 0.02595
534.04523 0.02478 0.00000 0.02478
534.14026 0.02389 0.00000 0.02389
534.23529 0.02327 0.00000 0.02327
534.33032 0.02290 0.00000 0.02290
534.42535 0.02278 0.00000 0.02278
534.52039 0.02288 0.00000 0.02288
534.61542 0.02317 0.00000 0.02317
534.71045 0.02364 0.00000 0.02364
534.80548 0.02422 0.00000 0.02422
534.90051 0.02485 0.00000 0.02485
534.99554 0.02547 0.00000 0.02547
535.09058 0.02601 0.00000 0.02601
535.18561 0.02640 0.00000 0.02640
535.28064 0.02658 0.00000 0.02658
535.37567 0.02654 0.00000 0.02654
535.47070 0.02626 0.00000 0.02626
535.56573 0.02576 0.00000 0.02576
535.66077 0.02507 0.00000 0.02507
535.75580 0.02423 0.00000 0.02423
535.85083 0.02327 0.00000 0.02327
535.94580 0.02222 0.00000 0.02222
536.04083 0.02110 0.00000 0.02110
536.13586 0.01994 0.00000 0.01994
536.23090 0.01875 0.00000 0.01875
536.32593 0.01754 0.00000 0.01754
536.42096 0.01633 0.00000 0.01633
536.51599 0.01513 0.00000 0.01513
536.61102 0.01398 0.00000 0.01398
536.70605 0.01289 0.00000 0.01289
536.80109 0.01186 0.00000 0.01186
536.89612 0.01092 0.00000 0.01092
536.99115 0.01007 0.00000 0.01007
537.08618 0.00931 0.00000 0.00931
537.18121 0.00862 0.00000 0.00862
537.27625 0.00802 0.00000 0.00802
537.37128 0.00748 0.00000 0.00748
537.46631 0.00701 0.00000 0.00701
537.56134 0.00659 0.00000 0.00659
537.65637 0.00622 0.00000 0.00622
537.75140 0.00588 0.00000 0.00588
537.84644 0.00558 0.00000 0.00558
537.94147 0.00531 0.00000 0.00531
538.03650 0.00506 0.00000 0.00506
538.13153 0.00484 0.00000 0.00484
538.22656 0.00463 0.00000 0.00463
538.32159 0.00444 0.00000 0.00444
538.41663 0.00427 0.00000 0.00427
538.51166 0.00411 0.00000 0.00411
538.60669 0.00396 0.00000 0.00396
538.70172 0.00382 0.00000 0.00382
538.79675 0.00369 0.00000 0.00369
538.89178 0.00356 0.00000 0.00356
538.98682 0.00345 0.00000 0.00345
539.08185 0.00334 0.00000 0.00334
539.17688 0.00324 0.00000 0.00324
539.27191 0.00314 0.00000 0.00314
539.36694 0.00305 0.00000 0.00305
539.46198 0.00296 0.00000 0.00296
539.55701 0.00288 0.00000 0.00288
539.65204 0.00280 0.00000 0.00280
539.74707 0.00272 0.00000 0.00272
539.84210 0.00265 0.00000 0.00265
539.93713 0.00258 0.00000 0.00258
540.03210 0.00252 0.00000 0.00252
540.12714 0.00246 0.00000 0.00246
540.22217 0.00240 0.00000 0.00240
540.31720 0.00234 0.00000 0.00234
540.41223 0.00228 0.00000 0.00228
540.50726 0.00223 0.00000 0.00223
540.60229 0.00218 0.00000 0.00218
540.69733 0.00213 0.00000 0.00213
540.79236 0.00208 0.00000 0.00208
540.88739 0.00204 0.00000 0.00204
540.98242 0.00199 0.00000 0.00199
541.07745 0.00195 0.00000 0.00195
541.17249 0.00191 0.00000 0.00191
541.26752 0.00187 0.00000 0.00187
541.36255 0.00183 0.00000 0.00183
541.45758 0.00180 0.00000 0.00180
541.55261 0.00176 0.00000 0.00176
541.64764 0.00173 0.00000 0.00173
541.74268 0.00169 0.00000 0.00169
541.83771 0.00166 0.00000 0.00166
541.93274 0.00163 0.00000 0.00163
542.02777 0.00160 0.00000 0.00160
542.12280 0.00157 0.00000 0.00157
542.21783 0.00154 0.00000 0.00154
542.31287 0.00151 0.00000 0.00151
542.40790 0.00148 0.00000 0.00148
542.50293 0.00146 0.00000 0.00146
542.59796 0.00143 0.00000 0.00143
542.69299 0.00141 0.00000 0.00141
542.78802 0.00138 0.00000 0.00138
542.88306 0.00136 0.00000 0.00136
542.97809 0.00134 0.00000 0.00134
543.07312 0.00131 0.00000 0.00131
543.16815 0.00129 0.00000 0.00129
543.26318 0.00127 0.00000 0.00127
543.35822 0.00125 0.00000 0.00125
543.45325 0.00123 0.00000 0.00123
543.54828 0.00121 0.00000 0.00121
543.64331 0.00119 0.00000 0.00119
543.73834 0.00117 0.00000 0.00117
543.83337 0.00116 0.00000 0.00116
543.92841 0.00114 0.00000 0.00114
544.02344 0.00112 0.00000 0.00112
544.11841 0.00110 0.00000 0.00110
544.21344 0.00109 0.00000 0.00109
544.30847 0.00107 0.00000 0.00107
544.40350 0.00105 0.00000 0.00105
544.49854 0.00104 0.00000 0.00104
544.59357 0.00102 0.00000 0.00102
544.68860 0.00101 0.00000 0.00101
544.78363 0.00100 0.00000 0.00100
544.87866 0.00098 0.00000 0.00098
544.97369 0.00097 0.00000 0.00097
545.06873 0.00095 0.00000 0.00095
545.16376 0.00094 0.00000 0.00094
545.25879 0.00093 0.00000 0.00093
545.35382 0.00092 0.00000 0.00092
545.44885 0.00090 0.00000 0.00090
545.54388 0.00089 0.00000 0.00089
545.63892 0.00088 0.00000 0.00088
545.73395 0.00087 0.00000 0.00087
545.82898 0.00086 0.00000 0.00086
545.92401 0.00084 0.00000 0.00084
546.01904 0.00083 0.00000 0.00083
546.11407 0.00082 0.00000 0.00082
