0.00000
0.00003
0.00006
0.00009
0.00013
0.00016
0.00019
0.00023
0.00026
0.00030
0.00034
0.00037
0.00041
0.00045
0.00049
0.00053
0.00057
0.00062
0.00066
0.00070
0.00075
0.00080
0.00085
0.00090
0.00095
0.00100
0.00106
0.00111
0.00117
0.00123
0.00129
0.00136
0.00142
0.00150
0.00158
0.00167
0.00177
0.00187
0.00200
0.00213
0.00227
0.00243
0.00259
0.00274
0.00290
0.00308
0.00330
0.00354
0.00378
0.00403
0.00430
0.00460
0.00491
0.00525
0.00563
0.00603
0.00648
0.00694
0.00741
0.00791
0.00848
0.00910
0.00977
0.01054
0.01134
0.01222
0.01321
0.01427
0.01547
0.01683
0.01837
0.02013
0.02222
0.02472
0.02772
0.03135
0.03588
0.04156
0.04864
0.05755
0.06871
0.08263
0.09986
0.12105
0.14677
0.17750
0.21368
0.25558
0.30324
0.35638
0.41450
0.47664
0.54152
0.60768
0.67331
0.73662
0.79578
0.84906
0.89508
0.93283
0.96196
0.98243
0.99483
1.00000
0.99925
0.99399
0.98581
0.97619
0.96611
0.95644
0.94768
0.93974
0.93241
0.92505
0.91690
0.90713
0.89478
0.87919
0.85973
0.83604
0.80815
0.77636
0.74122
0.70342
0.66376
0.62330
0.58306
0.54401
0.50712
0.47296
0.44207
0.41477
0.39127
0.37149
0.35514
0.34202
0.33174
0.32391
0.31813
0.31410
0.31145
0.30983
0.30900
0.30876
0.30899
0.30961
0.31054
0.31166
0.31290
0.31430
0.31576
0.31728
0.31892
0.32059
0.32226
0.32399
0.32577
0.32766
0.32958
0.33151
0.33345
0.33540
0.33738
0.33936
0.34139
0.34353
0.34569
0.34787
0.35007
0.35233
0.35462
0.35697
0.35936
0.36177
0.36417
0.36655
0.36896
0.37142
0.37395
0.37648
0.37906
0.38165
0.38425
0.38685
0.38945
0.39206
0.39468
0.39729
0.39991
0.40254
0.40517
0.40780
0.41043
0.41307
0.41571
0.41835
0.42099
0.42363
0.42628
0.42892
0.43156
0.43420
0.43684
0.43947
0.44211
0.44474
0.44738
0.45000
0.45263
0.45525
0.45787
0.46049
0.46310
0.46571
0.46833
0.47094
0.47355
0.47617
0.47879
0.48142
0.48404
0.48667
0.48930
0.49194
0.49458
0.49722
0.49986
0.50250
0.50515
0.50780
0.51045
0.51310
0.51576
0.51842
0.52109
0.52376
0.52644
0.52912
0.53182
0.53453
0.53724
0.53997
0.54270
0.54544
0.54819
0.55094
0.55369
0.55642
0.55915
0.56186
0.56455
0.56721
0.56985
0.57247
0.57507
0.57765
0.58021
0.58277
0.58532
0.58787
0.59042
0.59298
0.59554
0.59812
0.60071
0.60330
0.60591
0.60852
0.61114
0.61377
0.61640
0.61904
0.62168
0.62432
0.62697
0.62961
0.63226
0.63491
0.63755
0.64020
0.64285
0.64550
0.64815
0.65080
0.65345
0.65610
0.65876
0.66141
0.66406
0.66671
0.66936
0.67201
0.67467
0.67732
0.67997
0.68262
0.68528
0.68793
0.69058
0.69323
0.69589
