-5.00000 0.00000
-4.90000 0.00000
-4.80000 0.00000
-4.70000 0.00000
-4.60000 0.00000
-4.50000 0.00000
-4.40000 0.00000
-4.30000 0.00000
-4.20000 0.00000
-4.10000 0.00000
-4.00000 0.00000
-3.90000 0.00001
-3.80000 0.00001
-3.70000 0.00001
-3.60000 0.00001
-3.50000 0.00001
-3.40000 0.00001
-3.30000 0.00001
-3.20000 0.00001
-3.10000 0.00001
-3.00000 0.00001
-2.90000 0.00001
-2.80000 0.00001
-2.70000 0.00001
-2.60000 0.00001
-2.50000 0.00001
-2.40000 0.00001
-2.30000 0.00001
-2.20000 0.00002
-2.10000 0.00002
-2.00000 0.00002
-1.90000 0.00002
-1.80000 0.00002
-1.70000 0.00002
-1.60000 0.00002
-1.50000 0.00002
-1.40000 0.00002
-1.30000 0.00002
-1.20000 0.00002
-1.10000 0.00003
-1.00000 0.00003
-0.90000 0.00003
-0.80000 0.00003
-0.70000 0.00003
-0.60000 0.00003
-0.50000 0.00003
-0.40000 0.00003
-0.30000 0.00004
-0.20000 0.00004
-0.10000 0.00004
0.00000 0.00004
0.10000 0.00004
0.20000 0.00005
0.30000 0.00005
0.40000 0.00005
0.50000 0.00005
0.60000 0.00005
0.70000 0.00006
0.80000 0.00006
0.90000 0.00006
1.00000 0.00006
1.10000 0.00007
1.20000 0.00007
1.30000 0.00007
1.40000 0.00008
1.50000 0.00008
1.60000 0.00009
1.70000 0.00009
1.80000 0.00009
1.90000 0.00010
2.00000 0.00010
2.10000 0.00011
2.20000 0.00012
2.30000 0.00012
2.40000 0.00013
2.50000 0.00014
2.60000 0.00014
2.70000 0.00015
2.80000 0.00016
2.90000 0.00017
3.00000 0.00018
3.10000 0.00020
3.20000 0.00021
3.30000 0.00023
3.40000 0.00024
3.50000 0.00026
3.60000 0.00028
3.70000 0.00031
3.80000 0.00034
3.90000 0.00037
4.00000 0.00041
4.10000 0.00046
4.20000 0.00052
4.30000 0.00060
4.40000 0.00071
4.50000 0.00085
4.60000 0.00104
4.70000 0.00130
4.80000 0.00165
4.90000 0.00211
5.00000 0.00273
5.10000 0.00352
5.20000 0.00453
5.30000 0.00579
5.40000 0.00732
5.50000 0.00912
5.60000 0.01119
5.70000 0.01350
5.80000 0.01600
5.90000 0.01863
6.00000 0.02132
6.10000 0.02398
6.20000 0.02654
6.30000 0.02892
6.40000 0.03107
6.50000 0.03294
6.60000 0.03451
6.70000 0.03574
6.80000 0.03663
6.90000 0.03715
7.00000 0.03727
7.10000 0.03697
7.20000 0.03622
7.30000 0.03501
7.40000 0.03336
7.50000 0.03128
7.60000 0.02883
7.70000 0.02611
7.80000 0.02321
7.90000 0.02024
8.00000 0.01732
8.10000 0.01454
8.20000 0.01199
8.30000 0.00972
8.40000 0.00776
8.50000 0.00611
8.60000 0.00476
8.70000 0.00369
8.80000 0.00285
8.90000 0.00221
9.00000 0.00172
9.10000 0.00136
9.20000 0.00110
9.30000 0.00090
9.40000 0.00075
9.50000 0.00064
9.60000 0.00056
9.70000 0.00049
9.80000 0.00044
9.90000 0.00040
10.00000 0.00036
10.10000 0.00033
10.20000 0.00030
10.30000 0.00028
10.40000 0.00026
10.50000 0.00024
10.60000 0.00023
10.70000 0.00021
10.80000 0.00020
10.90000 0.00019
11.00000 0.00018
11.10000 0.00017
11.20000 0.00016
11.30000 0.00015
11.40000 0.00014
11.50000 0.00013
11.60000 0.00013
11.70000 0.00012
11.80000 0.00012
11.90000 0.00011
12.00000 0.00011
12.10000 0.00010
12.20000 0.00010
12.30000 0.00009
12.40000 0.00009
12.50000 0.00009
12.60000 0.00009
12.70000 0.00008
12.80000 0.00008
12.90000 0.00008
13.00000 0.00008
13.10000 0.00008
13.20000 0.00008
13.30000 0.00009
13.40000 0.00009
13.50000 0.00010
13.60000 0.00010
13.70000 0.00011
13.80000 0.00013
13.90000 0.00014
14.00000 0.00016
14.10000 0.00017
14.20000 0.00019
14.30000 0.00022
14.40000 0.00024
14.50000 0.00026
14.60000 0.00028
14.70000 0.00030
14.80000 0.00032
14.90000 0.00034
15.00000 0.00035
15.10000 0.00036
15.20000 0.00038
15.30000 0.00038
15.40000 0.00039
15.50000 0.00039
15.60000 0.00039
15.70000 0.00039
15.80000 0.00038
15.90000 0.00036
16.00000 0.00034
16.10000 0.00032
16.20000 0.00030
16.30000 0.00027
16.40000 0.00024
16.50000 0.00022
16.60000 0.00019
16.70000 0.00017
16.80000 0.00014
16.90000 0.00013
17.00000 0.00011
17.10000 0.00010
17.20000 0.00009
17.30000 0.00008
17.40000 0.00007
17.50000 0.00007
17.60000 0.00007
17.70000 0.00007
17.80000 0.00007
17.90000 0.00008
18.00000 0.00009
18.10000 0.00010
18.20000 0.00011
18.30000 0.00013
18.40000 0.00015
18.50000 0.00018
18.60000 0.00022
18.70000 0.00026
18.80000 0.00032
18.90000 0.00038
19.00000 0.00046
19.10000 0.00055
19.20000 0.00064
19.30000 0.00075
19.40000 0.00086
19.50000 0.00097
19.60000 0.00108
19.70000 0.00118
19.80000 0.00126
19.90000 0.00133
20.00000 0.00137
20.10000 0.00139
20.20000 0.00138
20.30000 0.00135
20.40000 0.00129
20.50000 0.00121
20.60000 0.00112
20.70000 0.00101
20.80000 0.00090
20.90000 0.00079
21.00000 0.00068
21.10000 0.00058
21.20000 0.00049
21.30000 0.00040
21.40000 0.00033
21.50000 0.00027
21.60000 0.00022
21.70000 0.00018
21.80000 0.00015
21.90000 0.00012
22.00000 0.00010
22.10000 0.00008
22.20000 0.00007
22.30000 0.00006
22.40000 0.00005
22.50000 0.00004
22.60000 0.00004
22.70000 0.00003
22.80000 0.00003
22.90000 0.00003
23.00000 0.00002
23.10000 0.00002
23.20000 0.00002
23.30000 0.00002
23.40000 0.00002
23.50000 0.00001
23.60000 0.00001
23.70000 0.00001
23.80000 0.00001
23.90000 0.00001
24.00000 0.00001
24.10000 0.00001
24.20000 0.00001
24.30000 0.00000
24.40000 0.00000
24.50000 0.00000
24.60000 0.00000
24.70000 0.00000
24.80000 0.00000
24.90000 0.00000
25.00000 0.00000
