-5.00000 0.00035
-4.90000 0.00036
-4.80000 0.00037
-4.70000 0.00038
-4.60000 0.00039
-4.50000 0.00040
-4.40000 0.00041
-4.30000 0.00042
-4.20000 0.00043
-4.10000 0.00044
-4.00000 0.00046
-3.90000 0.00047
-3.80000 0.00048
-3.70000 0.00050
-3.60000 0.00051
-3.50000 0.00053
-3.40000 0.00054
-3.30000 0.00056
-3.20000 0.00058
-3.10000 0.00059
-3.00000 0.00061
-2.90000 0.00063
-2.80000 0.00065
-2.70000 0.00067
-2.60000 0.00069
-2.50000 0.00071
-2.40000 0.00074
-2.30000 0.00076
-2.20000 0.00079
-2.10000 0.00081
-2.00000 0.00084
-1.90000 0.00087
-1.80000 0.00090
-1.70000 0.00093
-1.60000 0.00096
-1.50000 0.00099
-1.40000 0.00103
-1.30000 0.00107
-1.20000 0.00111
-1.10000 0.00115
-1.00000 0.00119
-0.90000 0.00124
-0.80000 0.00128
-0.70000 0.00134
-0.60000 0.00139
-0.50000 0.00145
-0.40000 0.00151
-0.30000 0.00157
-0.20000 0.00164
-0.10000 0.00171
0.00000 0.00179
0.10000 0.00187
0.20000 0.00196
0.30000 0.00206
0.40000 0.00216
0.50000 0.00227
0.60000 0.00239
0.70000 0.00252
0.80000 0.00266
0.90000 0.00282
1.00000 0.00299
1.10000 0.00318
1.20000 0.00339
1.30000 0.00362
1.40000 0.00389
1.50000 0.00419
1.60000 0.00453
1.70000 0.00492
1.80000 0.00538
1.90000 0.00590
2.00000 0.00651
2.10000 0.00722
2.20000 0.00806
2.30000 0.00904
2.40000 0.01018
2.50000 0.01152
2.60000 0.01308
2.70000 0.01490
2.80000 0.01700
2.90000 0.01943
3.00000 0.02222
3.10000 0.02539
3.20000 0.02897
3.30000 0.03299
3.40000 0.03746
3.50000 0.04238
3.60000 0.04775
3.70000 0.05355
3.80000 0.05975
3.90000 0.06629
4.00000 0.07313
4.10000 0.08019
4.20000 0.08738
4.30000 0.09460
4.40000 0.10176
4.50000 0.10873
4.60000 0.11542
4.70000 0.12171
4.80000 0.12751
4.90000 0.13271
5.00000 0.13724
5.10000 0.14103
5.20000 0.14402
5.30000 0.14619
5.40000 0.14750
5.50000 0.14795
5.60000 0.14756
5.70000 0.14635
5.80000 0.14435
5.90000 0.14161
6.00000 0.13818
6.10000 0.13412
6.20000 0.12950
6.30000 0.12439
6.40000 0.11885
6.50000 0.11298
6.60000 0.10683
6.70000 0.10050
6.80000 0.09404
6.90000 0.08754
7.00000 0.08107
7.10000 0.07469
7.20000 0.06847
7.30000 0.06245
7.40000 0.05669
7.50000 0.05122
7.60000 0.04608
7.70000 0.04128
7.80000 0.03685
7.90000 0.03279
8.00000 0.02910
8.10000 0.02576
8.20000 0.02277
8.30000 0.02011
8.40000 0.01776
8.50000 0.01570
8.60000 0.01389
8.70000 0.01231
8.80000 0.01094
8.90000 0.00976
9.00000 0.00873
9.10000 0.00785
9.20000 0.00708
9.30000 0.00642
9.40000 0.00584
9.50000 0.00535
9.60000 0.00491
9.70000 0.00453
9.80000 0.00419
9.90000 0.00389
10.00000 0.00363
10.10000 0.00339
10.20000 0.00318
10.30000 0.00299
10.40000 0.00281
10.50000 0.00266
10.60000 0.00251
10.70000 0.00238
10.80000 0.00226
10.90000 0.00215
11.00000 0.00204
11.10000 0.00195
11.20000 0.00186
11.30000 0.00177
11.40000 0.00169
11.50000 0.00162
11.60000 0.00155
11.70000 0.00149
11.80000 0.00143
11.90000 0.00137
12.00000 0.00132
12.10000 0.00127
12.20000 0.00122
12.30000 0.00118
12.40000 0.00113
12.50000 0.00109
12.60000 0.00105
12.70000 0.00102
12.80000 0.00098
12.90000 0.00095
13.00000 0.00092
13.10000 0.00089
13.20000 0.00086
13.30000 0.00083
13.40000 0.00080
13.50000 0.00078
13.60000 0.00075
13.70000 0.00073
13.80000 0.00071
13.90000 0.00068
14.00000 0.00066
14.10000 0.00064
14.20000 0.00062
14.30000 0.00061
14.40000 0.00059
14.50000 0.00057
14.60000 0.00055
14.70000 0.00054
14.80000 0.00052
14.90000 0.00051
15.00000 0.00049
15.10000 0.00048
15.20000 0.00046
15.30000 0.00045
15.40000 0.00044
15.50000 0.00043
15.60000 0.00041
15.70000 0.00040
15.80000 0.00039
15.90000 0.00038
16.00000 0.00037
16.10000 0.00036
16.20000 0.00035
16.30000 0.00034
16.40000 0.00033
16.50000 0.00032
16.60000 0.00031
16.70000 0.00031
16.80000 0.00030
16.90000 0.00029
17.00000 0.00028
17.10000 0.00027
17.20000 0.00027
17.30000 0.00026
17.40000 0.00025
17.50000 0.00025
17.60000 0.00024
17.70000 0.00023
17.80000 0.00023
17.90000 0.00022
18.00000 0.00021
18.10000 0.00021
18.20000 0.00020
18.30000 0.00020
18.40000 0.00019
18.50000 0.00019
18.60000 0.00018
18.70000 0.00018
18.80000 0.00017
18.90000 0.00017
19.00000 0.00016
19.10000 0.00016
19.20000 0.00015
19.30000 0.00015
19.40000 0.00014
19.50000 0.00014
19.60000 0.00014
19.70000 0.00013
19.80000 0.00013
19.90000 0.00012
20.00000 0.00012
20.10000 0.00012
20.20000 0.00011
20.30000 0.00011
20.40000 0.00011
20.50000 0.00010
20.60000 0.00010
20.70000 0.00010
20.80000 0.00009
20.90000 0.00009
21.00000 0.00009
21.10000 0.00008
21.20000 0.00008
21.30000 0.00008
21.40000 0.00007
21.50000 0.00007
21.60000 0.00007
21.70000 0.00007
21.80000 0.00006
21.90000 0.00006
22.00000 0.00006
22.10000 0.00006
22.20000 0.00005
22.30000 0.00005
22.40000 0.00005
22.50000 0.00005
22.60000 0.00004
22.70000 0.00004
22.80000 0.00004
22.90000 0.00004
23.00000 0.00004
23.10000 0.00003
23.20000 0.00003
23.30000 0.00003
23.40000 0.00003
23.50000 0.00003
23.60000 0.00002
23.70000 0.00002
23.80000 0.00002
23.90000 0.00002
24.00000 0.00002
24.10000 0.00001
24.20000 0.00001
24.30000 0.00001
24.40000 0.00001
24.50000 0.00001
24.60000 0.00001
24.70000 0.00000
24.80000 0.00000
24.90000 0.00000
25.00000 0.00000
