529.20001 0.49434
532.34198 0.18210
533.07446 0.00153
533.72424 0.11579
536.19922 0.00002
536.21710 0.00005
536.21997 0.00000
536.22009 0.00000
536.24750 0.00000
536.75720 0.00000
536.90924 0.00000
536.92645 0.00905
536.99005 0.00038
537.10590 0.00001
537.49585 0.00000
537.62433 0.00000
537.71387 0.00620
538.01636 0.00007
539.34540 0.00000
539.36627 0.00000
539.38000 0.00000
539.40222 0.00000
539.43323 0.00016
539.61078 0.00000
539.64270 0.00000
540.13782 0.00045
540.20941 0.00000
540.22852 0.00001
540.23041 0.00000
540.73657 0.00000
540.75342 0.00000
540.76990 0.00000
540.79028 0.00000
541.02808 0.00005
541.40619 0.00000
541.43414 0.00000
541.51312 0.00062
541.59314 0.00114
541.66534 0.00005
541.67657 0.00009
542.37122 0.00005
542.55261 0.00145
542.77063 0.00001
542.79102 0.00000
543.50641 0.00000
543.53656 0.00000
543.86334 0.00265
543.88452 0.00000
543.90411 0.00000
544.02618 0.00000
544.04596 0.00000
544.04602 0.00000
544.05566 0.00000
544.07465 0.00000
544.07886 0.00000
544.15479 0.00001
544.17535 0.00000
544.21301 0.00004
544.22931 0.00010
544.23352 0.00000
544.23712 0.00002
544.62439 0.00000
544.64398 0.00000
544.70074 0.00002
544.70807 0.00000
544.74573 0.00000
544.76538 0.00000
544.84302 0.00000
544.84521 0.00000
544.86115 0.00000
544.86279 0.00000
544.86694 0.00000
544.86755 0.00002
545.01880 0.00063
545.04791 0.00267
545.06525 0.00135
545.12946 0.00000
545.15723 0.00010
545.33844 0.00000
545.35974 0.00000
545.38586 0.00000
545.39716 0.00012
545.40576 0.00000
545.42017 0.00001
545.44769 0.00000
545.47430 0.00622
545.52423 0.00705
545.59235 0.00000
545.67737 0.00000
545.77124 0.00000
545.77570 0.00003
545.77875 0.00013
545.79321 0.00001
545.90735 0.00007
545.92981 0.00000
546.04572 0.00003
546.05383 0.00000
546.10120 0.00008
546.21088 0.00040
546.28790 0.00002
546.32898 0.00045
546.33112 0.00060
546.46100 0.00000
546.46106 0.00000
546.53668 0.00000
546.55518 0.00000
546.55945 0.00000
546.56580 0.00000
546.93640 0.00000
547.17065 0.01125
547.18231 0.00000
547.21265 0.00000
547.32935 0.00000
547.35352 0.00002
547.35986 0.00000
547.36902 0.00006
547.36908 0.00006
547.38745 0.00000
547.51965 0.02590
547.55005 0.00000
547.58734 0.00003
547.74213 0.02077
547.92157 0.00000
547.95190 0.00000
548.04639 0.00000
548.07684 0.00000
548.15497 0.00003
548.15503 0.00003
548.17627 0.00000
548.31274 0.00585
548.42664 0.00000
548.44543 0.00000
548.47522 0.00000
548.51282 0.00003
548.51929 0.00000
548.53912 0.00000
548.54407 0.00000
548.56390 0.00000
548.56403 0.00000
548.60175 0.00000
548.77893 0.00000
548.78107 0.00000
548.78625 0.00000
548.80072 0.00000
548.80121 0.00000
548.80963 0.00000
548.81207 0.00000
548.82153 0.00000
548.83734 0.00000
548.88971 0.00000
548.89972 0.00000
548.90021 0.00000
548.90234 0.00000
548.90448 0.00000
548.92078 0.00000
549.00916 0.00000
549.05634 0.00000
549.22681 0.00000
549.32428 0.00000
549.33276 0.00000
549.35773 0.00000
549.40619 0.00000
549.41168 0.00000
549.42316 0.00000
549.44238 0.00000
549.49225 0.00000
549.49561 0.00000
549.52063 0.00000
549.52258 0.00016
549.57910 0.00000
549.58606 0.00010
549.61182 0.00000
549.62500 0.00000
549.62506 0.00000
549.73517 0.00002
549.74591 0.00005
549.83862 0.00000
549.84039 0.00000
549.84595 0.00000
549.84705 0.00000
549.85962 0.00004
549.88245 0.00000
549.88513 0.00000
549.90552 0.00030
549.93146 0.00000
549.93231 0.00000
549.93506 0.00000
549.93701 0.00000
549.93701 0.00000
549.93903 0.00001
549.93945 0.00001
549.99109 0.00000
550.08777 0.00004
550.15515 0.00017
550.16028 0.00000
550.18774 0.00000
550.19348 0.00000
550.21393 0.00000
550.23340 0.00000
550.26324 0.00023
550.30280 0.00000
550.30481 0.00003
550.30750 0.00000
550.30994 0.00000
550.31006 0.00000
550.32721 0.00000
550.32935 0.00000
550.34558 0.00000
550.36279 0.00006
550.37128 0.00010
550.37958 0.00000
550.46283 0.00000
550.48834 0.00004
550.50409 0.00000
550.55005 0.00000
550.55798 0.00000
550.57916 0.00000
550.69849 0.00016
550.71649 0.00000
550.77777 0.00000
550.80823 0.00000
550.83929 0.00000
550.84503 0.00000
550.93445 0.00000
551.25964 0.00038
551.33826 0.00021
551.43701 0.00006
551.43707 0.00006
551.82422 0.00000
551.85077 0.00000
551.85474 0.00000
551.88141 0.00000
551.97162 0.00000
551.99054 0.00000
552.02325 0.00000
552.03369 0.00000
552.09045 0.00003
552.09674 0.00002
552.09717 0.00002
552.11975 0.00000
552.12384 0.00000
552.12433 0.00000
552.12982 0.00007
552.13367 0.00008
552.14313 0.00000
552.71820 0.00003
552.73938 0.00000
552.75525 0.00000
552.79810 0.00032
552.80389 0.00002
552.82996 0.00000
552.83008 0.00000
552.84369 0.00010
552.87598 0.00000
553.00464 0.00000
553.02948 0.00000
553.04797 0.00000
553.04803 0.00000
553.05902 0.00000
553.05945 0.00000
553.06842 0.00000
553.07953 0.00000
553.08301 0.00000
553.08307 0.00000
553.08679 0.00000
553.09387 0.00000
553.09583 0.00000
553.09760 0.00000
553.09882 0.00000
553.10162 0.00000
553.10669 0.00000
553.20563 0.00001
553.20825 0.00000
553.31958 0.00000
553.33655 0.00000
553.36981 0.00000
553.42218 0.00000
553.43219 0.00000
553.43451 0.00000
553.44171 0.00000
553.45367 0.00000
553.48041 0.00000
553.50476 0.00000
553.54175 0.00000
553.83179 0.00000
553.84332 0.00000
553.85498 0.00000
553.85779 0.00000
553.86841 0.00000
553.88690 0.00000
553.88885 0.00000
553.89673 0.00000
553.90173 0.00000
553.93878 0.00000
553.96570 0.00000
553.98926 0.00000
554.01062 0.00000
554.03070 0.00001
554.04492 0.00002
554.07452 0.00000
554.09576 0.00000
554.11310 0.00002
554.15179 0.00000
554.15796 0.00000
554.15802 0.00000
554.16052 0.00001
554.16754 0.00000
554.17792 0.00000
554.18127 0.00018
554.18445 0.00000
554.22180 0.00000
554.30731 0.00009
554.31525 0.00000
554.34210 0.00000
554.36169 0.00000
554.39709 0.00002
554.40979 0.00000
554.48096 0.00000
554.54657 0.00000
554.54779 0.00000
554.55084 0.00047
554.57526 0.00000
554.57837 0.00000
554.59271 0.00000
554.60126 0.00000
554.66992 0.00000
554.68573 0.00000
554.69574 0.00000
554.73273 0.00000
554.79492 0.00000
554.79578 0.00000
554.79602 0.00000
554.82239 0.00000
554.82703 0.00000
554.82709 0.00000
554.84729 0.00008
554.85144 0.00000
554.85699 0.00000
554.89008 0.00000
554.90308 0.00000
554.95398 0.00000
554.95410 0.00000
554.96503 0.00000
554.96503 0.00000
554.96997 0.00000
554.97003 0.00000
555.06830 0.00000
555.10498 0.00000
555.10504 0.00000
555.10834 0.00000
555.13147 0.00000
555.17041 0.00001
555.17444 0.00000
555.19867 0.00000
555.20251 0.00000
555.20758 0.00000
555.22247 0.00001
555.26489 0.00000
555.29315 0.00000
555.33185 0.00000
555.33759 0.00000
555.45020 0.00000
555.46350 0.00000
555.53113 0.00000
555.63171 0.00013
555.66986 0.00000
555.67004 0.00000
555.71277 0.00000
555.82782 0.00000
555.87408 0.00004
555.96613 0.00002
555.98138 0.00000
555.99451 0.00004
556.00110 0.00003
556.01208 0.00000
556.02753 0.00000
556.03198 0.00000
556.03387 0.00000
556.03687 0.00000
556.04175 0.00000
556.04932 0.00000
556.05377 0.00000
556.05713 0.00012
556.06360 0.00000
556.07953 0.00006
556.10858 0.00000
556.11920 0.00000
556.14172 0.00000
556.16986 0.00000
556.18414 0.00000
556.23401 0.00002
556.25098 0.00000
556.27686 0.00000
556.28821 0.00000
556.30566 0.00000
556.43134 0.00000
556.45471 0.00000
556.52234 0.00000
556.58698 0.00000
556.65576 0.00000
556.67596 0.00000
556.67609 0.00000
556.73969 0.00000
556.74683 0.00000
556.74811 0.00000
556.79218 0.00000
556.84930 0.00000
556.85461 0.00000
556.85577 0.00000
556.86096 0.00000
556.86206 0.00000
556.86420 0.00000
556.92230 0.00000
556.93134 0.00000
556.93304 0.00000
556.93604 0.00000
556.96594 0.00000
556.97034 0.00000
556.98431 0.00000
557.00934 0.00000
557.03931 0.00000
557.06885 0.00000
557.08002 0.00000
557.08026 0.00000
557.08105 0.00000
557.12384 0.00000
557.18756 0.00000
557.28040 0.00004
557.40491 0.00000
557.41858 0.00000
557.43250 0.00000
557.43494 0.00012
557.48267 0.00000
557.48639 0.00000
557.49066 0.00000
557.49536 0.00000
557.51379 0.00000
557.51495 0.00000
557.51764 0.00000
557.52014 0.00000
557.52435 0.00000
557.52551 0.00000
557.52814 0.00000
557.53448 0.00000
557.55298 0.00000
557.55304 0.00000
557.56287 0.00000
557.56531 0.00000
557.58380 0.00000
557.58441 0.00000
557.58557 0.00000
557.58698 0.00000
557.58704 0.00000
557.59082 0.00000
557.59210 0.00000
557.59497 0.00000
557.59509 0.00000
557.59735 0.00000
557.60297 0.00000
557.60870 0.00000
557.61011 0.00000
557.62268 0.00000
557.63361 0.00001
557.63763 0.00000
557.63910 0.00000
557.65033 0.00000
557.66144 0.00000
557.66748 0.00001
557.68457 0.00000
557.69263 0.00000
557.69843 0.00000
557.70001 0.00000
557.70020 0.00000
557.71362 0.00000
557.71454 0.00000
557.71564 0.00000
557.72223 0.00000
557.74640 0.00000
557.79865 0.00000
557.81824 0.00000
557.82855 0.00000
557.83557 0.00000
557.87811 0.00000
557.94751 0.00000
557.95221 0.00000
558.02466 0.00000
558.08649 0.00000
558.09460 0.00000
558.10297 0.00000
558.10303 0.00000
558.20251 0.00000
558.25336 0.00000
558.29578 0.00000
558.32654 0.00000
558.32788 0.00000
558.33081 0.00000
558.36835 0.00000
558.38013 0.00000
558.38312 0.00000
558.38599 0.00000
558.39771 0.00000
558.40002 0.00000
558.40002 0.00000
558.41187 0.00000
558.41510 0.00000
558.43097 0.00000
558.43103 0.00000
558.43506 0.00000
558.44385 0.00000
558.45917 0.00000
558.46112 0.00000
558.46356 0.00000
558.48950 0.00000
558.53278 0.00000
558.53381 0.00000
558.53949 0.00000
558.57190 0.00000
558.58765 0.00000
558.61853 0.00000
558.71198 0.00000
558.71204 0.00000
558.73792 0.00000
558.75842 0.00000
558.77179 0.00001
558.78326 0.00000
558.78845 0.00000
558.82294 0.00000
558.82990 0.00000
558.84430 0.00000
558.86737 0.00000
558.86890 0.00000
558.87952 0.00000
558.91534 0.00000
558.94574 0.00000
558.96057 0.00000
558.98199 0.00000
558.98206 0.00000
559.07172 0.00000
559.07928 0.00000
559.08740 0.00000
559.09784 0.00000
559.10529 0.00000
559.12183 0.00000
559.12854 0.00000
559.13080 0.00000
559.13672 0.00000
559.14185 0.00000
559.16052 0.00000
559.22485 0.00000
559.22516 0.00000
559.23608 0.00000
559.24359 0.00000
559.26477 0.00000
559.28595 0.00000
559.29041 0.00000
559.29388 0.00000
559.29767 0.00000
559.29889 0.00000
559.30560 0.00000
559.31641 0.00000
559.36139 0.00000
559.36847 0.00000
559.37140 0.00000
559.41528 0.00000
559.46069 0.00001
559.47638 0.00000
559.48560 0.00000
559.49744 0.00000
559.50500 0.00000
559.50500 0.00000
559.51007 0.00000
559.53961 0.00000
559.59595 0.00000
559.61780 0.00000
559.62433 0.00000
559.63965 0.00000
559.64697 0.00000
559.64703 0.00000
559.73041 0.00000
559.76599 0.00000
559.79022 0.00000
559.79492 0.00000
559.80133 0.00000
559.81226 0.00000
559.82294 0.00002
559.82336 0.00000
559.83307 0.00000
559.83789 0.00000
559.85852 0.00000
559.86157 0.00000
559.92242 0.00000
559.93329 0.00006
559.93658 0.00001
559.96460 0.00000
559.96838 0.00000
559.98181 0.00000
559.99194 0.00000
559.99280 0.00000
560.01544 0.00000
560.13269 0.00000
560.13947 0.00000
560.16577 0.00000
560.21216 0.00000
560.37604 0.00000
560.38068 0.00000
560.39154 0.00000
560.40479 0.00000
560.40576 0.00000
560.44220 0.00000
560.44720 0.00000
560.45074 0.00000
560.46149 0.00000
560.46283 0.00000
560.46582 0.00000
560.47424 0.00000
560.48352 0.00000
560.48499 0.00000
560.48792 0.00000
560.51038 0.00000
560.52936 0.00000
560.53625 0.00000
560.53717 0.00000
560.53967 0.00000
560.54272 0.00000
560.54883 0.00000
560.55835 0.00000
560.55951 0.00000
560.56433 0.00000
560.56531 0.00001
560.57092 0.00000
560.57330 0.00000
560.57745 0.00000
560.60162 0.00003
560.62537 0.00000
560.62775 0.00000
560.63794 0.00000
560.63806 0.00000
560.64600 0.00000
560.65210 0.00000
560.65454 0.00000
560.66132 0.00016
560.66296 0.00000
560.66321 0.00002
560.67377 0.00000
560.69354 0.00000
560.75391 0.00000
560.75891 0.00000
560.76996 0.00000
560.77008 0.00000
560.77264 0.00000
560.79724 0.00000
560.92310 0.00000
560.94830 0.00009
560.97662 0.00000
561.01355 0.00003
561.12970 0.00000
561.15326 0.00000
561.20068 0.00000
561.23602 0.00000
561.23602 0.00000
561.27283 0.00000
561.27515 0.00000
561.28772 0.00000
561.28979 0.00000
561.29120 0.00000
561.33514 0.00000
561.34338 0.00000
561.34479 0.00000
561.35431 0.00000
561.36096 0.00000
561.36102 0.00000
561.36322 0.00000
561.36542 0.00000
561.40100 0.00000
561.45068 0.00000
561.46899 0.00000
561.46906 0.00000
561.48865 0.00000
561.51270 0.00000
561.57062 0.00000
561.60022 0.00000
561.61340 0.00000
561.63257 0.00000
561.64093 0.00000
561.64124 0.00000
561.64240 0.00000
561.65302 0.00000
561.65308 0.00000
561.67633 0.00000
561.68433 0.00000
561.68903 0.00000
561.74854 0.00000
561.76001 0.00000
561.77515 0.00000
561.79114 0.00000
561.82764 0.00000
561.83026 0.00000
561.83795 0.00000
561.83807 0.00000
561.86798 0.00000
561.89209 0.00000
561.92950 0.00000
561.93982 0.00000
562.00586 0.00000
562.02789 0.00000
562.05261 0.00000
562.05371 0.00000
562.07239 0.00000
562.08820 0.00000
562.10419 0.00000
562.13141 0.00000
562.13458 0.00000
562.14899 0.00000
562.14905 0.00000
562.16650 0.00000
562.17578 0.00000
562.18433 0.00000
562.18854 0.00000
562.19147 0.00000
562.20697 0.00000
562.20898 0.00000
562.20905 0.00000
562.24396 0.00000
562.24408 0.00000
562.25452 0.00000
562.26190 0.00000
562.30701 0.00000
562.31818 0.00000
562.34656 0.00000
562.35541 0.00000
562.35822 0.00000
562.36920 0.00000
562.38037 0.00000
562.38867 0.00000
562.39380 0.00000
562.40118 0.00000
562.41296 0.00000
562.42365 0.00000
562.44116 0.00000
562.44452 0.00000
562.44537 0.00000
562.46484 0.00000
562.46533 0.00000
562.47516 0.00000
562.49591 0.00000
562.56219 0.00000
562.69653 0.00000
562.77777 0.00000
562.83441 0.00000
562.90393 0.00000
562.96271 0.00000
563.09302 0.00000
563.09302 0.00000
563.09650 0.00000
563.12665 0.00000
563.13068 0.00000
563.14093 0.00005
563.15265 0.00000
563.16968 0.00000
563.17468 0.00000
563.19104 0.00000
563.21338 0.00000
563.24890 0.00000
563.26947 0.00000
563.29486 0.00000
563.33844 0.00000
563.36072 0.00000
563.38171 0.00000
563.40350 0.00002
563.45789 0.00000
563.46722 0.00001
563.47638 0.00000
563.48773 0.00000
563.50037 0.00000
563.51501 0.00000
563.51501 0.00000
563.52856 0.00000
563.53973 0.00000
563.58862 0.00003
563.59888 0.00001
563.61627 0.00000
563.62079 0.00000
563.62488 0.00000
563.63049 0.00000
563.63702 0.00000
563.63702 0.00000
563.65735 0.00000
563.75562 0.00000
563.77985 0.00000
563.78613 0.00000
563.78766 0.00000
563.79779 0.00000
563.79938 0.00000
563.80780 0.00002
563.81067 0.00000
563.91992 0.00000
563.93298 0.00000
563.93365 0.00000
563.97937 0.00000
564.01251 0.00000
564.01404 0.00000
564.01770 0.00000
564.02667 0.00000
564.02777 0.00000
564.05554 0.00005
564.06158 0.00001
564.10168 0.00000
564.11737 0.00000
564.14813 0.00000
564.15039 0.00000
564.18408 0.00007
564.20349 0.00000
564.27753 0.00000
564.29517 0.00001
564.29968 0.00000
564.35974 0.00000
564.40765 0.00000
564.41632 0.00000
564.42792 0.00000
564.42963 0.00000
564.44696 0.00000
564.46417 0.00000
564.46729 0.00001
564.48578 0.00000
564.49268 0.00000
564.56592 0.00000
564.57178 0.00000
564.57751 0.00000
564.58868 0.00000
564.59113 0.00000
564.60352 0.00000
564.60455 0.00000
564.64270 0.00000
564.66473 0.00001
564.70026 0.00000
564.72815 0.00000
564.73199 0.00000
564.73206 0.00000
564.76428 0.00000
564.77222 0.00000
564.86243 0.00017
564.90338 0.00000
564.90594 0.00000
564.90607 0.00000
564.91400 0.00000
564.91406 0.00000
564.97754 0.00000
564.99036 0.00000
564.99359 0.00000
565.02814 0.00000
565.03802 0.00000
565.05542 0.00000
565.09613 0.00000
565.10577 0.00000
565.12097 0.00009
565.17365 0.00000
565.18420 0.00000
565.22632 0.00000
565.25330 0.00013
565.25769 0.00000
565.26080 0.00000
565.26984 0.00000
565.31085 0.00000
565.31183 0.00000
565.31287 0.00000
565.31934 0.00002
565.32050 0.00000
565.32782 0.00000
565.33002 0.00000
565.33008 0.00000
565.34143 0.00000
565.34613 0.00000
565.34778 0.00000
565.35095 0.00000
565.36877 0.00000
565.38135 0.00000
565.38275 0.00000
565.38452 0.00000
565.38763 0.00000
565.39288 0.00000
565.39307 0.00000
565.41766 0.00000
565.42944 0.00000
565.43787 0.00000
565.43805 0.00000
565.50452 0.00000
565.50970 0.00000
565.51141 0.00000
565.51453 0.00000
565.54401 0.00018
565.54468 0.00000
565.55322 0.00000
565.55652 0.00000
565.55859 0.00000
565.60376 0.00000
565.65808 0.00000
565.66400 0.00000
565.66406 0.00000
565.68207 0.00000
565.68317 0.00000
565.68726 0.00000
565.69263 0.00000
565.71436 0.00000
565.72668 0.00000
565.73230 0.00005
565.75140 0.00000
565.77954 0.00000
565.80127 0.00000
565.81537 0.00000
565.82233 0.00000
565.82379 0.00000
565.82751 0.00000
565.85535 0.00000
565.85907 0.00000
565.86743 0.00000
565.87683 0.00000
565.87732 0.00000
565.93896 0.00000
565.95099 0.00000
565.95105 0.00000
565.96594 0.00000
566.02417 0.00000
566.03137 0.00000
566.06531 0.00000
566.06653 0.00000
566.06720 0.00000
566.14825 0.00000
566.17102 0.00000
566.17133 0.00000
566.17279 0.00000
566.19482 0.00000
566.20728 0.00000
566.31128 0.00000
566.34644 0.00000
566.34912 0.00000
566.35162 0.00000
566.35699 0.00000
566.35706 0.00000
566.36676 0.00000
566.37976 0.00000
566.39270 0.00000
566.51233 0.00000
566.53961 0.00000
566.57214 0.00000
566.61664 0.00000
566.65979 0.00000
566.66022 0.00000
566.68854 0.00000
566.68976 0.00000
566.70142 0.00000
566.70435 0.00000
566.75659 0.00000
566.86877 0.00000
566.88147 0.00000
566.90338 0.00000
566.91595 0.00000
566.91693 0.00000
567.15594 0.00000
567.21613 0.00002
567.22449 0.00002
567.27313 0.00000
567.29065 0.00000
567.31647 0.00000
567.31842 0.00000
567.32220 0.00000
567.32751 0.00000
567.35797 0.00000
567.35803 0.00000
567.36884 0.00000
567.37195 0.00000
567.37207 0.00000
567.40631 0.00000
567.40833 0.00000
567.41217 0.00000
567.41516 0.00000
567.41699 0.00000
567.41711 0.00000
567.41907 0.00000
567.42090 0.00000
567.42297 0.00000
567.42303 0.00000
567.44702 0.00000
567.45367 0.00000
567.45685 0.00000
567.46112 0.00000
567.46460 0.00000
567.46960 0.00000
567.47137 0.00000
567.50476 0.00000
567.50836 0.00000
567.51581 0.00000
567.51770 0.00000
567.51849 0.00000
567.52155 0.00000
567.54785 0.00000
567.55640 0.00000
567.57043 0.00000
567.57855 0.00029
567.59735 0.00000
567.60730 0.00000
567.62744 0.00000
567.64935 0.00000
567.66296 0.00000
567.66901 0.00000
567.66907 0.00000
567.67651 0.00000
567.73505 0.00000
567.76611 0.00000
567.76971 0.00001
567.80945 0.00000
567.84717 0.00000
567.85913 0.00001
567.91443 0.00000
567.98145 0.00000
567.98932 0.00000
568.00128 0.00000
568.01117 0.00000
568.05054 0.00000
568.10669 0.00000
568.11066 0.00000
568.11951 0.00000
568.12067 0.00000
568.12616 0.00000
568.14124 0.00001
568.14984 0.00001
568.15570 0.00000
568.17126 0.00000
568.18549 0.00000
568.18646 0.00000
568.19214 0.00000
568.20374 0.00000
568.22015 0.00000
568.23578 0.00000
568.24323 0.00000
568.24536 0.00000
568.25330 0.00000
568.27692 0.00000
568.30554 0.00000
568.30927 0.00000
568.33313 0.00000
568.35199 0.00004
568.36255 0.00000
568.36316 0.00000
568.37366 0.00000
568.37878 0.00000
568.37939 0.00000
568.38007 0.00000
568.38782 0.00000
568.38806 0.00000
568.39197 0.00000
568.39807 0.00000
568.40887 0.00000
568.41632 0.00000
568.43823 0.00000
568.52356 0.00000
568.54059 0.00000
568.58844 0.00000
568.59424 0.00000
568.62830 0.00001
568.66345 0.00000
568.67194 0.00000
568.67200 0.00000
568.67621 0.00003
568.71747 0.00000
568.73633 0.00000
568.81232 0.00000
568.81854 0.00000
568.82141 0.00000
568.83264 0.00000
568.93683 0.00000
568.94836 0.00000
568.96704 0.00000
568.96704 0.00000
568.97736 0.00000
568.99249 0.00000
569.02094 0.00000
569.03156 0.00000
569.06903 0.00002
569.09283 0.00000
569.09869 0.00000
569.12195 0.00000
569.12329 0.00000
569.12994 0.00000
569.18359 0.00000
569.20300 0.00000
569.22949 0.00000
569.23438 0.00000
569.23999 0.00000
569.27496 0.00000
569.31787 0.00000
569.32312 0.00000
569.32709 0.00000
569.35291 0.00000
569.35742 0.00000
569.37061 0.00000
569.37756 0.00000
569.38391 0.00000
569.38403 0.00000
569.38934 0.00000
569.39160 0.00000
569.39661 0.00000
569.42621 0.00003
569.43616 0.00000
569.43762 0.00000
569.44080 0.00000
569.46722 0.00000
569.48096 0.00000
569.50671 0.00000
569.52399 0.00000
569.52405 0.00000
569.52625 0.00000
569.52887 0.00000
569.53119 0.00000
569.54541 0.00000
569.55743 0.00000
569.57556 0.00000
569.57739 0.00000
569.59015 0.00000
569.60010 0.00000
569.60242 0.00000
569.63751 0.00000
569.65198 0.00000
569.65204 0.00000
569.65765 0.00000
569.66913 0.00000
569.67114 0.00000
569.69250 0.00000
569.69324 0.00000
569.70166 0.00000
569.70587 0.00000
569.74292 0.00000
569.78156 0.00007
569.78436 0.00000
569.78729 0.00000
569.78876 0.00000
569.79437 0.00000
569.80481 0.00000
569.81152 0.00000
569.81329 0.00000
569.81464 0.00000
569.81598 0.00000
569.81622 0.00000
569.81842 0.00000
569.81946 0.00000
569.82343 0.00000
569.82489 0.00000
569.83118 0.00000
569.83490 0.00000
569.83783 0.00000
569.84363 0.00000
569.84827 0.00000
569.86310 0.00000
569.86633 0.00000
569.86780 0.00000
569.86957 0.00000
569.87012 0.00000
569.91083 0.00000
569.91235 0.00000
569.92279 0.00000
569.92352 0.00000
569.94287 0.00000
569.95001 0.00000
569.95044 0.00000
569.95160 0.00000
569.95215 0.00000
569.95782 0.00000
569.95831 0.00000
569.97125 0.00000
569.97736 0.00000
569.97949 0.00000
569.99896 0.00000
569.99902 0.00000
570.00317 0.00000
570.01141 0.00000
570.02380 0.00000
570.02808 0.00000
570.03448 0.00000
570.04474 0.00000
570.04608 0.00000
570.06226 0.00000
570.08197 0.00000
570.09827 0.00000
570.10669 0.00000
570.11877 0.00000
570.12195 0.00000
570.12372 0.00000
570.12891 0.00000
570.13055 0.00000
570.13135 0.00000
570.14130 0.00000
570.14539 0.00036
570.15790 0.00000
570.16425 0.00000
570.17096 0.00000
570.18451 0.00000
570.18561 0.00000
570.20465 0.00000
570.20776 0.00000
570.22534 0.00000
570.23828 0.00000
570.24170 0.00000
570.24854 0.00000
570.25195 0.00000
570.25562 0.00000
570.25671 0.00000
570.26245 0.00000
570.26416 0.00000
570.27057 0.00000
570.28094 0.00000
570.30023 0.00000
570.31531 0.00000
570.32355 0.00000
570.33606 0.00000
570.33728 0.00000
570.33881 0.00000
570.34375 0.00000
570.36426 0.00000
570.36932 0.00000
570.39050 0.00000
570.39941 0.00000
570.40820 0.00000
570.41425 0.00000
570.42468 0.00000
570.43079 0.00000
570.43176 0.00000
570.43549 0.00000
570.43872 0.00000
570.44318 0.00000
570.44586 0.00000
570.46179 0.00000
570.50555 0.00000
570.51093 0.00000
570.53149 0.00000
570.53912 0.00000
570.55365 0.00000
570.55762 0.00000
570.55975 0.00000
570.56097 0.00000
570.56897 0.00000
570.57642 0.00013
570.58826 0.00000
570.60748 0.00000
570.61975 0.00000
570.63074 0.00000
570.64691 0.00000
570.70221 0.00000
570.70642 0.00000
570.71783 0.00000
570.71851 0.00000
570.72137 0.00000
570.77649 0.00000
570.78943 0.00000
570.79156 0.00000
570.79675 0.00000
570.86676 0.00000
570.88837 0.00000
570.89185 0.00000
570.90668 0.00000
570.91901 0.00000
570.91901 0.00000
570.96503 0.00000
570.96503 0.00000
571.00775 0.00000
571.01373 0.00000
571.03339 0.00000
571.03436 0.00000
571.04321 0.00000
571.05463 0.00000
571.06409 0.00000
571.06586 0.00000
571.06793 0.00000
571.08423 0.00000
571.08826 0.00000
571.09454 0.00000
571.10461 0.00000
571.11121 0.00000
571.11279 0.00000
571.11542 0.00000
571.12396 0.00000
571.12402 0.00000
571.12512 0.00000
571.14215 0.00000
571.14319 0.00000
571.14667 0.00000
571.16266 0.00000
571.18610 0.00000
571.19763 0.00000
571.22949 0.00000
571.23065 0.00000
571.24097 0.00000
571.24103 0.00000
571.24792 0.00000
571.26294 0.00000
571.26837 0.00000
571.27356 0.00000
571.28961 0.00000
571.31952 0.00000
571.32013 0.00000
571.33044 0.00000
571.33167 0.00000
571.33655 0.00000
571.34314 0.00000
571.34894 0.00000
571.35046 0.00000
571.36719 0.00000
571.37317 0.00000
571.37427 0.00000
571.38831 0.00000
571.39862 0.00000
571.40540 0.00000
571.40717 0.00000
571.40924 0.00000
571.42035 0.00000
571.42151 0.00000
571.42786 0.00000
571.43848 0.00000
571.45557 0.00000
571.46143 0.00000
571.46637 0.00000
571.47852 0.00000
571.48059 0.00000
571.48846 0.00000
571.49561 0.00000
571.49689 0.00000
571.52838 0.00000
571.54303 0.00000
571.54858 0.00000
571.54919 0.00000
571.55951 0.00000
571.58521 0.00000
571.59802 0.00000
571.59802 0.00000
571.59998 0.00000
571.60028 0.00000
571.60498 0.00000
571.60504 0.00000
571.60754 0.00000
571.61383 0.00000
571.63196 0.00000
571.63208 0.00000
571.63977 0.00000
571.64868 0.00001
571.65350 0.00000
571.65631 0.00000
571.66901 0.00000
571.66949 0.00000
571.68799 0.00000
571.68805 0.00000
571.69958 0.00000
571.70319 0.00000
571.70715 0.00000
571.71631 0.00000
571.71716 0.00000
571.76044 0.00000
571.76440 0.00000
571.76642 0.00000
571.76898 0.00000
571.76904 0.00000
571.77155 0.00000
571.77264 0.00000
571.77338 0.00000
571.78223 0.00000
571.79401 0.00000
571.79407 0.00000
571.79987 0.00000
571.80621 0.00000
571.85168 0.00000
571.85229 0.00000
571.85333 0.00000
571.85529 0.00000
571.85645 0.00000
571.86011 0.00000
571.86212 0.00000
571.86371 0.00000
571.86407 0.00000
571.86566 0.00000
571.86859 0.00000
571.86951 0.00000
571.87067 0.00000
571.87128 0.00000
571.87225 0.00000
571.89032 0.00000
571.89844 0.00000
571.90613 0.00000
571.90820 0.00000
571.93420 0.00000
571.95117 0.00000
571.95465 0.00000
571.96295 0.00000
571.96301 0.00000
571.96497 0.00000
571.96716 0.00000
571.96851 0.00000
571.97162 0.00000
571.97949 0.00000
571.98145 0.00000
571.98492 0.00000
571.99756 0.00000
572.01056 0.00000
572.01129 0.00000
572.01514 0.00000
572.01624 0.00000
572.02008 0.00000
572.02686 0.00000
572.03033 0.00000
572.03162 0.00000
572.03381 0.00000
572.04498 0.00000
572.05066 0.00000
572.05371 0.00000
572.05469 0.00000
572.05920 0.00000
572.06396 0.00000
572.06628 0.00000
572.06885 0.00000
572.07404 0.00007
572.08002 0.00000
572.08008 0.00000
572.08112 0.00000
572.09308 0.00000
572.09650 0.00000
572.10095 0.00000
572.11322 0.00000
572.12006 0.00000
572.12140 0.00000
572.12701 0.00000
572.12708 0.00000
572.13287 0.00000
572.13751 0.00000
572.14276 0.00000
572.15051 0.00000
572.15137 0.00000
572.15979 0.00000
572.16449 0.00000
572.16589 0.00000
572.16644 0.00000
572.17035 0.00000
572.17737 0.00000
572.18542 0.00000
572.18726 0.00000
572.19434 0.00000
572.20581 0.00000
572.22571 0.00000
572.25281 0.00000
572.25446 0.00000
572.26611 0.00000
572.29108 0.00000
572.30389 0.00000
572.30536 0.00000
572.32916 0.00000
572.35425 0.00000
572.39386 0.00000
572.39600 0.00000
572.40668 0.00000
572.40826 0.00000
572.42395 0.00000
572.42737 0.00000
572.43726 0.00000
572.43909 0.00000
572.45471 0.00000
572.47839 0.00000
572.48096 0.00000
572.49158 0.00000
572.49200 0.00000
572.49304 0.00000
572.50488 0.00000
572.51532 0.00000
572.53406 0.00000
572.53687 0.00000
572.54254 0.00000
572.54559 0.00000
572.54626 0.00000
572.54871 0.00000
572.55548 0.00000
572.55829 0.00000
572.56458 0.00000
572.56586 0.00000
572.56714 0.00000
572.57379 0.00000
572.57684 0.00000
572.58698 0.00000
572.58704 0.00000
572.58844 0.00001
572.59741 0.00000
572.60162 0.00000
572.60754 0.00000
572.62952 0.00000
572.63214 0.00000
572.63855 0.00000
572.66705 0.00000
572.68573 0.00000
572.68756 0.00000
572.69196 0.00000
572.71216 0.00000
572.72168 0.00000
572.72876 0.00000
572.72986 0.00000
572.73297 0.00000
572.73303 0.00000
572.74591 0.00000
572.76752 0.00000
572.76837 0.00000
572.76965 0.00000
572.77588 0.00000
572.78827 0.00000
572.79956 0.00000
572.84631 0.00000
572.86469 0.00000
572.93237 0.00000
572.93555 0.00000
572.97687 0.00000
572.98486 0.00000
572.99359 0.00000
573.01007 0.00000
573.07489 0.00000
573.09320 0.00000
573.09406 0.00000
573.09613 0.00000
573.10223 0.00000
573.10376 0.00000
573.11737 0.00000
573.13531 0.00000
573.13904 0.00000
573.14246 0.00000
573.14856 0.00000
573.14996 0.00000
573.15503 0.00000
573.15527 0.00017
573.22260 0.00000
573.22949 0.00000
573.24963 0.00000
573.25092 0.00000
573.25311 0.00000
573.25421 0.00000
573.25854 0.00000
573.26715 0.00000
573.26849 0.00000
573.29773 0.00000
573.30188 0.00000
573.32605 0.00000
573.33801 0.00000
573.34656 0.00000
573.37164 0.00000
573.37341 0.00000
573.38782 0.00000
573.39209 0.00000
573.43341 0.00000
573.43762 0.00000
573.44165 0.00000
573.45752 0.00000
573.46161 0.00000
573.47473 0.00000
573.47504 0.00000
573.51135 0.00000
573.51379 0.00000
573.55103 0.00000
573.55127 0.00000
573.56311 0.00000
573.57001 0.00000
573.62952 0.00000
573.63660 0.00000
573.63739 0.00000
573.64545 0.00000
573.64630 0.00000
573.65491 0.00000
573.69415 0.00000
573.69983 0.00000
573.70154 0.00000
573.70630 0.00000
573.70770 0.00000
573.72791 0.00000
573.73499 0.00000
573.73505 0.00000
573.75671 0.00000
573.76007 0.00000
573.76495 0.00000
573.77136 0.00000
573.77258 0.00000
573.77313 0.00000
573.78406 0.00000
573.78583 0.00000
573.78784 0.00000
573.80695 0.00000
573.80743 0.00000
573.81433 0.00000
573.81537 0.00000
573.82019 0.00000
573.82275 0.00000
573.82996 0.00000
573.83008 0.00000
573.84149 0.00000
573.84277 0.00000
573.84467 0.00000
573.84735 0.00000
573.85278 0.00000
573.85638 0.00000
573.85883 0.00000
573.86072 0.00000
573.86328 0.00000
573.86407 0.00000
573.86823 0.00000
573.86932 0.00000
573.89154 0.00000
573.89209 0.00000
573.90033 0.00000
573.93579 0.00000
573.95026 0.00000
573.97095 0.00000
573.97955 0.00000
573.98242 0.00000
573.99054 0.00000
574.00476 0.00000
574.00562 0.00000
574.04889 0.00000
574.06750 0.00000
574.07898 0.00000
574.07904 0.00000
574.08545 0.00000
574.08618 0.00000
574.09760 0.00000
574.10699 0.00000
574.12378 0.00000
574.14282 0.00000
574.15533 0.00000
574.18311 0.00000
574.18420 0.00000
574.20709 0.00000
574.20837 0.00000
574.21448 0.00000
574.22253 0.00000
574.23199 0.00000
574.23206 0.00000
574.24017 0.00000
574.27368 0.00000
574.28497 0.00000
574.28687 0.00000
574.28705 0.00000
574.28949 0.00000
574.30115 0.00000
574.30878 0.00000
574.31537 0.00000
574.33740 0.00000
574.33893 0.00000
574.35687 0.00000
574.36505 0.00000
574.36798 0.00000
574.36804 0.00000
574.37140 0.00000
574.42145 0.00000
574.42688 0.00000
574.42712 0.00000
574.46582 0.00000
574.50342 0.00000
574.51318 0.00000
574.51550 0.00000
574.51630 0.00000
574.51843 0.00000
574.56238 0.00000
574.56482 0.00000
574.56915 0.00000
574.58411 0.00000
574.60327 0.00011
574.63098 0.00000
574.63104 0.00000
574.64917 0.00000
574.65051 0.00000
574.66919 0.00000
574.69800 0.00000
574.69995 0.00000
574.70300 0.00000
574.70306 0.00000
574.70947 0.00000
574.71185 0.00000
574.71765 0.00000
574.72491 0.00000
574.73035 0.00000
574.74268 0.00000
574.74487 0.00000
574.74707 0.00000
574.75323 0.00000
574.76202 0.00000
574.76428 0.00000
574.76813 0.00000
574.78003 0.00000
574.78009 0.00000
574.78766 0.00000
574.79846 0.00000
574.80005 0.00000
574.80994 0.00000
574.82581 0.00000
574.82666 0.00000
574.82892 0.00000
574.82916 0.00000
574.83118 0.00000
574.83777 0.00000
574.83997 0.00000
574.84003 0.00000
574.84399 0.00000
574.84406 0.00000
574.84668 0.00000
574.85248 0.00000
574.87549 0.00000
574.87799 0.00000
574.87805 0.00000
574.88208 0.00000
574.88513 0.00000
574.89783 0.00000
574.91327 0.00000
574.91937 0.00000
574.92151 0.00000
574.92554 0.00000
574.93701 0.00000
574.94653 0.00000
574.96637 0.00000
574.97314 0.00000
574.98828 0.00000
574.99377 0.00000
574.99445 0.00000
574.99847 0.00000
575.00543 0.00000
575.01312 0.00000
575.02216 0.00000
575.04419 0.00000
575.04547 0.00000
575.06903 0.00000
575.09521 0.00000
575.11682 0.00000
575.11981 0.00000
575.14844 0.00000
575.15601 0.00000
575.16132 0.00000
575.17133 0.00001
575.17639 0.00000
575.17828 0.00000
575.18292 0.00000
575.22015 0.00000
575.23328 0.00000
575.24146 0.00000
575.25751 0.00000
575.26050 0.00000
575.29199 0.00000
575.29199 0.00000
575.30042 0.00000
575.30963 0.00000
575.31323 0.00000
575.31854 0.00000
575.33252 0.00000
575.33582 0.00000
575.34167 0.00000
575.35968 0.00000
575.39532 0.00000
575.40912 0.00000
575.41571 0.00000
575.43695 0.00000
575.44562 0.00000
575.44727 0.00000
575.44879 0.00000
575.45190 0.00000
575.45221 0.00000
575.45410 0.00000
575.45850 0.00000
575.45984 0.00000
575.46417 0.00000
575.46637 0.00000
575.47137 0.00000
575.47510 0.00000
575.48712 0.00000
575.49487 0.00000
575.49713 0.00000
575.49841 0.00000
575.50214 0.00000
575.50342 0.00000
575.50415 0.00000
575.50543 0.00000
575.51190 0.00000
575.51294 0.00000
575.52148 0.00000
575.53955 0.00000
575.54382 0.00000
575.54761 0.00000
575.55548 0.00000
575.55780 0.00000
575.56329 0.00000
575.57324 0.00000
575.58228 0.00000
575.58936 0.00000
575.59021 0.00000
575.59717 0.00000
575.62952 0.00000
575.64154 0.00000
575.64453 0.00000
575.64563 0.00000
575.64734 0.00000
575.65057 0.00000
575.65216 0.00000
575.65460 0.00000
575.66418 0.00000
575.66779 0.00000
575.67395 0.00000
575.67468 0.00000
575.67615 0.00000
575.67767 0.00000
575.70056 0.00000
575.71027 0.00000
575.71204 0.00000
575.71204 0.00000
575.72925 0.00000
575.73566 0.00000
575.73755 0.00000
575.73950 0.00000
575.74084 0.00000
575.74628 0.00000
575.75055 0.00000
575.75763 0.00000
575.78973 0.00000
575.79193 0.00000
575.79205 0.00000
575.79675 0.00000
575.80096 0.00000
575.80695 0.00000
575.80920 0.00000
575.81036 0.00000
575.81152 0.00000
575.81451 0.00000
575.81659 0.00000
575.82178 0.00000
575.82208 0.00000
575.82672 0.00000
575.82898 0.00000
575.83057 0.00000
575.84247 0.00000
575.84570 0.00000
575.85040 0.00000
575.85474 0.00000
575.85559 0.00000
575.86157 0.00000
575.86292 0.00000
575.87579 0.00000
575.87958 0.00000
575.89178 0.00000
575.89966 0.00000
575.90387 0.00000
575.90594 0.00000
575.90601 0.00000
575.93787 0.00000
575.93945 0.00000
575.94391 0.00000
575.94952 0.00000
575.95099 0.00000
575.95105 0.00000
575.95599 0.00000
575.96106 0.00000
575.97302 0.00000
575.97351 0.00000
575.97797 0.00000
575.97803 0.00000
575.98621 0.00000
575.98749 0.00000
575.99567 0.00000
576.00024 0.00000
576.00214 0.00000
576.00470 0.00000
576.02441 0.00000
576.02875 0.00000
576.03058 0.00000
576.03467 0.00000
576.03693 0.00000
576.04364 0.00000
576.06323 0.00000
576.06854 0.00000
576.07684 0.00000
576.08124 0.00000
576.08282 0.00000
576.08502 0.00000
576.08508 0.00000
576.08887 0.00000
576.09863 0.00000
576.10443 0.00000
576.11475 0.00000
576.11548 0.00000
576.11621 0.00000
576.12585 0.00000
576.13757 0.00000
576.14539 0.00000
576.14728 0.00000
576.14899 0.00000
576.14948 0.00000
576.15100 0.00000
576.15186 0.00000
576.15991 0.00000
576.16559 0.00000
576.16772 0.00000
576.18848 0.00000
576.19177 0.00000
576.19250 0.00000
576.19922 0.00000
576.20300 0.00000
576.20306 0.00000
576.20599 0.00000
576.21375 0.00000
576.22034 0.00000
576.23199 0.00000
576.24060 0.00000
576.24384 0.00000
576.24750 0.00000
576.25214 0.00000
576.26483 0.00000
576.26563 0.00000
576.26794 0.00000
576.26855 0.00000
576.27307 0.00000
576.27942 0.00000
576.28381 0.00000
576.28479 0.00000
576.30298 0.00000
576.30304 0.00000
576.30652 0.00000
576.30701 0.00000
576.30927 0.00000
576.31683 0.00000
576.32263 0.00000
576.32971 0.00000
576.33704 0.00000
576.33704 0.00000
576.33960 0.00000
576.34381 0.00000
576.34399 0.00000
576.35156 0.00000
576.36877 0.00000
576.38239 0.00000
576.38409 0.00000
576.39136 0.00000
576.39258 0.00000
576.39807 0.00000
576.41638 0.00000
576.42999 0.00000
576.43567 0.00000
576.44501 0.00001
576.44818 0.00000
576.45734 0.00000
576.45850 0.00000
576.47375 0.00000
576.48352 0.00001
576.48724 0.00000
576.49475 0.00000
576.50500 0.00000
576.52100 0.00000
576.52887 0.00000
576.53174 0.00000
576.54474 0.00000
576.54553 0.00000
576.55566 0.00000
576.56079 0.00000
576.56268 0.00000
576.57562 0.00000
576.60944 0.00000
576.61786 0.00000
576.62158 0.00000
576.62512 0.00000
576.63068 0.00000
576.64093 0.00000
576.64532 0.00000
576.67212 0.00000
576.68103 0.00000
576.68103 0.00000
576.68872 0.00000
576.69012 0.00000
576.69165 0.00001
576.70319 0.00000
576.70416 0.00000
576.70673 0.00000
576.70874 0.00000
576.71252 0.00000
576.71558 0.00000
576.72375 0.00000
576.74487 0.00000
576.75684 0.00000
576.75977 0.00000
576.77094 0.00000
576.78076 0.00000
576.78790 0.00000
576.79535 0.00000
576.82452 0.00000
576.82611 0.00000
576.82916 0.00000
576.84363 0.00000
576.84442 0.00000
576.84668 0.00000
576.84711 0.00000
576.85278 0.00000
576.85596 0.00000
576.85608 0.00000
576.86328 0.00000
576.87732 0.00000
576.87872 0.00000
576.88159 0.00000
576.88843 0.00000
576.90002 0.00000
576.90002 0.00000
576.90253 0.00000
576.91797 0.00000
576.94995 0.00000
576.95081 0.00001
576.96350 0.00000
576.98370 0.00000
576.98859 0.00000
576.99249 0.00000
577.01105 0.00000
577.02631 0.00000
577.02948 0.00000
577.03571 0.00000
577.04688 0.00000
577.06097 0.00000
577.06561 0.00000
577.07477 0.00000
577.08337 0.00000
577.10632 0.00000
577.11133 0.00000
577.11871 0.00000
577.12769 0.00000
577.13593 0.00000
577.17371 0.00000
577.18097 0.00000
577.18103 0.00000
577.23541 0.00000
577.25500 0.00000
577.29962 0.00000
577.31201 0.00000
577.34399 0.00000
577.34399 0.00000
577.36243 0.00000
577.37244 0.00000
577.38464 0.00000
577.40100 0.00000
577.40845 0.00000
577.43030 0.00000
577.43152 0.00000
577.48975 0.00000
577.49097 0.00000
577.49109 0.00000
577.49719 0.00000
577.50482 0.00000
577.51276 0.00000
577.62952 0.00000
577.66345 0.00000
577.69128 0.00000
577.72382 0.00000
577.75189 0.00000
577.78442 0.00000
577.85101 0.00000
577.85498 0.00000
577.85504 0.00000
577.85889 0.00000
577.86304 0.00000
577.86890 0.00000
577.87341 0.00000
577.88428 0.00000
577.90088 0.00000
577.90991 0.00000
577.96082 0.00000
577.96466 0.00000
577.96936 0.00000
577.97021 0.00000
577.99866 0.00000
578.01343 0.00000
578.02875 0.00000
578.03101 0.00000
578.03113 0.00000
578.06195 0.00000
578.06201 0.00000
578.06848 0.00000
578.11096 0.00000
578.11768 0.00000
578.12036 0.00000
578.12958 0.00000
578.15552 0.00000
578.15765 0.00000
578.16785 0.00000
578.21497 0.00000
578.21509 0.00000
578.24573 0.00000
578.24866 0.00000
578.27350 0.00000
578.27795 0.00000
578.27814 0.00000
578.28357 0.00000
578.28900 0.00000
578.29675 0.00000
578.30255 0.00000
578.30890 0.00000
578.32574 0.00000
578.34534 0.00000
578.37305 0.00000
578.39020 0.00000
578.41235 0.00000
578.41626 0.00000
578.41858 0.00000
578.48297 0.00000
578.51434 0.00000
578.52618 0.00000
578.53528 0.00000
578.54712 0.00000
578.57874 0.00000
578.58112 0.00000
578.60321 0.00000
578.63849 0.00000
578.66699 0.00000
578.66833 0.00000
578.67834 0.00000
578.69263 0.00000
578.73486 0.00000
578.73718 0.00000
578.74677 0.00000
578.76526 0.00000
578.77991 0.00000
578.78943 0.00000
578.81494 0.00000
578.82483 0.00000
578.83722 0.00000
578.90228 0.00000
578.92712 0.00000
578.94580 0.00000
578.94769 0.00000
578.95703 0.00000
578.95996 0.00000
578.96002 0.00000
578.96973 0.00000
578.97827 0.00000
578.98334 0.00000
579.00085 0.00000
579.00995 0.00000
579.01001 0.00000
579.02673 0.00000
579.03503 0.00000
579.03625 0.00001
579.04443 0.00000
579.05133 0.00000
579.06775 0.00000
579.07416 0.00000
579.07819 0.00000
579.08441 0.00000
579.08734 0.00000
579.10815 0.00000
579.13348 0.00000
579.13599 0.00000
579.13831 0.00000
579.14069 0.00000
579.16113 0.00000
579.17328 0.00000
579.19250 0.00000
579.20294 0.00000
579.21387 0.00000
579.23059 0.00000
579.23938 0.00000
579.24603 0.00000
579.24799 0.00000
579.24805 0.00000
579.26367 0.00000
579.27258 0.00000
579.28571 0.00000
579.28687 0.00000
579.31580 0.00000
579.32300 0.00000
579.32349 0.00000
579.32849 0.00000
579.32935 0.00001
579.33789 0.00000
579.33929 0.00000
579.41901 0.00000
579.42102 0.00000
579.43475 0.00000
579.43811 0.00000
579.45062 0.00000
579.45563 0.00000
579.46362 0.00000
579.47443 0.00000
579.49426 0.00000
579.49811 0.00000
579.51068 0.00000
579.51196 0.00000
579.51611 0.00000
579.55536 0.00000
579.57086 0.00000
579.57141 0.00000
579.61823 0.00000
579.63379 0.00000
579.64429 0.00000
579.65656 0.00000
579.67596 0.00000
579.67847 0.00000
579.68390 0.00000
579.68719 0.00006
579.69592 0.00000
579.70508 0.00008
579.71289 0.00000
579.71637 0.00000
579.73956 0.00000
579.75342 0.00000
579.75897 0.00000
579.75903 0.00000
579.78333 0.00000
579.78619 0.00000
579.80908 0.00000
579.81189 0.00000
579.83374 0.00000
579.83539 0.00000
579.84821 0.00000
579.85345 0.00000
579.85754 0.00000
579.86469 0.00000
579.86829 0.00000
579.87457 0.00000
579.87933 0.00000
579.89502 0.00000
579.89502 0.00000
579.90021 0.00000
579.90643 0.00000
579.90723 0.00000
579.93732 0.00000
579.94073 0.00000
579.95581 0.00000
579.97351 0.00000
579.98187 0.00000
580.00122 0.00000
580.01282 0.00000
580.05292 0.00000
580.05573 0.00000
580.06519 0.00000
580.07190 0.00000
580.09204 0.00000
580.09204 0.00000
580.09991 0.00000
580.10297 0.00000
580.10303 0.00000
580.11871 0.00000
580.11981 0.00000
580.12439 0.00000
580.13672 0.00000
580.14001 0.00000
580.14008 0.00000
580.15405 0.00000
580.15521 0.00004
580.15662 0.00000
580.15918 0.00000
580.16339 0.00000
580.16449 0.00000
580.17297 0.00000
580.17310 0.00000
580.17792 0.00000
580.17877 0.00000
580.18604 0.00000
580.19666 0.00000
580.20099 0.00002
580.20465 0.00000
580.21155 0.00000
580.21368 0.00000
580.22070 0.00000
580.22675 0.00000
580.22931 0.00000
580.23633 0.00000
580.25476 0.00000
580.26996 0.00000
580.29517 0.00000
580.29865 0.00000
580.30536 0.00000
580.31921 0.00000
580.34534 0.00000
580.34827 0.00000
580.36450 0.00000
580.36591 0.00000
580.38959 0.00000
580.39673 0.00000
580.40454 0.00000
580.40857 0.00000
580.41345 0.00000
580.45032 0.00000
580.45325 0.00000
580.46613 0.00000
580.47168 0.00000
580.47205 0.00000
580.47748 0.00000
580.47906 0.00000
580.50793 0.00000
580.50830 0.00000
580.51923 0.00000
580.52283 0.00000
580.52502 0.00000
580.52917 0.00000
580.54333 0.00000
580.55212 0.00000
580.55530 0.00000
580.57648 0.00000
580.61536 0.00000
580.62097 0.00000
580.64154 0.00000
580.65039 0.00000
580.66870 0.00000
580.67456 0.00000
580.68048 0.00000
580.68170 0.00000
580.70245 0.00000
580.70703 0.00000
580.72113 0.00000
580.72540 0.00000
580.73254 0.00000
580.73511 0.00000
580.75183 0.00002
580.76929 0.00000
580.78448 0.00001
580.79553 0.00000
580.88788 0.00000
580.89453 0.00000
580.90497 0.00000
580.90515 0.00000
580.92072 0.00000
580.96069 0.00000
580.96381 0.00000
580.96533 0.00000
580.96771 0.00000
580.97211 0.00000
581.00488 0.00000
581.04120 0.00000
581.04926 0.00000
581.08478 0.00000
581.11011 0.00000
581.11414 0.00000
581.11798 0.00000
581.12488 0.00000
581.14197 0.00000
581.14203 0.00000
581.14856 0.00000
581.19116 0.00000
581.26550 0.00000
581.27002 0.00000
581.27002 0.00000
581.27515 0.00000
581.28784 0.00000
581.31134 0.00000
581.33997 0.00000
581.35974 0.00000
581.39801 0.00000
581.40295 0.00000
581.41327 0.00000
581.42792 0.00000
581.44415 0.00000
581.45935 0.00000
581.46631 0.00000
581.46759 0.00003
581.47144 0.00000
581.52838 0.00000
581.53839 0.00000
581.58600 0.00000
581.58606 0.00000
581.66510 0.00000
581.71344 0.00000
581.75189 0.00000
581.76617 0.00000
581.77014 0.00000
581.78552 0.00001
581.78833 0.00000
581.79706 0.00000
581.81140 0.00000
581.87213 0.00000
581.88300 0.00000
581.88306 0.00000
581.88574 0.00001
581.90387 0.00000
581.91626 0.00000
581.92847 0.00000
581.96210 0.00000
581.98065 0.00000
582.03955 0.00000
582.17590 0.00000
582.18237 0.00001
582.24658 0.00000
582.26154 0.00000
582.28320 0.00000
582.30438 0.00000
582.31030 0.00000
582.40918 0.00000
582.45178 0.00000
582.46033 0.00000
582.46729 0.00000
582.51581 0.00000
582.58331 0.00000
582.60278 0.00000
582.61371 0.00000
582.68353 0.00000
582.70966 0.00000
582.74750 0.00000
582.75531 0.00000
582.76855 0.00000
582.78699 0.00001
582.78918 0.00000
582.79553 0.00000
582.80377 0.00000
582.80695 0.00000
582.80707 0.00000
582.81366 0.00000
582.82556 0.00000
582.83734 0.00000
582.91174 0.00000
582.93011 0.00001
582.94287 0.00000
582.95972 0.00000
582.98523 0.00000
583.06189 0.00000
583.06287 0.00000
583.07129 0.00000
583.07635 0.00000
583.09198 0.00000
583.10840 0.00000
583.12524 0.00000
583.20428 0.00000
583.20636 0.00001
583.23328 0.00000
583.25830 0.00000
583.37354 0.00000
583.39697 0.00000
583.40424 0.00000
583.41418 0.00000
583.41974 0.00000
583.43732 0.00000
583.47107 0.00000
583.47754 0.00000
583.49841 0.00000
583.49969 0.00000
583.50220 0.00006
583.51801 0.00000
583.51807 0.00000
583.52588 0.00000
583.53442 0.00000
583.53613 0.00000
583.53986 0.00000
583.55188 0.00000
583.55963 0.00000
583.56183 0.00003
583.56934 0.00000
583.62000 0.00000
583.62000 0.00000
583.62701 0.00000
583.62708 0.00000
583.62897 0.00000
583.63635 0.00000
583.65424 0.00000
583.66772 0.00000
583.66913 0.00000
583.73138 0.00000
583.74908 0.00000
583.76355 0.00024
583.80121 0.00000
583.90845 0.00000
583.91083 0.00000
583.91919 0.00000
583.93268 0.00000
583.93500 0.00000
583.93506 0.00000
583.97546 0.00000
583.97620 0.00000
583.99597 0.00000
583.99603 0.00000
584.02148 0.00001
584.02203 0.00000
584.06079 0.00000
584.08295 0.00000
584.12482 0.00000
584.18585 0.00000
584.19977 0.00000
584.20874 0.00000
584.29218 0.00000
584.30157 0.00014
584.30688 0.00000
584.33728 0.00000
584.35315 0.00000
584.38794 0.00000
584.41125 0.00000
584.42511 0.00000
584.46100 0.00010
584.46106 0.00010
584.55817 0.00001
584.56134 0.00000
584.56219 0.00000
584.57062 0.00000
584.57574 0.00000
584.61267 0.00000
584.62463 0.00000
584.66956 0.00000
584.78296 0.00000
584.78302 0.00000
584.80383 0.00000
584.81616 0.00000
584.87183 0.00000
584.88965 0.00004
584.91205 0.00000
584.93951 0.00000
584.96368 0.00000
584.96423 0.00000
584.96881 0.00000
584.99164 0.00000
584.99487 0.00000
585.02557 0.00000
585.06720 0.00000
585.09473 0.00000
585.11780 0.00000
585.12488 0.00000
585.14026 0.00000
585.16327 0.00000
585.20599 0.00000
585.24939 0.00000
585.33356 0.00000
585.39740 0.00000
585.43695 0.00000
585.48981 0.00000
585.56525 0.00000
585.67432 0.00000
585.68860 0.00000
585.70178 0.00000
585.70721 0.00000
585.81573 0.00000
585.84796 0.00000
585.84827 0.00000
585.86688 0.00000
585.91974 0.00000
585.92139 0.00000
585.96631 0.00000
585.98999 0.00000
586.02893 0.00000
586.08032 0.00000
586.11035 0.00001
586.11230 0.00000
586.12720 0.00000
586.15015 0.00000
586.15747 0.00000
586.16895 0.00000
586.16913 0.00000
586.26666 0.00000
586.27521 0.00002
586.28296 0.00000
586.29028 0.00000
586.30383 0.00000
586.31616 0.00000
586.32355 0.00000
586.38422 0.00000
586.38617 0.00000
586.39899 0.00000
586.42078 0.00000
586.42188 0.00000
586.43176 0.00000
586.43958 0.00000
586.50250 0.00000
586.51520 0.00000
586.52710 0.00000
586.53760 0.00000
586.55542 0.00000
586.59790 0.00005
586.60950 0.00000
586.68433 0.00000
586.76038 0.00001
586.77795 0.00000
586.80542 0.00000
586.82074 0.00000
586.82916 0.00000
586.83557 0.00000
586.84766 0.00001
586.88306 0.00000
586.89288 0.00000
586.89557 0.00001
586.94733 0.00000
586.98499 0.00000
586.98505 0.00000
587.00275 0.00000
587.06097 0.00000
587.06104 0.00000
587.07532 0.00000
587.16577 0.00000
587.17004 0.00000
587.17004 0.00000
587.18433 0.00000
587.19745 0.00000
587.20276 0.00000
587.34418 0.00000
587.36200 0.00000
587.36200 0.00000
587.40021 0.00006
587.46210 0.00000
587.48511 0.00000
587.77893 0.00003
587.78662 0.00000
587.81982 0.00000
587.82434 0.00000
587.88049 0.00000
587.88287 0.00000
587.89838 0.00000
587.91724 0.00000
587.91821 0.00000
587.92548 0.00000
587.96838 0.00000
588.02295 0.00000
588.02307 0.00000
588.05188 0.00000
588.11389 0.00000
588.17896 0.00000
588.23041 0.00008
588.30127 0.00000
588.31653 0.00000
588.37933 0.00000
588.44342 0.00000
588.56622 0.00000
588.65576 0.00000
588.69299 0.00007
588.95538 0.00000
589.00189 0.00000
589.03094 0.00000
589.04346 0.00000
589.14142 0.00000
589.25311 0.00000
589.26630 0.00000
589.31403 0.00002
589.31409 0.00002
589.37128 0.00000
589.38190 0.00000
589.38873 0.00000
589.45898 0.00000
589.45905 0.00000
589.47827 0.00000
589.49835 0.00000
589.54858 0.00000
589.72058 0.00000
590.44751 0.00000
590.49420 0.00000
590.52277 0.00000
590.53552 0.00000
590.56073 0.00000
590.56708 0.00000
590.58557 0.00000
590.63373 0.00000
590.65289 0.00000
590.67053 0.00000
590.68262 0.00000
590.71362 0.00001
590.74408 0.00000
590.75739 0.00000
590.82666 0.00002
590.86243 0.00000
590.87280 0.00000
590.87836 0.00000
590.96881 0.00000
590.96948 0.00000
591.09076 0.00000
591.09741 0.00000
591.21246 0.00000
591.38000 0.00000
591.38000 0.00000
592.17175 0.00002
592.19910 0.00039
592.35028 0.00000
592.36218 0.00000
592.40027 0.00000
592.45233 0.00000
593.65778 0.00001
593.83484 0.00000
593.88489 0.00000
595.03192 0.00013
595.15656 0.00000
595.16858 0.00000
595.34076 0.00000
595.35364 0.00000
595.36334 0.00000
596.50757 0.00008
