-5.00000 0.00057
-4.90000 0.00059
-4.80000 0.00061
-4.70000 0.00063
-4.60000 0.00064
-4.50000 0.00066
-4.40000 0.00068
-4.30000 0.00070
-4.20000 0.00072
-4.10000 0.00074
-4.00000 0.00077
-3.90000 0.00079
-3.80000 0.00081
-3.70000 0.00084
-3.60000 0.00086
-3.50000 0.00089
-3.40000 0.00091
-3.30000 0.00094
-3.20000 0.00097
-3.10000 0.00100
-3.00000 0.00103
-2.90000 0.00106
-2.80000 0.00109
-2.70000 0.00112
-2.60000 0.00116
-2.50000 0.00119
-2.40000 0.00123
-2.30000 0.00127
-2.20000 0.00131
-2.10000 0.00135
-2.00000 0.00139
-1.90000 0.00143
-1.80000 0.00148
-1.70000 0.00153
-1.60000 0.00158
-1.50000 0.00163
-1.40000 0.00168
-1.30000 0.00174
-1.20000 0.00180
-1.10000 0.00186
-1.00000 0.00192
-0.90000 0.00199
-0.80000 0.00206
-0.70000 0.00213
-0.60000 0.00221
-0.50000 0.00229
-0.40000 0.00237
-0.30000 0.00246
-0.20000 0.00255
-0.10000 0.00265
0.00000 0.00275
0.10000 0.00286
0.20000 0.00297
0.30000 0.00309
0.40000 0.00322
0.50000 0.00336
0.60000 0.00350
0.70000 0.00365
0.80000 0.00381
0.90000 0.00399
1.00000 0.00417
1.10000 0.00437
1.20000 0.00458
1.30000 0.00480
1.40000 0.00505
1.50000 0.00531
1.60000 0.00559
1.70000 0.00590
1.80000 0.00624
1.90000 0.00660
2.00000 0.00701
2.10000 0.00745
2.20000 0.00795
2.30000 0.00850
2.40000 0.00914
2.50000 0.00986
2.60000 0.01071
2.70000 0.01171
2.80000 0.01292
2.90000 0.01440
3.00000 0.01626
3.10000 0.01863
3.20000 0.02167
3.30000 0.02562
3.40000 0.03076
3.50000 0.03746
3.60000 0.04617
3.70000 0.05739
3.80000 0.07173
3.90000 0.08983
4.00000 0.11235
4.10000 0.13994
4.20000 0.17316
4.30000 0.21242
4.40000 0.25790
4.50000 0.30949
4.60000 0.36672
4.70000 0.42870
4.80000 0.49416
4.90000 0.56142
5.00000 0.62853
5.10000 0.69332
5.20000 0.75360
5.30000 0.80731
5.40000 0.85267
5.50000 0.88841
5.60000 0.91380
5.70000 0.92878
5.80000 0.93393
5.90000 0.93044
6.00000 0.91994
6.10000 0.90435
6.20000 0.88570
6.30000 0.86590
6.40000 0.84658
6.50000 0.82896
6.60000 0.81372
6.70000 0.80100
6.80000 0.79045
6.90000 0.78126
7.00000 0.77231
7.10000 0.76231
7.20000 0.74995
7.30000 0.73404
7.40000 0.71363
7.50000 0.68810
7.60000 0.65721
7.70000 0.62114
7.80000 0.58042
7.90000 0.53591
8.00000 0.48871
8.10000 0.44005
8.20000 0.39120
8.30000 0.34339
8.40000 0.29769
8.50000 0.25499
8.60000 0.21596
8.70000 0.18100
8.80000 0.15031
8.90000 0.12386
9.00000 0.10147
9.10000 0.08281
9.20000 0.06750
9.30000 0.05511
9.40000 0.04518
9.50000 0.03731
9.60000 0.03111
9.70000 0.02624
9.80000 0.02242
9.90000 0.01941
10.00000 0.01703
10.10000 0.01512
10.20000 0.01357
10.30000 0.01230
10.40000 0.01124
10.50000 0.01034
10.60000 0.00956
10.70000 0.00889
10.80000 0.00829
10.90000 0.00777
11.00000 0.00729
11.10000 0.00686
11.20000 0.00648
11.30000 0.00612
11.40000 0.00580
11.50000 0.00550
11.60000 0.00522
11.70000 0.00496
11.80000 0.00473
11.90000 0.00451
12.00000 0.00430
12.10000 0.00411
12.20000 0.00393
12.30000 0.00376
12.40000 0.00360
12.50000 0.00345
12.60000 0.00331
12.70000 0.00318
12.80000 0.00305
12.90000 0.00294
13.00000 0.00282
13.10000 0.00272
13.20000 0.00262
13.30000 0.00252
13.40000 0.00243
13.50000 0.00234
13.60000 0.00226
13.70000 0.00218
13.80000 0.00211
13.90000 0.00203
14.00000 0.00197
14.10000 0.00190
14.20000 0.00184
14.30000 0.00178
14.40000 0.00172
14.50000 0.00166
14.60000 0.00161
14.70000 0.00156
14.80000 0.00151
14.90000 0.00146
15.00000 0.00142
15.10000 0.00138
15.20000 0.00133
15.30000 0.00129
15.40000 0.00125
15.50000 0.00122
15.60000 0.00118
15.70000 0.00114
15.80000 0.00111
15.90000 0.00108
16.00000 0.00105
16.10000 0.00102
16.20000 0.00099
16.30000 0.00096
16.40000 0.00093
16.50000 0.00090
16.60000 0.00088
16.70000 0.00085
16.80000 0.00083
16.90000 0.00080
17.00000 0.00078
17.10000 0.00076
17.20000 0.00074
17.30000 0.00072
17.40000 0.00070
17.50000 0.00068
17.60000 0.00066
17.70000 0.00064
17.80000 0.00062
17.90000 0.00060
18.00000 0.00059
18.10000 0.00057
18.20000 0.00055
18.30000 0.00054
18.40000 0.00052
18.50000 0.00051
18.60000 0.00049
18.70000 0.00048
18.80000 0.00046
18.90000 0.00045
19.00000 0.00044
19.10000 0.00042
19.20000 0.00041
19.30000 0.00040
19.40000 0.00039
19.50000 0.00038
19.60000 0.00036
19.70000 0.00035
19.80000 0.00034
19.90000 0.00033
20.00000 0.00032
20.10000 0.00031
20.20000 0.00030
20.30000 0.00029
20.40000 0.00028
20.50000 0.00027
20.60000 0.00026
20.70000 0.00025
20.80000 0.00025
20.90000 0.00024
21.00000 0.00023
21.10000 0.00022
21.20000 0.00021
21.30000 0.00020
21.40000 0.00020
21.50000 0.00019
21.60000 0.00018
21.70000 0.00018
21.80000 0.00017
21.90000 0.00016
22.00000 0.00015
22.10000 0.00015
22.20000 0.00014
22.30000 0.00013
22.40000 0.00013
22.50000 0.00012
22.60000 0.00012
22.70000 0.00011
22.80000 0.00010
22.90000 0.00010
23.00000 0.00009
23.10000 0.00009
23.20000 0.00008
23.30000 0.00008
23.40000 0.00007
23.50000 0.00007
23.60000 0.00006
23.70000 0.00006
23.80000 0.00005
23.90000 0.00005
24.00000 0.00004
24.10000 0.00004
24.20000 0.00003
24.30000 0.00003
24.40000 0.00002
24.50000 0.00002
24.60000 0.00002
24.70000 0.00001
24.80000 0.00001
24.90000 0.00000
25.00000 0.00000
