-54.79417 -0.00017
-54.76710 -0.00031
-51.72542 -0.00070
-51.71298 -0.00000
-51.69361 -0.00000
-51.69144 -0.00000
-51.67202 -0.00000
-51.65043 -0.00000
-51.63096 -0.00000
-50.99877 -0.00001
-50.97941 -0.00001
-49.82671 -0.00000
-49.80937 -0.00000
-49.80851 -0.00000
-49.79112 -0.00000
-49.70692 -0.00000
-49.68944 -0.00000
-48.89621 -0.00000
-48.84367 -0.00000
-48.78780 -0.00000
-48.41549 -0.00000
-48.40467 -0.00000
-48.31287 -0.00000
-48.30206 -0.00000
-48.28677 -0.00000
-48.27592 -0.00000
-48.14878 -0.00000
-48.13801 -0.00000
-48.09895 -0.00000
-48.08827 -0.00000
-48.03860 -0.00000
-48.02797 -0.00000
-47.90500 -0.00003
-47.65102 -0.00000
-47.64053 -0.00000
-47.22052 -0.00000
-47.21096 -0.00000
-47.18388 -0.00000
-47.17460 -0.00000
-47.16498 -0.00000
-47.16222 -0.00000
-47.15536 -0.00000
-47.15276 -0.00000
-47.14587 -0.00000
-47.09028 -0.00000
-47.08067 -0.00000
-47.07374 -0.00000
-47.06409 -0.00000
-47.04569 -0.00000
-47.03596 -0.00000
-46.95295 -0.00000
-46.89207 -0.00000
-46.53133 -0.00000
-46.52267 -0.00000
-46.49945 -0.00000
-46.49706 -0.00000
-46.49073 -0.00000
-46.48856 -0.00000
-45.98559 -0.00000
-45.89597 -0.00000
-45.84287 -0.00000
-45.83557 -0.00000
-45.83278 -0.00000
-45.82877 -0.00000
-45.69751 -0.00000
-45.69019 -0.00000
-45.55826 -0.00000
-45.54302 -0.00022
-45.49648 -0.00000
-45.46917 -0.00038
-45.44810 -0.00000
-44.75662 -0.00000
-44.71268 -0.00000
-44.66409 -0.00000
-44.64362 -0.00000
-44.62051 -0.00000
-44.61731 -0.00000
-44.57754 -0.00000
-44.56465 -0.00000
-44.54737 -0.00000
-44.23269 -0.00000
-44.23200 -0.00000
-44.22835 -0.00000
-44.22746 -0.00000
-44.22013 -0.00000
-44.21399 -0.00000
-44.21233 -0.00000
-44.21029 -0.00000
-44.20967 -0.00000
-44.20810 -0.00000
-44.20609 -0.00000
-44.20397 -0.00000
-44.19767 -0.00000
-44.19629 -0.00000
-44.19402 -0.00000
-44.06496 -0.00000
-44.05742 -0.00000
-44.00135 -0.00000
-43.99619 -0.00000
-43.99603 -0.00000
-43.94782 -0.00000
-43.94379 -0.00000
-43.93984 -0.00000
-43.87876 -0.00000
-43.84842 -0.00000
-43.83848 -0.00000
-43.64357 -0.00011
-43.61526 -0.00000
-43.56877 -0.00018
-43.54298 -0.00000
-43.33936 -0.00000
-43.27493 -0.00000
-42.61740 -0.00006
-42.55319 -0.00000
-42.52772 -0.00006
-42.41399 -0.00000
-42.41088 -0.00000
-42.40991 -0.00000
-42.40788 -0.00000
-42.40353 -0.00000
-42.40139 -0.00000
-42.39400 -0.00000
-42.38986 -0.00000
-42.38822 -0.00000
-42.38491 -0.00000
-42.38348 -0.00000
-42.28817 -0.00000
-42.25695 -0.00000
-42.19553 -0.00000
-42.16006 -0.00000
-42.15713 -0.00000
-42.15284 -0.00088
-42.12801 -0.00000
-42.05289 -0.00000
-42.03948 -0.00000
-42.02347 -0.00000
-41.38975 -0.00000
-41.34859 -0.00000
-40.89551 -0.00006
-40.89471 -0.00000
-40.84014 -0.00006
-40.68208 -0.00071
-40.65002 -0.00000
-40.64246 -0.00000
-40.62979 -0.00000
-40.61185 -0.00000
-40.60427 -0.00000
-40.59152 -0.00000
-40.45727 -0.00000
-40.41952 -0.00000
-40.35747 -0.00000
-40.31739 -0.00000
-40.20470 -0.00000
-40.04424 -0.00000
-40.01117 -0.00000
-39.96541 -0.00000
-39.95834 -0.00000
-39.95066 -0.00000
-39.93758 -0.00000
-39.93634 -0.00000
-39.93320 -0.00000
-39.92547 -0.00000
-39.91226 -0.00000
-39.65619 -0.00000
-39.64709 -0.00000
-39.61131 -0.00000
-39.60207 -0.00000
-39.57707 -0.00000
-39.57122 -0.00000
-39.55459 -0.00028
-39.54841 -0.00000
-39.52570 -0.00000
-39.49113 -0.00000
-39.25851 -0.00000
-39.14140 -0.00000
-39.14091 -0.00000
-39.05968 -0.00000
-39.04736 -0.00000
-38.89618 -0.00000
-38.88856 -0.00000
-38.87566 -0.00000
-38.85654 -0.00000
-38.84885 -0.00000
-38.83593 -0.00000
-38.75116 -0.00000
-38.74002 -0.00000
-38.72556 -0.00000
-38.71432 -0.00000
-38.66161 -0.00000
-38.63545 -0.00000
-38.58887 -0.00000
-38.55241 -0.00000
-38.53582 -0.00000
-38.51021 -0.00000
-38.50542 -0.00000
-38.50261 -0.00000
-38.49168 -0.00000
-38.48989 -0.00000
-38.48322 -0.00000
-38.47559 -0.00000
-38.47485 -0.00000
-38.46279 -0.00000
-38.43279 -0.00000
-38.30463 -0.00000
-38.20810 -0.00000
-38.12592 -0.00000
-38.09052 -0.00000
-38.08571 -0.00000
-37.99971 -0.00000
-37.93724 -0.00000
-37.91043 -0.00000
-37.90627 -0.00000
-37.89239 -0.00004
-37.87187 -0.00000
-37.86102 -0.00001
-37.83438 -0.00000
-37.83004 -0.00028
-37.75525 -0.00000
-37.74458 -0.00000
-37.71252 -0.00000
-37.70178 -0.00000
-37.66674 -0.00000
-37.64713 -0.00000
-37.63973 -0.00000
-37.62730 -0.00000
-37.62344 -0.00000
-37.57984 -0.00000
-37.57233 -0.00000
-37.56051 -0.00000
-37.55985 -0.00000
-37.55312 -0.00000
-37.54070 -0.00000
-37.48546 -0.00000
-37.47839 -0.00000
-37.42950 -0.00000
-37.40916 -0.00000
-37.36991 -0.00000
-37.35942 -0.00000
-37.31721 -0.00000
-37.31268 -0.00000
-37.30638 -0.00000
-37.28943 -0.00000
-37.27853 -0.00000
-37.24492 -0.00000
-37.23032 -0.00000
-37.20815 -0.00000
-37.20415 -0.00000
-37.20193 -0.00000
-37.17982 -0.00000
-36.89677 -0.00000
-36.85973 -0.00000
-36.80937 -0.00000
-36.77414 -0.00000
-36.76063 -0.00000
-36.74334 -0.00000
-36.74209 -0.00000
-36.71614 -0.00000
-36.57401 -0.00000
-36.55559 -0.00000
-36.51235 -0.00000
-36.48469 -0.00000
-36.47776 -0.00000
-36.46854 -0.00000
-36.46787 -0.00000
-36.45802 -0.00000
-36.43112 -0.00000
-36.42078 -0.00000
-36.41309 -0.00000
-36.40386 -0.00000
-36.39481 -0.00000
-36.38427 -0.00000
-36.38392 -0.00000
-36.37357 -0.00000
-36.36939 -0.00000
-36.35883 -0.00000
-36.30982 -0.00000
-36.28514 -0.00000
-36.28226 -0.00000
-36.27766 -0.00000
-36.22691 -0.00000
-36.15468 -0.00000
-36.10198 -0.00000
-36.07729 -0.00000
-36.05136 -0.00000
-35.98708 -0.00000
-35.95344 -0.00000
-35.94305 -0.00000
-35.88117 -0.00000
-35.87386 -0.00000
-35.87245 -0.00000
-35.86512 -0.00000
-35.86145 -0.00000
-35.85355 -0.00000
-35.85273 -0.00000
-35.84618 -0.00000
-35.84616 -0.00000
-35.83961 -0.00000
-35.83372 -0.00000
-35.79653 -0.00000
-35.71014 -0.00000
-35.66682 -0.00000
-35.66084 -0.00001
-35.61432 -0.00003
-35.61000 -0.00001
-35.56888 -0.00000
-35.55138 -0.00000
-35.53551 -0.00000
-35.53008 -0.00000
-35.52168 -0.00000
-35.51962 -0.00000
-35.51838 -0.00000
-35.50076 -0.00000
-35.48746 -0.00000
-35.46100 -0.00000
-35.45193 -0.00000
-35.44054 -0.00000
-35.43982 -0.00000
-35.42709 -0.00000
-35.41111 -0.00000
-35.37802 -0.00000
-35.36344 -0.00000
-35.35101 -0.00000
-35.34699 -0.00000
-35.33636 -0.00000
-35.33149 -0.00000
-35.32327 -0.00000
-35.31911 -0.00000
-35.30311 -0.00000
-35.30196 -0.00000
-35.27518 -0.00000
-35.27375 -0.00000
-35.25367 -0.00000
-35.25092 -0.00000
-35.23872 -0.00000
-35.23205 -0.00000
-35.22449 -0.00000
-35.22178 -0.00000
-35.21442 -0.00000
-35.21403 -0.00000
-35.21243 -0.00000
-35.20937 -0.00000
-35.19214 -0.00000
-35.19106 -0.00000
-35.18962 -0.00000
-35.15277 -0.00000
-35.12000 -0.00000
-35.11500 -0.00000
-35.11005 -0.00000
-35.10602 -0.00001
-35.08720 -0.00000
-35.08296 -0.00000
-35.07590 -0.00000
-35.05466 -0.00000
-35.05350 -0.00000
-35.04325 -0.00000
-35.02707 -0.00000
-35.02290 -0.00000
-35.02101 -0.00000
-35.01092 -0.00000
-35.00686 -0.00000
-34.97701 -0.00000
-34.94844 -0.00001
-34.92305 -0.00001
-34.86398 -0.00000
-34.86079 -0.00000
-34.85754 -0.00000
-34.85278 -0.00000
-34.84546 -0.00000
-34.75526 -0.00000
-34.75356 -0.00000
-34.69385 -0.00000
-34.68334 -0.00000
-34.68198 -0.00000
-34.67150 -0.00000
-34.66421 -0.00000
-34.65358 -0.00000
-34.63619 -0.00000
-34.61375 -0.00000
-34.61002 -0.00000
-34.59822 -0.00000
-34.57984 -0.00000
-34.51727 -0.00000
-34.45942 -0.00000
-34.45824 -0.00003
-34.44317 -0.00004
-34.42394 -0.00000
-34.41991 -0.00000
-34.41838 -0.00000
-34.41592 -0.00024
-34.41425 -0.00000
-34.41185 -0.00052
-34.40398 -0.00000
-34.39974 -0.00000
-34.39822 -0.00000
-34.38399 -0.00000
-34.30141 -0.00000
-34.30085 -0.00000
-34.28825 -0.00000
-34.27881 -0.00000
-34.25471 -0.00000
-34.24830 -0.00000
-34.23374 -0.00000
-34.22126 -0.00000
-34.21591 -0.00000
-34.21076 -0.00000
-34.20399 -0.00000
-34.12977 -0.00001
-33.98274 -0.00007
-33.97028 -0.00000
-33.89195 -0.00007
-33.87582 -0.00000
-33.87060 -0.00000
-33.85717 -0.00000
-33.84371 -0.00000
-33.83817 -0.00005
-33.83275 -0.00000
-33.83101 -0.00000
-33.80380 -0.00000
-33.78105 -0.00000
-33.77532 -0.00000
-33.72462 -0.00000
-33.70608 -0.00001
-33.68686 -0.00000
-33.60495 -0.00000
-33.52219 -0.00000
-33.51515 -0.00000
-33.50439 -0.00000
-33.50368 -0.00000
-33.49466 -0.00000
-33.47720 -0.00000
-33.47188 -0.00000
-33.45831 -0.00000
-33.45439 -0.00000
-33.45277 -0.00000
-33.43861 -0.00000
-33.43598 -0.00000
-33.42340 -0.00000
-33.42107 -0.00000
-33.41962 -0.00000
-33.40656 -0.00000
-33.40577 -0.00000
-33.40288 -0.00000
-33.40142 -0.00000
-33.38978 -0.00000
-33.37751 -0.00000
-33.37705 -0.00000
-33.36873 -0.00000
-33.36575 -0.00000
-33.35727 -0.00000
-33.35390 -0.00000
-33.34528 -0.00000
-33.33767 -0.00000
-33.33501 -0.00000
-33.33336 -0.00000
-33.32838 -0.00000
-33.32792 -0.00000
-33.32610 -0.00000
-33.32340 -0.00000
-33.31991 -0.00000
-33.31628 -0.00000
-33.31348 -0.00000
-33.31305 -0.00000
-33.31191 -0.00000
-33.31056 -0.00000
-33.30853 -0.00000
-33.29770 -0.00000
-33.29560 -0.00000
-33.29382 -0.00000
-33.27716 -0.00000
-33.26153 -0.00000
-33.25747 -0.00000
-33.25659 -0.00000
-33.25593 -0.00000
-33.23859 -0.00000
-33.23804 -0.00000
-33.23259 -0.00000
-33.22008 -0.00000
-33.21585 -0.00000
-33.21231 -0.00000
-33.20374 -0.00000
-33.20057 -0.00000
-33.19598 -0.00000
-33.17645 -0.00000
-33.15219 -0.00000
-33.15213 -0.00000
-33.14151 -0.00000
-33.02345 -0.00000
-33.00150 -0.00000
-32.96471 -0.00000
-32.96196 -0.00000
-32.95949 -0.00000
-32.95888 -0.00000
-32.95730 -0.00000
-32.95661 -0.00000
-32.94584 -0.00000
-32.94318 -0.00000
-32.92397 -0.00000
-32.91994 -0.00000
-32.91838 -0.00000
-32.91427 -0.00000
-32.90400 -0.00000
-32.89978 -0.00000
-32.89823 -0.00000
-32.88636 -0.00000
-32.88483 -0.00000
-32.88402 -0.00000
-32.86616 -0.00000
-32.86481 -0.00000
-32.86351 -0.00000
-32.86187 -0.00000
-32.86072 -0.00000
-32.84608 -0.00000
-32.83337 -0.00000
-32.80152 -0.00000
-32.78884 -0.00000
-32.77943 -0.00000
-32.75501 -0.00000
-32.74882 -0.00000
-32.73412 -0.00000
-32.72132 -0.00000
-32.71597 -0.00000
-32.71085 -0.00000
-32.70396 -0.00000
-32.44357 -0.00034
-32.41503 -0.00000
-32.38277 -0.00000
-32.36275 -0.00000
-32.33823 -0.00056
-32.30750 -0.00000
-32.30541 -0.00000
-32.30360 -0.00000
-32.29849 -0.00000
-32.29636 -0.00000
-32.26449 -0.00000
-32.26218 -0.00000
-32.25812 -0.00000
-32.24229 -0.00000
-32.24095 -0.00000
-32.23967 -0.00000
-32.23746 -0.00000
-32.23650 -0.00000
-32.20874 -0.00000
-32.16533 -0.00000
-32.11562 -0.00000
-32.10024 -0.00000
-32.09900 -0.00000
-32.09747 -0.00000
-32.09634 -0.00000
-32.09190 -0.00000
-32.08937 -0.00000
-32.07362 -0.00000
-32.07182 -0.00000
-32.06657 -0.00000
-32.06537 -0.00000
-32.06481 -0.00000
-32.06329 -0.00000
-32.05456 -0.00000
-32.05362 -0.00000
-32.03742 -0.00000
-32.03674 -0.00041
-32.01656 -0.00000
-31.99975 -0.00000
-31.98160 -0.00000
-31.98029 -0.00000
-31.97996 -0.00000
-31.97632 -0.00000
-31.97581 -0.00000
-31.97463 -0.00000
-31.96824 -0.00000
-31.96180 -0.00000
-31.96084 -0.00000
-31.95946 -0.00000
-31.95844 -0.00000
-31.92033 -0.00000
-31.91398 -0.00000
-31.90887 -0.00000
-31.90488 -0.00000
-31.90265 -0.00000
-31.90182 -0.00000
-31.89972 -0.00000
-31.89400 -0.00000
-31.89249 -0.00000
-31.89194 -0.00000
-31.88636 -0.00000
-31.85243 -0.00000
-31.85001 -0.00000
-31.84395 -0.00000
-31.84078 -0.00000
-31.83980 -0.00000
-31.83835 -0.00000
-31.83649 -0.00000
-31.83426 -0.00000
-31.82502 -0.00000
-31.82398 -0.00000
-31.81973 -0.00000
-31.81822 -0.00000
-31.80813 -0.00000
-31.80417 -0.00000
-31.80407 -0.00000
-31.79517 -0.00025
-31.79169 -0.00000
-31.78957 -0.00000
-31.78838 -0.00000
-31.78184 -0.00000
-31.77762 -0.00000
-31.77040 -0.00002
-31.76153 -0.00000
-31.75878 -0.00000
-31.75416 -0.00000
-31.74617 -0.00000
-31.74613 -0.00000
-31.74182 -0.00000
-31.73471 -0.00000
-31.73376 -0.00000
-31.72608 -0.00000
-31.72140 -0.00000
-31.71486 -0.00000
-31.70880 -0.00000
-31.70360 -0.00000
-31.70163 -0.00000
-31.69956 -0.00000
-31.69434 -0.00000
-31.68356 -0.00000
-31.67483 -0.00000
-31.66870 -0.00000
-31.65401 -0.00000
-31.64879 -0.00000
-31.64520 -0.00001
-31.64217 -0.00000
-31.64169 -0.00000
-31.63596 -0.00000
-31.63086 -0.00000
-31.62399 -0.00000
-31.60271 -0.00000
-31.58935 -0.00000
-31.56139 -0.00000
-31.55622 -0.00000
-31.10396 -0.00000
-31.09831 -0.00000
-31.09550 -0.00000
-31.08965 -0.00000
-31.08397 -0.00000
-31.07516 -0.00000
-30.99987 -0.00000
-30.98987 -0.00000
-30.96066 -0.00000
-30.95109 -0.00000
-30.94182 -0.00000
-30.91458 -0.00000
-30.90144 -0.00000
-30.89872 -0.00000
-30.89139 -0.00000
-30.88397 -0.00000
-30.68888 -0.00000
-30.68683 -0.00000
-30.66981 -0.00000
-30.66164 -0.00001
-30.64826 -0.00000
-30.64327 -0.00000
-30.64236 -0.00000
-30.63936 -0.00000
-30.63388 -0.00000
-30.63240 -0.00000
-30.63058 -0.00000
-30.62818 -0.00000
-30.59674 -0.00000
-30.59204 -0.00000
-30.57696 -0.00000
-30.57520 -0.00000
-30.57130 -0.00000
-30.52672 -0.00000
-30.51217 -0.00001
-30.49427 -0.00000
-30.47466 -0.00000
-30.45208 -0.00000
-30.44614 -0.00000
-30.44206 -0.00000
-30.32027 -0.00000
-30.31978 -0.00000
-30.25531 -0.00000
-30.25484 -0.00000
-30.23482 -0.00000
-30.23318 -0.00000
-30.22369 -0.00000
-30.20991 -0.00000
-30.20444 -0.00000
-30.20361 -0.00000
-30.20134 -0.00000
-30.20069 -0.00000
-30.19833 -0.00000
-30.19372 -0.00000
-30.19272 -0.00000
-30.18557 -0.00000
-30.18155 -0.00000
-30.17977 -0.00000
-30.17863 -0.00000
-30.17509 -0.00000
-30.17239 -0.00000
-30.16837 -0.00000
-30.16462 -0.00000
-30.16344 -0.00000
-30.16239 -0.00000
-30.16142 -0.00000
-30.15159 -0.00000
-30.14762 -0.00000
-30.14690 -0.00000
-30.14550 -0.00000
-30.14351 -0.00000
-30.14173 -0.00000
-30.13958 -0.00000
-30.13806 -0.00000
-30.13654 -0.00000
-30.13422 -0.00000
-30.13400 -0.00000
-30.13147 -0.00000
-30.13074 -0.00000
-30.12969 -0.00000
-30.12871 -0.00000
-30.12631 -0.00000
-30.12517 -0.00000
-30.12422 -0.00000
-30.12208 -0.00000
-30.12055 -0.00000
-30.11609 -0.00000
-30.11365 -0.00000
-30.11191 -0.00000
-30.10974 -0.00000
-30.10822 -0.00000
-30.10479 -0.00000
-30.09399 -0.00000
-30.08395 -0.00000
-30.07884 -0.00000
-30.07232 -0.00000
-30.06389 -0.00000
-30.04272 -0.00000
-30.03264 -0.00000
-30.02739 -0.00000
-30.02456 -0.00000
-30.02402 -0.00000
-30.02299 -0.00000
-30.02067 -0.00000
-30.01827 -0.00000
-30.01550 -0.00000
-30.01135 -0.00000
-30.01070 -0.00000
-30.00963 -0.00000
-30.00394 -0.00000
-30.00131 -0.00000
-29.99872 -0.00000
-29.99510 -0.00000
-29.99369 -0.00000
-29.98932 -0.00000
-29.98648 -0.00000
-29.98150 -0.00000
-29.97156 -0.00000
-29.96722 -0.00000
-29.96493 -0.00000
-29.96384 -0.00000
-29.96262 -0.00000
-29.96184 -0.00000
-29.95872 -0.00000
-29.95672 -0.00000
-29.94942 -0.00000
-29.94597 -0.00000
-29.94404 -0.00000
-29.94208 -0.00000
-29.94108 -0.00000
-29.93672 -0.00000
-29.93252 -0.00000
-29.93125 -0.00000
-29.92641 -0.00000
-29.92598 -0.00000
-29.92080 -0.00000
-29.91992 -0.00000
-29.91397 -0.00000
-29.90993 -0.00000
-29.88062 -0.00000
-29.87115 -0.00000
-29.86183 -0.00000
-29.84497 -0.00000
-29.84331 -0.00000
-29.83607 -0.00000
-29.83464 -0.00000
-29.83382 -0.00000
-29.83185 -0.00000
-29.82960 -0.00000
-29.82628 -0.00000
-29.82542 -0.00000
-29.82498 -0.00000
-29.82133 -0.00000
-29.81880 -0.00000
-29.81603 -0.00000
-29.81141 -0.00000
-29.80395 -0.00000
-29.80179 -0.00000
-29.48748 -0.00000
-29.48655 -0.00000
-29.48032 -0.00000
-29.47922 -0.00000
-29.47675 -0.00000
-29.47613 -0.00000
-29.47294 -0.00000
-29.47167 -0.00000
-29.46877 -0.00000
-29.46647 -0.00000
-29.46593 -0.00000
-29.46417 -0.00000
-29.46242 -0.00000
-29.45814 -0.00000
-29.45582 -0.00000
-29.45450 -0.00000
-29.38977 -0.00000
-29.38869 -0.00000
-29.38656 -0.00000
-29.38478 -0.00000
-29.36220 -0.00000
-29.36204 -0.00000
-29.35898 -0.00000
-29.35053 -0.00000
-29.34971 -0.00000
-29.33397 -0.00000
-29.32886 -0.00000
-29.31401 -0.00000
-29.01815 -0.00003
-28.99121 -0.00000
-28.96258 -0.00000
-28.96085 -0.00000
-28.90258 -0.00000
-28.85803 -0.00000
-28.81191 -0.00000
-28.53390 -0.00000
-28.53217 -0.00000
-28.52887 -0.00000
-28.52718 -0.00000
-28.52605 -0.00000
-28.52432 -0.00000
-28.52226 -0.00000
-28.51757 -0.00000
-28.51476 -0.00000
-28.50756 -0.00000
-28.50343 -0.00000
-28.50159 -0.00000
-28.50073 -0.00000
-28.49846 -0.00000
-28.49776 -0.00000
-28.49697 -0.00000
-28.49460 -0.00000
-28.49202 -0.00000
-28.38244 -0.00000
-28.38138 -0.00000
-28.37767 -0.00000
-28.37660 -0.00000
-28.37398 -0.00000
-28.37284 -0.00000
-28.37186 -0.00000
-28.36886 -0.00000
-28.36790 -0.00000
-28.36321 -0.00000
-28.36185 -0.00000
-28.35874 -0.00000
-28.35647 -0.00000
-28.35453 -0.00000
-28.35396 -0.00000
-28.34208 -0.00000
-28.33883 -0.00000
-28.33663 -0.00000
-28.33594 -0.00000
-28.33120 -0.00000
-28.32961 -0.00000
-28.32443 -0.00000
-28.31837 -0.00000
-28.31399 -0.00000
-28.30830 -0.00000
-28.30551 -0.00000
-28.29969 -0.00000
-28.29397 -0.00000
-28.28519 -0.00000
-28.24547 -0.00000
-28.23787 -0.00000
-28.22735 -0.00000
-28.20998 -0.00000
-28.20182 -0.00000
-28.19991 -0.00000
-28.18906 -0.00000
-28.18515 -0.00000
-28.17054 -0.00000
-28.16121 -0.00000
-28.16114 -0.00000
-28.15185 -0.00000
-28.13429 -0.00000
-28.13320 -0.00000
-28.12941 -0.00000
-28.12453 -0.00000
-28.11145 -0.00000
-28.10875 -0.00000
-28.10139 -0.00000
-28.09395 -0.00000
-28.08900 -0.00000
-28.05590 -0.00000
-28.05311 -0.00000
-28.04011 -0.00000
-28.03876 -0.00000
-28.03318 -0.00000
-28.03314 -0.00000
-28.02078 -0.00000
-27.95525 -0.00000
-27.76533 -0.00000
-27.76471 -0.00000
-27.76048 -0.00000
-27.75958 -0.00000
-27.75755 -0.00000
-27.75588 -0.00000
-27.75371 -0.00000
-27.75277 -0.00000
-27.75138 -0.00000
-27.74923 -0.00000
-27.74883 -0.00000
-27.74754 -0.00000
-27.74681 -0.00000
-27.74547 -0.00000
-27.70697 -0.00000
-27.70319 -0.00000
-27.69094 -0.00000
-27.68939 -0.00000
-27.68459 -0.00000
-27.68127 -0.00000
-27.67961 -0.00000
-27.67682 -0.00000
-27.67269 -0.00000
-27.66518 -0.00000
-27.66295 -0.00000
-27.66205 -0.00000
-27.65246 -0.00000
-27.63041 -0.00000
-27.62727 -0.00000
-27.62573 -0.00000
-27.62402 -0.00000
-27.62236 -0.00000
-27.61889 -0.00000
-27.61221 -0.00000
-27.61207 -0.00000
-27.60821 -0.00000
-27.60812 -0.00000
-27.60400 -0.00000
-27.58422 -0.00000
-27.58343 -0.00000
-27.58028 -0.00000
-27.57965 -0.00000
-27.57897 -0.00000
-27.56334 -0.00000
-27.56198 -0.00000
-27.55837 -0.00000
-27.55710 -0.00000
-27.53905 -0.00000
-27.51501 -0.00000
-27.51396 -0.00000
-27.50683 -0.00000
-27.49396 -0.00000
-27.44551 -0.00000
-27.39130 -0.00000
-27.29458 -0.00000
-27.28829 -0.00000
-27.28750 -0.00000
-27.28577 -0.00000
-27.26410 -0.00000
-27.26034 -0.00000
-27.21123 -0.00000
-27.20728 -0.00000
-27.16333 -0.00000
-27.15746 -0.00000
-27.15517 -0.00000
-27.15513 -0.00000
-27.13271 -0.00000
-27.07968 -0.00000
-27.07588 -0.00000
-26.94742 -0.00047
-26.92246 -0.00029
-26.85271 -0.00003
-26.73626 -0.00000
-26.67039 -0.00000
-26.65840 -0.00000
-26.65568 -0.00000
-26.64793 -0.00000
-26.64563 -0.00000
-26.64165 -0.00000
-26.63737 -0.00000
-26.63508 -0.00000
-26.63399 -0.00000
-26.63276 -0.00000
-26.62942 -0.00000
-26.62708 -0.00000
-26.62597 -0.00000
-26.58256 -0.00000
-26.55621 -0.00000
-26.55282 -0.00000
-26.53424 -0.00000
-26.51757 -0.00000
-26.51065 -0.00000
-26.44120 -0.00000
-26.40481 -0.00000
-26.40357 -0.00000
-26.38962 -0.00000
-26.29300 -0.00000
-26.27772 -0.00000
-26.15228 -0.00000
-26.14549 -0.00000
-26.12294 -0.00000
-26.07466 -0.00000
-26.04940 -0.00000
-26.03507 -0.00000
-26.02151 -0.00000
-25.99196 -0.00000
-25.99037 -0.00000
-25.98347 -0.00000
-25.98162 -0.00000
-25.97189 -0.00000
-25.96437 -0.00000
-25.96322 -0.00000
-25.96102 -0.00000
-25.96014 -0.00000
-25.95669 -0.00000
-25.95435 -0.00000
-25.95339 -0.00000
-25.82689 -0.00000
-25.82384 -0.00000
-25.81524 -0.00000
-25.81483 -0.00000
-25.81143 -0.00000
-25.80523 -0.00000
-25.80395 -0.00000
-25.79686 -0.00000
-25.79400 -0.00000
-25.78395 -0.00000
-25.77836 -0.00000
-25.75358 -0.00000
-25.75289 -0.00000
-25.75216 -0.00000
-25.47304 -0.00000
-25.45471 -0.00000
-25.33417 -0.00000
-25.29670 -0.00000
-25.16784 -0.00022
-25.16421 -0.00000
-25.15264 -0.00014
-25.13904 -0.00000
-25.12665 -0.00000
-24.92696 -0.00109
-24.72600 -0.00000
-24.70125 -0.00000
-24.51571 -0.00003
-24.01237 -0.00000
-24.01198 -0.00000
-24.00904 -0.00000
-24.00341 -0.00000
-23.64641 -0.00009
-23.61135 -0.00009
-23.55662 -0.00074
-23.51736 -0.00000
-22.92860 -0.00000
-22.69597 -0.00009
-22.56675 -0.00000
-22.56211 -0.00000
-22.53482 -0.00000
-22.52147 -0.00000
-22.51692 -0.00000
-22.48979 -0.00000
-21.89312 -0.00041
-21.83401 -0.00004
-21.82619 -0.00005
-21.78610 -0.00000
-21.74228 -0.00000
-21.72906 -0.00029
-21.68838 -0.00018
-21.39903 -0.00000
-21.39534 -0.00000
-21.37075 -0.00000
-21.32596 -0.00000
-21.32238 -0.00000
-21.30510 -0.00007
-21.29819 -0.00000
-21.26761 -0.00004
-21.26366 -0.00000
-21.25950 -0.00000
-21.25161 -0.00000
-21.22588 -0.00000
-21.22170 -0.00000
-21.21369 -0.00000
-21.20208 -0.00000
-21.19103 -0.00000
-20.77308 -0.00037
-20.73491 -0.00020
-20.67414 -0.00000
-20.63100 -0.00000
-20.52978 -0.00000
-20.52596 -0.00000
-20.50062 -0.00000
-20.48067 -0.00000
-20.47918 -0.00000
-20.47539 -0.00000
-20.45035 -0.00000
-20.44573 -0.00000
-20.42255 -0.00000
-20.38830 -0.00036
-20.37420 -0.00000
-20.36999 -0.00000
-20.34119 -0.00000
-20.23870 -0.00000
-20.23574 -0.00000
-20.23023 -0.00000
-20.17672 -0.00000
-20.17383 -0.00000
-20.16837 -0.00000
-20.04334 -0.00050
-20.00670 -0.00000
-19.95579 -0.00000
-19.95209 -0.00000
-19.92705 -0.00000
-19.88764 -0.00000
-19.88399 -0.00000
-19.85932 -0.00000
-19.84286 -0.00000
-19.82876 -0.00000
-19.82236 -0.00000
-19.68944 -0.00000
-19.67904 -0.00000
-19.64680 -0.00025
-19.60647 -0.00013
-19.59484 -0.00094
-19.33089 -0.00000
-19.32767 -0.00000
-19.32177 -0.00002
-19.30506 -0.00455
-19.29394 -0.00000
-19.28988 -0.00000
-19.28669 -0.00000
-19.28075 -0.00000
-19.24196 -0.00228
-19.06202 -0.00000
-19.00350 -0.00000
-18.90105 -0.00000
-18.89075 -0.00000
-18.86660 -0.00042
-18.78310 -0.00000
-18.78011 -0.00000
-18.77451 -0.00000
-18.72498 -0.00000
-18.72203 -0.00000
-18.71653 -0.00000
-18.71580 -0.00000
-18.71221 -0.00000
-18.69413 -0.00000
-18.69056 -0.00000
-18.68848 -0.00000
-18.66669 -0.00000
-18.60232 -0.00029
-18.56435 -0.00032
-18.56046 -0.00000
-18.51684 -0.00000
-18.51331 -0.00000
-18.49012 -0.00000
-18.45798 -0.00000
-18.45246 -0.00000
-18.39775 -0.00000
-18.38482 -0.00000
-18.37993 -0.00000
-18.37702 -0.00000
-18.37154 -0.00023
-18.34006 -0.00021
-18.08741 -0.01260
-18.06145 -0.00000
-17.89840 -0.00002
-17.89681 -0.00002
-17.82085 -0.00000
-17.74830 -0.00001
-17.74207 -0.00000
-17.73739 -0.00001
-17.73226 -0.00000
-17.70521 -0.00000
-17.70339 -0.00000
-17.64364 -0.00000
-17.63489 -0.00000
-17.63135 -0.00000
-17.62723 -0.00000
-17.60373 -0.00000
-17.57191 -0.00000
-17.56895 -0.00000
-17.56359 -0.00000
-17.54801 -0.00000
-17.54504 -0.00000
-17.53963 -0.00000
-17.50936 -0.00000
-17.49991 -0.00000
-17.42412 -0.00089
-17.39243 -0.00000
-17.38956 -0.00000
-17.38614 -0.00000
-17.38433 -0.00000
-17.24401 -0.00190
-16.93860 -0.00023
-16.86130 -0.00000
-16.84931 -0.00000
-16.84575 -0.00000
-16.83530 -0.00000
-16.82224 -0.00000
-16.82001 -0.00000
-16.80977 -0.00000
-16.80654 -0.00000
-16.78329 -0.00000
-16.74888 -0.00000
-16.74538 -0.00000
-16.72248 -0.00000
-16.68128 -0.00016
-16.67754 -0.00000
-16.65337 -0.00000
-16.63817 -0.00000
-16.59833 -0.00000
-16.56483 -0.00000
-16.51807 -0.00000
-16.50780 -0.00000
-16.49573 -0.00000
-16.49158 -0.00000
-16.29831 -0.00000
-16.28657 -0.00000
-16.28267 -0.00000
-16.12490 -0.00000
-16.09910 -0.00000
-16.07979 -0.00000
-15.93439 -0.00000
-15.92376 -0.00000
-15.91105 -0.00000
-15.89741 -0.00000
-15.89248 -0.00000
-15.84725 -0.00000
-15.81699 -0.00000
-15.80744 -0.00000
-15.74119 -0.00000
-15.73392 -0.00000
-15.72466 -0.00000
-15.71531 -0.00000
-15.71246 -0.00000
-15.70710 -0.00000
-15.70183 -0.00000
-15.69709 -0.00000
-15.68151 -0.00000
-15.67863 -0.00000
-15.67335 -0.00000
-15.66727 -0.00000
-15.66138 -0.00001
-15.64385 -0.00000
-15.63257 -0.00000
-15.62974 -0.00000
-15.62449 -0.00000
-15.46422 -0.00000
-15.45954 -0.00000
-15.43040 -0.00000
-15.09492 -0.00000
-15.05948 -0.00000
-14.85808 -0.00000
-14.81029 -0.00000
-14.79401 -0.00000
-14.79133 -0.00000
-14.77958 -0.00000
-14.77889 -0.00000
-14.63177 -0.00000
-14.59689 -0.00024
-14.58533 -0.00000
-14.58129 -0.00000
-14.53342 -0.00000
-14.52187 -0.00000
-14.51800 -0.00000
-14.38071 -0.00012
-14.23240 -0.00000
-14.22793 -0.00000
-14.21941 -0.00000
-14.02003 -0.00000
-14.01562 -0.00000
-14.00745 -0.00000
-13.96907 -0.00000
-13.79609 -0.00101
-13.29895 -0.00000
-13.28338 -0.00000
-13.27662 -0.00000
-12.85304 -0.00000
-12.12958 -0.00052
-12.05234 -0.00021
-11.08477 -0.00162
-11.03037 -0.00000
-10.93171 -0.00000
-10.16736 -0.00018
-10.09273 -0.00007
-9.64149 -0.00083
-9.61190 -0.00000
-9.52091 -0.00000
-8.88035 -0.00000
-8.27540 -0.00005
-8.27398 -0.00009
-8.06402 -0.00000
-7.65699 -0.00065
-7.41486 -0.00000
-6.40725 -0.00024
-6.34930 -0.00005
-6.27544 -0.00000
-5.71552 -0.00192
-5.61996 -0.00000
-5.42023 -0.07275
-5.15443 -0.03956
-4.76298 -0.21593
3.45541 -2.74083
4.28338 -1.66242
4.31133 -0.00000
4.40917 -0.01765
5.09081 -0.00000
5.19480 -0.01563
6.11718 -0.00000
6.35499 -0.00427
6.90110 -0.00000
7.14387 -0.00347
7.64601 -0.00000
8.22691 -0.00287
8.44729 -0.00000
9.02563 -0.00215
9.02658 -0.00000
9.81924 -0.00000
10.29519 -0.01256
11.04156 -0.00003
11.09614 -0.00909
11.57714 -0.00001
12.83454 -0.00005
12.98271 -0.00000
13.00134 -0.00000
13.18820 -0.00000
13.20635 -0.00014
13.37452 -0.00003
13.52401 -0.00000
13.54382 -0.00000
13.72067 -0.00000
13.73445 -0.00000
13.74139 -0.00000
13.75372 -0.00009
14.11285 -0.00000
14.13387 -0.00057
14.26095 -0.00000
14.28301 -0.00000
14.67581 -0.00000
14.69808 -0.00039
14.72683 -0.00000
14.81155 -0.00000
14.83784 -0.00000
14.85931 -0.00020
14.93014 -0.00000
14.99175 -0.00044
15.00343 -0.00000
15.20194 -0.00407
15.26986 -0.00000
15.38705 -0.00000
15.39228 -0.00000
15.45753 -0.00009
15.46632 -0.00000
15.47813 -0.00000
15.54296 -0.00026
15.57656 -0.00000
15.58467 -0.00000
15.66688 -0.00038
15.85465 -0.00000
15.86300 -0.00321
15.97518 -0.00182
16.00617 -0.00000
16.00863 -0.00000
16.07493 -0.00001
16.08372 -0.00000
16.13352 -0.00000
16.14602 -0.00000
16.18215 -0.00000
16.19593 -0.00000
16.24262 -0.00016
16.27794 -0.00000
16.34014 -0.00000
16.41938 -0.00000
16.45176 -0.00000
16.51515 -0.00005
16.54861 -0.00108
16.55171 -0.00000
16.61999 -0.00000
16.62190 -0.00000
16.65766 -0.00000
16.69009 -0.00000
16.73973 -0.00000
16.78199 -0.00000
16.80779 -0.00000
16.80784 -0.00000
17.00628 -0.00000
17.06092 -0.00000
17.07589 -0.00006
17.13609 -0.00000
17.21057 -0.00000
17.24174 -0.00000
17.31649 -0.00000
17.46047 -0.00000
17.62127 -0.00000
17.70359 -0.00000
17.71797 -0.00000
17.74658 -0.00000
17.81707 -0.00000
17.82899 -0.00000
17.84135 -0.01427
17.85214 -0.00000
17.90205 -0.00000
18.01115 -0.00000
18.04627 -0.00000
18.05490 -0.00000
18.10479 -0.00002
18.22138 -0.00000
18.24880 -0.00000
18.24891 -0.00000
18.28100 -0.00000
18.32419 -0.00000
18.34721 -0.01405
18.37249 -0.02180
18.38696 -0.00000
18.39414 -0.00000
18.45582 -0.01088
18.51201 -0.00000
18.53483 -0.00000
18.53494 -0.00000
18.60508 -0.00000
18.72244 -0.00000
18.78063 -0.00000
18.80723 -0.01640
18.83811 -0.00000
18.91282 -0.00000
19.00765 -0.00120
19.01870 -0.00000
19.05711 -0.00000
19.06709 -0.02983
19.13122 -0.00007
19.22695 -0.00000
19.23716 -0.00000
19.27685 -0.00000
19.40357 -0.00000
19.42073 -0.00000
19.52706 -0.00733
19.52883 -0.00000
19.60211 -0.00000
19.63049 -0.00000
19.71755 -0.00000
19.75567 -0.00000
19.78721 -0.00000
19.82858 -0.00000
19.87838 -0.00002
19.90473 -0.00000
19.90484 -0.00000
20.02213 -0.00000
20.18330 -0.00000
20.20620 -0.00009
20.25346 -0.00000
20.32567 -0.00000
20.32607 -0.00000
20.32864 -0.00020
20.34765 -0.00037
20.39469 -0.00000
20.43270 -0.00000
20.47817 -0.00000
20.48583 -0.00000
20.51255 -0.00000
20.52253 -0.00014
20.53652 -0.00001
20.66607 -0.00000
20.71556 -0.00000
20.79179 -0.00002
20.84312 -0.00000
20.85999 -0.00000
20.86529 -0.00000
20.93756 -0.00000
20.96832 -0.00000
21.03660 -0.00000
21.04431 -0.00000
21.14968 -0.00000
21.21897 -0.00000
21.33708 -0.00000
21.45487 -0.00000
21.58018 -0.00000
21.60765 -0.00000
21.67687 -0.00000
21.75012 -0.00000
21.85658 -0.00000
21.94697 -0.00000
21.99616 -0.00000
22.13906 -0.00000
22.22605 -0.00000
22.23823 -0.00000
22.25610 -0.00000
22.32987 -0.00004
22.38153 -0.00000
22.39892 -0.00001
22.41014 -0.00000
22.48301 -0.00000
22.55041 -0.00000
22.66779 -0.00000
22.96263 -0.00000
23.05488 -0.00000
23.12438 -0.00000
23.23174 -0.00000
23.49584 -0.00000
23.53008 -0.00000
23.66451 -0.00000
23.78980 -0.00000
24.04231 -0.00000
24.09463 -0.00001
24.94084 -0.00000
24.96865 -0.00000
25.44570 -0.00000
25.45038 -0.00000
25.45493 -0.00000
25.46391 -0.00000
25.46652 -0.00000
25.52067 -0.00000
25.52085 -0.00000
25.55066 -0.00000
25.63973 -0.00000
25.63993 -0.00000
25.64717 -0.00000
25.65007 -0.00000
25.65449 -0.00000
25.66311 -0.00000
25.66647 -0.00000
26.00228 -0.00002
26.11254 -0.00010
27.20240 -0.00000
27.21110 -0.00000
27.21452 -0.00000
27.21552 -0.00000
27.21908 -0.00000
27.22899 -0.00000
27.23068 -0.00000
27.23925 -0.00000
27.24041 -0.00000
27.24432 -0.00000
27.24906 -0.00000
27.25414 -0.00000
27.25834 -0.00000
27.27752 -0.00000
27.29443 -0.00000
27.30450 -0.00000
27.30599 -0.00000
27.32766 -0.00000
27.33837 -0.00000
27.39996 -0.00000
27.40161 -0.00000
27.40241 -0.00000
27.40905 -0.00000
27.41039 -0.00000
27.41383 -0.00000
27.41516 -0.00000
27.42176 -0.00000
27.42341 -0.00000
27.42897 -0.00000
27.43426 -0.00000
27.43917 -0.00000
27.44030 -0.00000
27.44348 -0.00000
27.44555 -0.00000
27.44910 -0.00000
27.45337 -0.00000
27.45466 -0.00000
27.45503 -0.00000
27.45826 -0.00000
27.45931 -0.00000
27.46200 -0.00000
27.46366 -0.00000
27.46954 -0.00000
27.52508 -0.00000
27.53584 -0.00000
27.54861 -0.00000
27.55850 -0.00000
27.62821 -0.00000
27.62911 -0.00000
27.64477 -0.00000
27.64756 -0.00000
27.65193 -0.00000
27.65306 -0.00000
27.65426 -0.00000
27.65762 -0.00000
27.66162 -0.00000
27.66347 -0.00000
27.66810 -0.00000
27.70867 -0.00000
27.70939 -0.00000
27.96903 -0.00000
27.97900 -0.00000
27.98167 -0.00000
27.99009 -0.00000
27.99143 -0.00000
27.99420 -0.00000
27.99896 -0.00000
28.00488 -0.00000
28.00909 -0.00000
28.04243 -0.00000
28.05435 -0.00000
28.07505 -0.00000
28.08062 -0.00000
28.08551 -0.00000
28.09239 -0.00000
28.09345 -0.00000
28.10159 -0.00000
28.10563 -0.00000
28.10595 -0.00000
28.11268 -0.00000
28.11410 -0.00000
28.15902 -0.00000
28.17310 -0.00000
28.17899 -0.00000
28.18521 -0.00000
28.18999 -0.00000
28.19135 -0.00000
28.19346 -0.00000
28.19900 -0.00000
28.20416 -0.00000
28.20911 -0.00000
28.36767 -0.00000
28.37722 -0.00000
28.38120 -0.00000
28.39099 -0.00000
28.39664 -0.00000
28.40703 -0.00000
28.42895 -0.00000
28.43968 -0.00000
28.45938 -0.00000
28.47071 -0.00000
28.51386 -0.00000
28.52444 -0.00000
28.54663 -0.00000
28.55828 -0.00000
28.56632 -0.00000
28.57583 -0.00000
28.57588 -0.00000
28.59276 -0.00000
28.59879 -0.00000
28.60308 -0.00000
28.60925 -0.00000
28.63571 -0.00000
28.64710 -0.00000
28.65148 -0.00000
28.66274 -0.00000
28.70762 -0.00000
28.71990 -0.00000
28.92913 -0.00000
28.93900 -0.00000
28.95425 -0.00000
28.95899 -0.00000
29.00457 -0.00000
29.01438 -0.00000
29.01844 -0.00000
29.03779 -0.00000
29.04064 -0.00000
29.04264 -0.00000
29.05161 -0.00000
29.05288 -0.00000
29.05606 -0.00000
29.11881 -0.00000
29.11895 -0.00000
29.13334 -0.00000
29.13897 -0.00000
29.14356 -0.00000
29.15321 -0.00000
29.15667 -0.00000
29.15905 -0.00000
29.16102 -0.00000
29.16223 -0.00000
29.16630 -0.00000
29.19027 -0.00000
29.19514 -0.00000
29.19720 -0.00000
29.19888 -0.00000
29.20500 -0.00000
29.23274 -0.00000
29.24013 -0.00000
29.24102 -0.00000
29.24362 -0.00000
29.25065 -0.00000
29.25134 -0.00000
29.25625 -0.00000
29.27134 -0.00000
29.29382 -0.00000
29.35226 -0.00000
29.35439 -0.00000
29.35891 -0.00000
29.36070 -0.00000
29.36204 -0.00000
29.36473 -0.00000
29.36492 -0.00000
29.38949 -0.00000
29.39323 -0.00000
29.39691 -0.00000
29.39863 -0.00000
29.39935 -0.00000
29.40350 -0.00000
29.43980 -0.00000
29.66845 -0.00000
29.67925 -0.00000
29.68736 -0.00000
29.68899 -0.00000
29.70413 -0.00000
29.70887 -0.00000
29.71371 -0.00000
29.73457 -0.00000
29.75456 -0.00000
29.78327 -0.00000
29.78768 -0.00000
29.79107 -0.00000
29.79408 -0.00000
29.79545 -0.00000
29.79856 -0.00000
29.80076 -0.00000
29.80448 -0.00000
29.80506 -0.00000
29.81489 -0.00000
29.81658 -0.00000
29.81835 -0.00000
29.86767 -0.00000
29.86906 -0.00000
29.87470 -0.00000
29.88340 -0.00000
29.88510 -0.00000
29.88899 -0.00000
29.88999 -0.00000
29.89952 -0.00000
29.90353 -0.00000
29.90910 -0.00000
29.91306 -0.00000
29.93003 -0.00000
29.96520 -0.00000
29.99366 -0.00000
29.99429 -0.00000
29.99598 -0.00000
30.00372 -0.00000
30.00476 -0.00000
30.00524 -0.00000
30.07266 -0.00000
30.08582 -0.00000
30.10059 -0.00000
30.13226 -0.00000
30.14706 -0.00000
30.15441 -0.00000
30.16165 -0.00000
30.16441 -0.00000
30.17632 -0.00000
30.19795 -0.00000
30.19966 -0.00000
30.21740 -0.00000
30.22015 -0.00000
30.22639 -0.00000
30.23394 -0.00000
30.24249 -0.00000
30.24706 -0.00000
30.24839 -0.00000
30.26917 -0.00000
30.27139 -0.00000
30.29679 -0.00000
30.30250 -0.00000
30.31736 -0.00000
30.33651 -0.00000
30.33793 -0.00000
30.34020 -0.00000
30.35401 -0.00000
30.35800 -0.00000
30.36328 -0.00000
30.38789 -0.00000
30.39263 -0.00000
30.39558 -0.00000
30.40232 -0.00000
30.40821 -0.00000
30.44567 -0.00000
30.45187 -0.00000
30.45567 -0.00000
30.46063 -0.00000
30.50179 -0.00000
30.50186 -0.00000
30.51821 -0.00000
30.51916 -0.00000
30.52352 -0.00000
30.53289 -0.00000
30.53579 -0.00000
30.56420 -0.00000
30.57586 -0.00000
30.57838 -0.00000
30.58203 -0.00000
30.61144 -0.00000
30.62367 -0.00000
30.66897 -0.00000
30.67047 -0.00000
30.68899 -0.00000
30.69026 -0.00000
30.72296 -0.00000
30.73599 -0.00000
30.76184 -0.00000
30.76640 -0.00000
30.76827 -0.00000
30.81950 -0.00000
30.84811 -0.00000
30.85164 -0.00000
30.90541 -0.00000
30.91862 -0.00000
30.94499 -0.00000
31.00251 -0.00000
31.01014 -0.00000
31.05836 -0.00000
31.19508 -0.00000
31.19705 -0.00000
31.20389 -0.00000
31.20510 -0.00000
31.21527 -0.00000
31.28012 -0.00000
31.32801 -0.00000
31.38581 -0.00000
31.38861 -0.00000
31.43569 -0.00000
31.50916 -0.00000
31.51898 -0.00000
31.52516 -0.00000
31.52661 -0.00000
31.53134 -0.00000
31.53424 -0.00000
31.53897 -0.00000
31.58462 -0.00000
31.61778 -0.00000
31.69905 -0.00000
31.71343 -0.00000
31.71902 -0.00000
31.73336 -0.00000
31.73673 -0.00000
31.73864 -0.00000
31.73892 -0.00000
31.74339 -0.00000
31.78912 -0.00000
31.79696 -0.00000
31.79833 -0.00000
31.81942 -0.00000
31.82214 -0.00000
31.83563 -0.00000
31.86587 -0.00000
31.86740 -0.00000
31.87153 -0.00000
31.87609 -0.00000
31.88035 -0.00000
31.88279 -0.00000
31.88285 -0.00000
31.90834 -0.00000
31.90945 -0.00000
31.90995 -0.00001
31.92953 -0.00000
31.93029 -0.00000
31.94377 -0.00000
31.95684 -0.00000
31.96353 -0.00000
31.97128 -0.00000
31.97465 -0.00000
31.98826 -0.00000
31.99564 -0.00000
31.99590 -0.00000
31.99700 -0.00000
32.00132 -0.00000
32.00956 -0.00000
32.01298 -0.00000
32.01711 -0.00000
32.03039 -0.00000
32.04044 -0.00000
32.05494 -0.00000
32.06477 -0.00000
32.07197 -0.00000
32.07601 -0.00000
32.08037 -0.00000
32.08495 -0.00000
32.08843 -0.00000
32.09409 -0.00000
32.10383 -0.00000
32.12437 -0.00000
32.13473 -0.00000
32.15324 -0.00000
32.15917 -0.00000
32.16062 -0.00000
32.16356 -0.00000
32.16901 -0.00000
32.18468 -0.00000
32.19894 -0.00000
32.22384 -0.00000
32.22716 -0.00000
32.24068 -0.00000
32.25144 -0.00000
32.28442 -0.00000
32.29234 -0.00000
32.36111 -0.00000
32.37894 -0.00000
32.38338 -0.00000
32.39907 -0.00000
32.63212 -0.00000
32.64593 -0.00000
32.65783 -0.00000
32.65784 -0.00000
32.68972 -0.00000
32.71725 -0.00000
32.74747 -0.00000
32.77489 -0.00000
32.82627 -0.00000
32.84225 -0.00000
32.84676 -0.00000
32.86776 -0.00000
32.88223 -0.00000
32.89997 -0.00000
32.90704 -0.00000
33.00430 -0.00001
33.28965 -0.00000
33.29189 -0.00000
33.31242 -0.00000
33.33425 -0.00000
33.33901 -0.00000
33.35079 -0.00000
33.35189 -0.00000
33.35837 -0.00000
33.36474 -0.00000
33.37346 -0.00000
33.38609 -0.00000
33.39025 -0.00000
33.39754 -0.00000
33.39819 -0.00000
33.42374 -0.00000
33.44310 -0.00000
33.45504 -0.00000
33.46917 -0.00000
33.47048 -0.00000
33.49636 -0.00000
33.50166 -0.00000
33.52656 -0.00000
33.53982 -0.00000
33.56635 -0.00000
33.59615 -0.00000
33.62377 -0.00000
33.70335 -0.00000
33.70654 -0.00000
33.70994 -0.00000
33.71697 -0.00001
33.71897 -0.00000
33.72176 -0.00000
33.72517 -0.00000
33.72900 -0.00000
33.73078 -0.00000
33.73334 -0.00000
33.73557 -0.00000
33.73898 -0.00000
33.74111 -0.00000
33.74297 -0.00000
33.74818 -0.00000
33.75059 -0.00000
33.75135 -0.00000
33.75282 -0.00000
33.75350 -0.00000
33.75394 -0.00000
33.75559 -0.00000
33.75900 -0.00000
33.76163 -0.00000
33.76451 -0.00000
33.76617 -0.00000
33.77392 -0.00000
33.77648 -0.00000
33.77716 -0.00000
33.77941 -0.00000
33.78832 -0.00000
33.82029 -0.00000
33.82851 -0.00000
33.88303 -0.00000
33.88894 -0.00000
33.89805 -0.00000
33.89917 -0.00000
33.90018 -0.00000
33.90199 -0.00000
33.91841 -0.00000
33.92043 -0.00002
33.93567 -0.00000
33.94109 -0.00001
34.41601 -0.00000
34.41942 -0.00000
34.46416 -0.00001
34.53722 -0.00000
34.56055 -0.00001
34.63255 -0.00000
34.63706 -0.00001
34.63980 -0.00000
34.96243 -0.00000
35.04417 -0.00000
35.04898 -0.00000
35.05508 -0.00000
35.06186 -0.00000
35.07046 -0.00001
35.08314 -0.00000
35.10615 -0.00000
35.10809 -0.00000
35.15303 -0.00000
35.17907 -0.00000
35.18480 -0.00000
35.19317 -0.00000
35.19728 -0.00000
35.21159 -0.00000
35.22761 -0.00000
35.24966 -0.00000
35.25446 -0.00000
35.30104 -0.00000
35.30608 -0.00000
35.32868 -0.00000
35.35360 -0.00000
35.40010 -0.00000
35.41646 -0.00000
35.41987 -0.00000
35.42897 -0.00000
35.43515 -0.00000
35.43906 -0.00000
35.44085 -0.00000
35.44333 -0.00000
35.44578 -0.00000
35.44897 -0.00000
35.45084 -0.00000
35.45424 -0.00000
35.45867 -0.00000
35.46326 -0.00000
35.46560 -0.00000
35.46896 -0.00000
35.54025 -0.00007
35.56995 -0.00000
35.57307 -0.00000
35.58110 -0.00000
35.58450 -0.00000
35.58498 -0.00000
35.59023 -0.00000
35.59251 -0.00000
35.59285 -0.00000
35.59668 -0.00000
35.59760 -0.00000
35.59813 -0.00000
35.60111 -0.00001
35.64645 -0.00000
35.87614 -0.00035
35.98476 -0.00029
36.09203 -0.00000
36.12416 -0.00000
36.12900 -0.00000
36.14183 -0.00000
36.16286 -0.00000
36.16548 -0.00000
36.18792 -0.00000
36.23278 -0.00000
36.25648 -0.00086
36.25885 -0.00000
36.29128 -0.00000
36.30428 -0.00000
36.32944 -0.00000
36.38625 -0.00000
36.46681 -0.00003
36.49655 -0.00000
36.49992 -0.00000
36.50897 -0.00000
36.51516 -0.00000
36.51908 -0.00000
36.52082 -0.00000
36.52332 -0.00000
36.52586 -0.00000
36.52899 -0.00000
36.53864 -0.00000
36.54328 -0.00000
36.54557 -0.00000
36.54899 -0.00000
36.55691 -0.00000
36.57560 -0.00000
36.64767 -0.00000
36.66629 -0.00000
36.69577 -0.00000
36.70039 -0.00000
36.72219 -0.00000
36.74345 -0.00000
36.75201 -0.00000
36.78738 -0.00000
36.84147 -0.00000
36.86829 -0.00000
36.87511 -0.00000
36.88297 -0.00008
36.94329 -0.00000
36.96320 -0.00000
36.99437 -0.00000
37.08350 -0.00000
37.09068 -0.00000
37.09097 -0.00000
37.09529 -0.00000
37.09832 -0.00000
37.10322 -0.00000
37.10394 -0.00000
37.10605 -0.00000
37.11940 -0.00000
37.12043 -0.00000
37.12353 -0.00000
37.13029 -0.00000
37.13092 -0.00000
37.13398 -0.00000
37.13902 -0.00000
37.14288 -0.00000
37.14408 -0.00000
37.15396 -0.00000
37.16123 -0.00000
37.16251 -0.00000
37.19291 -0.00000
37.20936 -0.00000
37.28315 -0.00000
37.29925 -0.00000
37.32260 -0.00000
37.33881 -0.00000
37.53138 -0.00000
37.53342 -0.00000
37.62425 -0.00000
37.62894 -0.00000
37.64193 -0.00000
37.65427 -0.00000
37.66306 -0.00000
37.67340 -0.00000
37.68778 -0.00000
37.72203 -0.00000
37.73265 -0.00000
37.73581 -0.00000
37.75849 -0.00000
37.76724 -0.00000
37.78101 -0.00000
37.79110 -0.00000
37.83045 -0.00000
37.85793 -0.00000
37.87165 -0.00000
37.88371 -0.00000
37.99644 -0.00000
37.99989 -0.00000
38.00901 -0.00000
38.01521 -0.00000
38.01900 -0.00000
38.02084 -0.00000
38.02335 -0.00000
38.02581 -0.00000
38.02824 -0.00000
38.02899 -0.00000
38.03866 -0.00000
38.04102 -0.00000
38.04325 -0.00000
38.04567 -0.00000
38.04901 -0.00000
38.12464 -0.00000
38.19275 -0.00001
38.25141 -0.00000
38.25552 -0.00000
38.26337 -0.00000
38.31217 -0.00000
38.32414 -0.00000
38.34620 -0.00000
38.37777 -0.00000
38.41928 -0.00000
38.43122 -0.00000
38.46809 -0.00000
38.70087 -0.00000
38.78930 -0.00000
38.84185 -0.00000
38.86482 -0.00000
38.87709 -0.00000
38.89103 -0.00000
38.90702 -0.00000
38.95338 -0.00000
38.98103 -0.00000
38.98204 -0.00000
38.98954 -0.00000
39.01204 -0.00000
39.02036 -0.00000
39.05569 -0.00000
39.05619 -0.00000
39.09327 -0.00000
39.09500 -0.00000
39.09946 -0.00000
39.11412 -0.00000
39.12768 -0.00000
39.15178 -0.00000
39.15389 -0.00000
39.15745 -0.00000
39.16053 -0.00000
39.20160 -0.00000
39.22595 -0.00000
39.26594 -0.00001
39.26869 -0.00000
39.27792 -0.00000
39.28935 -0.00000
39.29074 -0.00000
39.29569 -0.00000
39.29661 -0.00000
39.31684 -0.00000
39.35886 -0.00000
39.37881 -0.00000
39.40244 -0.00000
39.41958 -0.00000
39.42997 -0.00000
39.44046 -0.00000
39.44181 -0.00000
39.44185 -0.00000
39.44607 -0.00000
39.46462 -0.00000
39.52783 -0.00000
39.52788 -0.00000
39.55527 -0.00000
39.55679 -0.00000
39.57281 -0.00000
39.64294 -0.00000
39.65173 -0.00000
39.66306 -0.00000
39.68680 -0.00000
39.71226 -0.00000
39.81883 -0.00000
39.83613 -0.00000
39.84940 -0.00000
39.90074 -0.00000
39.91574 -0.00000
39.94852 -0.00000
39.98910 -0.00000
40.00915 -0.00000
40.02657 -0.00000
40.04892 -0.00000
40.10983 -0.00000
40.11638 -0.00000
40.21669 -0.00000
40.35248 -0.00000
40.40662 -0.00000
40.42582 -0.00000
40.46978 -0.00000
40.49216 -0.00000
40.53493 -0.00000
40.56048 -0.00000
40.71584 -0.00000
40.74694 -0.00000
40.83662 -0.00000
40.89600 -0.00000
40.94037 -0.00000
40.95245 -0.00000
41.01240 -0.00000
41.02990 -0.00000
41.11969 -0.00000
41.17771 -0.00000
41.30823 -0.00000
41.31692 -0.00000
41.32718 -0.00000
41.37976 -0.00000
41.39193 -0.00000
41.45300 -0.00000
41.46719 -0.00000
41.50276 -0.00000
41.55903 -0.00000
41.90084 -0.00000
41.90506 -0.00000
41.94845 -0.00000
41.98323 -0.00000
42.03927 -0.00000
42.19352 -0.00000
42.20092 -0.00000
42.20843 -0.00002
42.32652 -0.00000
42.38442 -0.00000
42.43222 -0.00000
42.46549 -0.00000
42.49171 -0.00000
42.51827 -0.00000
42.59922 -0.00000
42.78206 -0.00000
42.82970 -0.00000
42.91536 -0.00000
42.99388 -0.00000
43.04356 -0.00000
43.08355 -0.00000
43.20715 -0.00000
43.27283 -0.00000
43.37450 -0.00000
43.88624 -0.00000
43.93144 -0.00000
43.97071 -0.00001
44.34161 -0.00000
44.82096 -0.00000
45.20881 -0.00001
45.37993 -0.00000
46.17570 -0.00000
46.27091 -0.00000
46.99366 -0.00001
51.09777 -0.00000
51.13227 -0.00000
51.21632 -0.00000
51.24989 -0.00000
51.33021 -0.00000
51.39870 -0.00000
51.50303 -0.00000
51.61440 -0.00000
51.61897 -0.00000
51.62822 -0.00000
51.63218 -0.00000
51.63309 -0.00000
51.63387 -0.00000
51.63639 -0.00000
51.63898 -0.00000
51.64185 -0.00000
51.64574 -0.00000
51.65126 -0.00000
51.65501 -0.00000
51.65606 -0.00000
51.65716 -0.00000
51.67273 -0.00000
51.67408 -0.00000
51.68476 -0.00000
51.68583 -0.00000
51.68875 -0.00000
51.69255 -0.00000
51.69379 -0.00000
51.69800 -0.00000
51.70875 -0.00000
51.71029 -0.00000
51.71296 -0.00000
51.71524 -0.00000
51.72906 -0.00000
51.73013 -0.00000
51.73117 -0.00000
51.73759 -0.00000
51.75605 -0.00000
51.77099 -0.00000
51.80995 -0.00000
51.81900 -0.00000
51.82803 -0.00000
51.83467 -0.00000
51.83663 -0.00000
51.83899 -0.00000
51.84418 -0.00000
51.84856 -0.00000
51.85252 -0.00000
51.85671 -0.00000
52.63513 -0.00000
52.70422 -0.00000
52.87241 -0.00000
53.01186 -0.00000
53.46071 -0.00000
53.49738 -0.00000
53.52951 -0.00000
53.53709 -0.00000
53.54771 -0.00000
53.56061 -0.00000
53.57697 -0.00000
53.64241 -0.00000
53.65449 -0.00000
53.95792 -0.00000
53.97091 -0.00000
54.01326 -0.00000
54.06440 -0.00000
54.08772 -0.00000
54.11738 -0.00000
54.20551 -0.00000
54.21304 -0.00000
54.22178 -0.00000
54.25405 -0.00000
54.33454 -0.00000
54.51548 -0.00000
54.52781 -0.00000
54.57575 -0.00000
54.66983 -0.00000
54.66985 -0.00000
54.70421 -0.00000
54.82537 -0.00000
54.94086 -0.00000
54.99818 -0.00000
55.07663 -0.00000
55.20180 -0.00000
55.20766 -0.00000
55.38211 -0.00000
55.45811 -0.00000
56.17479 -0.00000
56.25964 -0.00000
56.28205 -0.00000
56.29755 -0.00000
57.02848 -0.00000
57.07829 -0.00000
57.14627 -0.00000
57.30749 -0.00000
57.87519 -0.00000
57.88841 -0.00000
57.99826 -0.00000
59.53873 -0.00000
60.56004 -0.00001
