0.00000
0.00019
0.00040
0.00061
0.00083
0.00107
0.00131
0.00157
0.00184
0.00212
0.00242
0.00274
0.00307
0.00343
0.00380
0.00420
0.00462
0.00507
0.00555
0.00606
0.00661
0.00720
0.00784
0.00853
0.00929
0.01010
0.01099
0.01196
0.01305
0.01425
0.01560
0.01713
0.01888
0.02088
0.02322
0.02598
0.02928
0.03326
0.03810
0.04400
0.05125
0.06016
0.07105
0.08430
0.10028
0.11934
0.14179
0.16784
0.19761
0.23102
0.26783
0.30761
0.34966
0.39313
0.43695
0.47991
0.52081
0.55838
0.59162
0.61960
0.64179
0.65781
0.66776
0.67189
0.67071
0.66492
0.65539
0.64279
0.62788
0.61113
0.59291
0.57352
0.55315
0.53196
0.51013
0.48800
0.46594
0.44453
0.42440
0.40622
0.39071
0.37857
0.37042
0.36676
0.36795
0.37428
0.38574
0.40223
0.42357
0.44936
0.47900
0.51199
0.54759
0.58516
0.62401
0.66354
0.70318
0.74235
0.78063
0.81744
0.85239
0.88483
0.91421
0.93998
0.96161
0.97863
0.99075
0.99784
1.00000
0.99766
0.99143
0.98201
0.97036
0.95742
0.94407
0.93114
0.91917
0.90843
0.89907
0.89095
0.88357
0.87643
0.86877
0.86003
0.84952
0.83672
0.82117
0.80275
0.78138
0.75732
0.73091
0.70267
0.67321
0.64313
0.61315
0.58383
0.55570
0.52919
0.50457
0.48203
0.46164
0.44332
0.42693
0.41232
0.39925
0.38750
0.37688
0.36722
0.35844
0.35035
0.34297
0.33626
0.33021
0.32482
0.32005
0.31597
0.31251
0.30964
0.30732
0.30550
0.30408
0.30300
0.30213
0.30142
0.30074
0.30006
0.29934
0.29849
0.29754
0.29643
0.29522
0.29391
0.29253
0.29114
0.28977
0.28847
0.28726
0.28621
0.28531
0.28457
0.28401
0.28361
0.28336
0.28327
0.28330
0.28342
0.28367
0.28398
0.28435
0.28480
0.28530
0.28589
0.28649
0.28714
0.28784
0.28856
0.28934
0.29013
0.29095
0.29179
0.29265
0.29352
0.29440
0.29529
0.29618
0.29707
0.29796
0.29885
0.29973
0.30062
0.30150
0.30238
0.30326
0.30415
0.30504
0.30595
0.30686
0.30778
0.30871
0.30966
0.31062
0.31158
0.31256
0.31354
0.31453
0.31553
0.31654
0.31754
0.31855
0.31956
0.32058
0.32159
0.32260
0.32362
0.32463
0.32565
0.32667
0.32768
0.32870
0.32972
0.33075
0.33177
0.33280
0.33383
0.33486
0.33590
0.33694
0.33798
0.33902
0.34007
0.34112
0.34217
0.34322
0.34428
0.34533
0.34639
0.34745
0.34852
0.34958
0.35065
0.35171
0.35278
0.35385
0.35492
0.35599
0.35706
0.35813
0.35921
0.36028
0.36135
0.36243
0.36351
0.36458
0.36566
0.36674
0.36782
0.36890
0.36998
0.37106
0.37214
0.37322
0.37431
0.37539
0.37648
0.37756
0.37865
0.37974
0.38082
0.38191
0.38300
0.38409
0.38518
0.38628
0.38737
0.38846
0.38956
0.39065
0.39174
0.39284
0.39393
0.39503
