0.00000
0.00003
0.00006
0.00010
0.00013
0.00017
0.00020
0.00024
0.00028
0.00032
0.00037
0.00041
0.00046
0.00051
0.00056
0.00061
0.00067
0.00073
0.00079
0.00085
0.00092
0.00099
0.00107
0.00115
0.00124
0.00133
0.00143
0.00154
0.00166
0.00179
0.00193
0.00209
0.00226
0.00245
0.00267
0.00292
0.00323
0.00360
0.00406
0.00466
0.00544
0.00646
0.00781
0.00959
0.01194
0.01500
0.01892
0.02387
0.02999
0.03739
0.04613
0.05618
0.06744
0.07967
0.09259
0.10575
0.11868
0.13090
0.14193
0.15138
0.15901
0.16467
0.16840
0.17039
0.17088
0.17024
0.16875
0.16669
0.16421
0.16147
0.15846
0.15511
0.15136
0.14721
0.14270
0.13798
0.13326
0.12887
0.12513
0.12241
0.12109
0.12143
0.12374
0.12815
0.13478
0.14374
0.15511
0.16896
0.18541
0.20458
0.22679
0.25232
0.28157
0.31491
0.35265
0.39497
0.44183
0.49294
0.54761
0.60487
0.66338
0.72160
0.77778
0.83021
0.87725
0.91749
0.95002
0.97432
0.99032
0.99860
1.00000
0.99578
0.98732
0.97606
0.96335
0.95020
0.93741
0.92532
0.91389
0.90274
0.89123
0.87858
0.86389
0.84634
0.82529
0.80028
0.77126
0.73838
0.70206
0.66306
0.62229
0.58072
0.53936
0.49916
0.46098
0.42548
0.39311
0.36415
0.33869
0.31670
0.29795
0.28219
0.26907
0.25826
0.24940
0.24222
0.23641
0.23173
0.22803
0.22510
0.22281
0.22112
0.21990
0.21908
0.21864
0.21854
0.21868
0.21907
0.21965
0.22039
0.22127
0.22225
0.22331
0.22442
0.22550
0.22657
0.22757
0.22851
0.22936
0.23010
0.23075
0.23130
0.23178
0.23219
0.23254
0.23289
0.23323
0.23358
0.23395
0.23435
0.23478
0.23528
0.23584
0.23645
0.23712
0.23783
0.23858
0.23937
0.24020
0.24105
0.24195
0.24290
0.24386
0.24486
0.24588
0.24689
0.24795
0.24902
0.25010
0.25121
0.25235
0.25349
0.25462
0.25575
0.25687
0.25797
0.25905
0.26012
0.26118
0.26222
0.26325
0.26428
0.26529
0.26631
0.26733
0.26836
0.26940
0.27044
0.27149
0.27256
0.27363
0.27471
0.27580
0.27690
0.27801
0.27912
0.28024
0.28136
0.28248
0.28361
0.28474
0.28587
0.28700
0.28813
0.28926
0.29038
0.29151
0.29264
0.29376
0.29488
0.29600
0.29712
0.29824
0.29936
0.30048
0.30160
0.30271
0.30383
0.30495
0.30608
0.30720
0.30832
0.30945
0.31057
0.31170
0.31282
0.31395
0.31508
0.31621
0.31733
0.31846
0.31959
0.32072
0.32185
0.32298
0.32411
0.32524
0.32637
0.32750
0.32863
0.32977
0.33090
0.33203
0.33317
0.33430
0.33543
0.33657
0.33770
0.33883
0.33997
0.34110
0.34224
0.34337
0.34451
0.34564
0.34678
0.34791
0.34905
0.35018
0.35132
0.35246
0.35359
0.35473
0.35586
0.35700
0.35814
0.35927
0.36041
0.36154
0.36268
0.36382
