-5.00000 0.00009
-4.90000 0.00009
-4.80000 0.00009
-4.70000 0.00009
-4.60000 0.00010
-4.50000 0.00010
-4.40000 0.00011
-4.30000 0.00011
-4.20000 0.00011
-4.10000 0.00012
-4.00000 0.00012
-3.90000 0.00013
-3.80000 0.00013
-3.70000 0.00014
-3.60000 0.00015
-3.50000 0.00015
-3.40000 0.00016
-3.30000 0.00017
-3.20000 0.00018
-3.10000 0.00018
-3.00000 0.00019
-2.90000 0.00020
-2.80000 0.00022
-2.70000 0.00023
-2.60000 0.00024
-2.50000 0.00025
-2.40000 0.00027
-2.30000 0.00029
-2.20000 0.00031
-2.10000 0.00033
-2.00000 0.00035
-1.90000 0.00038
-1.80000 0.00041
-1.70000 0.00044
-1.60000 0.00048
-1.50000 0.00053
-1.40000 0.00059
-1.30000 0.00066
-1.20000 0.00075
-1.10000 0.00086
-1.00000 0.00102
-0.90000 0.00122
-0.80000 0.00149
-0.70000 0.00186
-0.60000 0.00235
-0.50000 0.00301
-0.40000 0.00386
-0.30000 0.00497
-0.20000 0.00637
-0.10000 0.00812
0.00000 0.01023
0.10000 0.01273
0.20000 0.01560
0.30000 0.01882
0.40000 0.02230
0.50000 0.02595
0.60000 0.02963
0.70000 0.03321
0.80000 0.03652
0.90000 0.03942
1.00000 0.04181
1.10000 0.04360
1.20000 0.04475
1.30000 0.04527
1.40000 0.04521
1.50000 0.04464
1.60000 0.04365
1.70000 0.04233
1.80000 0.04074
1.90000 0.03895
2.00000 0.03700
2.10000 0.03489
2.20000 0.03266
2.30000 0.03031
2.40000 0.02786
2.50000 0.02536
2.60000 0.02285
2.70000 0.02038
2.80000 0.01802
2.90000 0.01582
3.00000 0.01383
3.10000 0.01209
3.20000 0.01060
3.30000 0.00936
3.40000 0.00836
3.50000 0.00758
3.60000 0.00696
3.70000 0.00648
3.80000 0.00608
3.90000 0.00574
4.00000 0.00543
4.10000 0.00511
4.20000 0.00478
4.30000 0.00443
4.40000 0.00406
4.50000 0.00367
4.60000 0.00327
4.70000 0.00288
4.80000 0.00250
4.90000 0.00215
5.00000 0.00183
5.10000 0.00155
5.20000 0.00130
5.30000 0.00110
5.40000 0.00092
5.50000 0.00078
5.60000 0.00067
5.70000 0.00058
5.80000 0.00050
5.90000 0.00044
6.00000 0.00040
6.10000 0.00036
6.20000 0.00033
6.30000 0.00031
6.40000 0.00029
6.50000 0.00027
6.60000 0.00026
6.70000 0.00026
6.80000 0.00025
6.90000 0.00025
7.00000 0.00025
7.10000 0.00026
7.20000 0.00027
7.30000 0.00028
7.40000 0.00029
7.50000 0.00030
7.60000 0.00031
7.70000 0.00032
7.80000 0.00033
7.90000 0.00035
8.00000 0.00036
8.10000 0.00037
8.20000 0.00037
8.30000 0.00038
8.40000 0.00039
8.50000 0.00039
8.60000 0.00039
8.70000 0.00038
8.80000 0.00038
8.90000 0.00037
9.00000 0.00036
9.10000 0.00034
9.20000 0.00033
9.30000 0.00032
9.40000 0.00030
9.50000 0.00029
9.60000 0.00028
9.70000 0.00027
9.80000 0.00025
9.90000 0.00024
10.00000 0.00023
10.10000 0.00022
10.20000 0.00021
10.30000 0.00020
10.40000 0.00019
10.50000 0.00017
10.60000 0.00016
10.70000 0.00015
10.80000 0.00013
10.90000 0.00012
11.00000 0.00011
11.10000 0.00009
11.20000 0.00008
11.30000 0.00008
11.40000 0.00007
11.50000 0.00006
11.60000 0.00006
11.70000 0.00005
11.80000 0.00005
11.90000 0.00005
12.00000 0.00004
12.10000 0.00004
12.20000 0.00004
12.30000 0.00004
12.40000 0.00004
12.50000 0.00004
12.60000 0.00003
12.70000 0.00003
12.80000 0.00003
12.90000 0.00003
13.00000 0.00003
13.10000 0.00003
13.20000 0.00003
13.30000 0.00003
13.40000 0.00003
13.50000 0.00003
13.60000 0.00003
13.70000 0.00003
13.80000 0.00003
13.90000 0.00003
14.00000 0.00003
14.10000 0.00003
14.20000 0.00003
14.30000 0.00004
14.40000 0.00004
14.50000 0.00004
14.60000 0.00005
14.70000 0.00006
14.80000 0.00006
14.90000 0.00007
15.00000 0.00008
15.10000 0.00009
15.20000 0.00010
15.30000 0.00011
15.40000 0.00012
15.50000 0.00014
15.60000 0.00015
15.70000 0.00015
15.80000 0.00016
15.90000 0.00016
16.00000 0.00016
16.10000 0.00016
16.20000 0.00016
16.30000 0.00015
16.40000 0.00014
16.50000 0.00013
16.60000 0.00012
16.70000 0.00011
16.80000 0.00009
16.90000 0.00008
17.00000 0.00007
17.10000 0.00006
17.20000 0.00005
17.30000 0.00004
17.40000 0.00004
17.50000 0.00003
17.60000 0.00003
17.70000 0.00003
17.80000 0.00002
17.90000 0.00002
18.00000 0.00002
18.10000 0.00002
18.20000 0.00002
18.30000 0.00002
18.40000 0.00002
18.50000 0.00002
18.60000 0.00002
18.70000 0.00002
18.80000 0.00002
18.90000 0.00002
19.00000 0.00002
19.10000 0.00002
19.20000 0.00002
19.30000 0.00002
19.40000 0.00002
19.50000 0.00003
19.60000 0.00003
19.70000 0.00003
19.80000 0.00003
19.90000 0.00004
20.00000 0.00004
20.10000 0.00004
20.20000 0.00004
20.30000 0.00004
20.40000 0.00004
20.50000 0.00004
20.60000 0.00004
20.70000 0.00004
20.80000 0.00003
20.90000 0.00003
21.00000 0.00003
21.10000 0.00002
21.20000 0.00002
21.30000 0.00002
21.40000 0.00002
21.50000 0.00001
21.60000 0.00001
21.70000 0.00001
21.80000 0.00001
21.90000 0.00001
22.00000 0.00001
22.10000 0.00001
22.20000 0.00001
22.30000 0.00000
22.40000 0.00000
22.50000 0.00000
22.60000 0.00000
22.70000 0.00000
22.80000 0.00000
22.90000 0.00000
23.00000 0.00000
23.10000 0.00000
23.20000 0.00000
23.30000 0.00000
23.40000 0.00000
23.50000 0.00000
23.60000 0.00000
23.70000 0.00000
23.80000 0.00000
23.90000 0.00000
24.00000 0.00000
24.10000 0.00000
24.20000 0.00000
24.30000 0.00000
24.40000 0.00000
24.50000 0.00000
24.60000 0.00000
24.70000 0.00000
24.80000 0.00000
24.90000 0.00000
25.00000 0.00000
