-20.00000 -0.00798
-19.95000 -0.00801
-19.90000 -0.00805
-19.85000 -0.00810
-19.80000 -0.00814
-19.75000 -0.00818
-19.70000 -0.00822
-19.65000 -0.00826
-19.60000 -0.00830
-19.55000 -0.00834
-19.50000 -0.00839
-19.45000 -0.00843
-19.40000 -0.00847
-19.35000 -0.00852
-19.30000 -0.00856
-19.25000 -0.00861
-19.20000 -0.00865
-19.15000 -0.00870
-19.10000 -0.00874
-19.05000 -0.00879
-19.00000 -0.00884
-18.95000 -0.00888
-18.90000 -0.00893
-18.85000 -0.00898
-18.80000 -0.00903
-18.75000 -0.00908
-18.70000 -0.00913
-18.65000 -0.00917
-18.60000 -0.00923
-18.55000 -0.00928
-18.50000 -0.00933
-18.45000 -0.00938
-18.40000 -0.00943
-18.35000 -0.00948
-18.30000 -0.00954
-18.25000 -0.00959
-18.20000 -0.00964
-18.15000 -0.00970
-18.10000 -0.00975
-18.05000 -0.00981
-18.00000 -0.00986
-17.95000 -0.00992
-17.90000 -0.00998
-17.85000 -0.01004
-17.80000 -0.01009
-17.75000 -0.01015
-17.70000 -0.01021
-17.65000 -0.01027
-17.60000 -0.01033
-17.55000 -0.01039
-17.50000 -0.01045
-17.45000 -0.01052
-17.40000 -0.01058
-17.35000 -0.01064
-17.30000 -0.01071
-17.25000 -0.01077
-17.20000 -0.01084
-17.15000 -0.01090
-17.10000 -0.01097
-17.05000 -0.01104
-17.00000 -0.01110
-16.95000 -0.01117
-16.90000 -0.01124
-16.85000 -0.01131
-16.80000 -0.01138
-16.75000 -0.01145
-16.70000 -0.01153
-16.65000 -0.01160
-16.60000 -0.01167
-16.55000 -0.01175
-16.50000 -0.01182
-16.45000 -0.01190
-16.40000 -0.01198
-16.35000 -0.01205
-16.30000 -0.01213
-16.25000 -0.01221
-16.20000 -0.01229
-16.15000 -0.01237
-16.10000 -0.01246
-16.05000 -0.01254
-16.00000 -0.01262
-15.95000 -0.01271
-15.90000 -0.01279
-15.85000 -0.01288
-15.80000 -0.01297
-15.75000 -0.01306
-15.70000 -0.01315
-15.65000 -0.01324
-15.60000 -0.01333
-15.55000 -0.01343
-15.50000 -0.01352
-15.45000 -0.01362
-15.40000 -0.01372
-15.35000 -0.01381
-15.30000 -0.01391
-15.25000 -0.01402
-15.20000 -0.01412
-15.15000 -0.01422
-15.10000 -0.01433
-15.05000 -0.01443
-15.00000 -0.01454
-14.95000 -0.01465
-14.90000 -0.01476
-14.85000 -0.01488
-14.80000 -0.01499
-14.75000 -0.01511
-14.70000 -0.01522
-14.65000 -0.01534
-14.60000 -0.01546
-14.55000 -0.01558
-14.50000 -0.01571
-14.45000 -0.01583
-14.40000 -0.01596
-14.35000 -0.01609
-14.30000 -0.01622
-14.25000 -0.01635
-14.20000 -0.01648
-14.15000 -0.01662
-14.10000 -0.01676
-14.05000 -0.01689
-14.00000 -0.01704
-13.95000 -0.01718
-13.90000 -0.01732
-13.85000 -0.01747
-13.80000 -0.01761
-13.75000 -0.01776
-13.70000 -0.01792
-13.65000 -0.01807
-13.60000 -0.01822
-13.55000 -0.01838
-13.50000 -0.01854
-13.45000 -0.01870
-13.40000 -0.01886
-13.35000 -0.01903
-13.30000 -0.01920
-13.25000 -0.01936
-13.20000 -0.01954
-13.15000 -0.01971
-13.10000 -0.01988
-13.05000 -0.02006
-13.00000 -0.02024
-12.95000 -0.02042
-12.90000 -0.02061
-12.85000 -0.02080
-12.80000 -0.02099
-12.75000 -0.02118
-12.70000 -0.02137
-12.65000 -0.02157
-12.60000 -0.02177
-12.55000 -0.02197
-12.50000 -0.02218
-12.45000 -0.02239
-12.40000 -0.02260
-12.35000 -0.02281
-12.30000 -0.02303
-12.25000 -0.02325
-12.20000 -0.02348
-12.15000 -0.02370
-12.10000 -0.02393
-12.05000 -0.02417
-12.00000 -0.02441
-11.95000 -0.02465
-11.90000 -0.02489
-11.85000 -0.02514
-11.80000 -0.02540
-11.75000 -0.02565
-11.70000 -0.02592
-11.65000 -0.02618
-11.60000 -0.02645
-11.55000 -0.02673
-11.50000 -0.02700
-11.45000 -0.02729
-11.40000 -0.02757
-11.35000 -0.02787
-11.30000 -0.02816
-11.25000 -0.02847
-11.20000 -0.02877
-11.15000 -0.02908
-11.10000 -0.02940
-11.05000 -0.02972
-11.00000 -0.03005
-10.95000 -0.03038
-10.90000 -0.03072
-10.85000 -0.03106
-10.80000 -0.03141
-10.75000 -0.03176
-10.70000 -0.03212
-10.65000 -0.03248
-10.60000 -0.03285
-10.55000 -0.03323
-10.50000 -0.03361
-10.45000 -0.03399
-10.40000 -0.03438
-10.35000 -0.03478
-10.30000 -0.03518
-10.25000 -0.03559
-10.20000 -0.03600
-10.15000 -0.03642
-10.10000 -0.03684
-10.05000 -0.03727
-10.00000 -0.03770
-9.95000 -0.03813
-9.90000 -0.03858
-9.85000 -0.03902
-9.80000 -0.03947
-9.75000 -0.03993
-9.70000 -0.04039
-9.65000 -0.04085
-9.60000 -0.04131
-9.55000 -0.04178
-9.50000 -0.04226
-9.45000 -0.04273
-9.40000 -0.04321
-9.35000 -0.04369
-9.30000 -0.04417
-9.25000 -0.04466
-9.20000 -0.04514
-9.15000 -0.04563
-9.10000 -0.04612
-9.05000 -0.04660
-9.00000 -0.04709
-8.95000 -0.04758
-8.90000 -0.04806
-8.85000 -0.04855
-8.80000 -0.04903
-8.75000 -0.04951
-8.70000 -0.04998
-8.65000 -0.05046
-8.60000 -0.05093
-8.55000 -0.05140
-8.50000 -0.05186
-8.45000 -0.05232
-8.40000 -0.05277
-8.35000 -0.05322
-8.30000 -0.05366
-8.25000 -0.05410
-8.20000 -0.05453
-8.15000 -0.05496
-8.10000 -0.05538
-8.05000 -0.05579
-8.00000 -0.05620
-7.95000 -0.05660
-7.90000 -0.05700
-7.85000 -0.05739
-7.80000 -0.05777
-7.75000 -0.05815
-7.70000 -0.05852
-7.65000 -0.05889
-7.60000 -0.05925
-7.55000 -0.05961
-7.50000 -0.05997
-7.45000 -0.06032
-7.40000 -0.06068
-7.35000 -0.06103
-7.30000 -0.06137
-7.25000 -0.06172
-7.20000 -0.06207
-7.15000 -0.06242
-7.10000 -0.06277
-7.05000 -0.06312
-7.00000 -0.06348
-6.95000 -0.06384
-6.90000 -0.06421
-6.85000 -0.06458
-6.80000 -0.06496
-6.75000 -0.06534
-6.70000 -0.06573
-6.65000 -0.06614
-6.60000 -0.06655
-6.55000 -0.06697
-6.50000 -0.06740
-6.45000 -0.06784
-6.40000 -0.06830
-6.35000 -0.06876
-6.30000 -0.06925
-6.25000 -0.06974
-6.20000 -0.07025
-6.15000 -0.07077
-6.10000 -0.07131
-6.05000 -0.07186
-6.00000 -0.07244
-5.95000 -0.07302
-5.90000 -0.07362
-5.85000 -0.07424
-5.80000 -0.07488
-5.75000 -0.07554
-5.70000 -0.07621
-5.65000 -0.07690
-5.60000 -0.07761
-5.55000 -0.07834
-5.50000 -0.07908
-5.45000 -0.07985
-5.40000 -0.08063
-5.35000 -0.08143
-5.30000 -0.08226
-5.25000 -0.08310
-5.20000 -0.08396
-5.15000 -0.08484
-5.10000 -0.08574
-5.05000 -0.08666
-5.00000 -0.08761
-4.95000 -0.08857
-4.90000 -0.08955
-4.85000 -0.09056
-4.80000 -0.09159
-4.75000 -0.09264
-4.70000 -0.09371
-4.65000 -0.09480
-4.60000 -0.09592
-4.55000 -0.09706
-4.50000 -0.09823
-4.45000 -0.09942
-4.40000 -0.10063
-4.35000 -0.10187
-4.30000 -0.10314
-4.25000 -0.10443
-4.20000 -0.10575
-4.15000 -0.10709
-4.10000 -0.10847
-4.05000 -0.10987
-4.00000 -0.11130
-3.95000 -0.11276
-3.90000 -0.11425
-3.85000 -0.11577
-3.80000 -0.11733
-3.75000 -0.11891
-3.70000 -0.12053
-3.65000 -0.12218
-3.60000 -0.12386
-3.55000 -0.12558
-3.50000 -0.12733
-3.45000 -0.12912
-3.40000 -0.13094
-3.35000 -0.13280
-3.30000 -0.13470
-3.25000 -0.13663
-3.20000 -0.13860
-3.15000 -0.14060
-3.10000 -0.14265
-3.05000 -0.14473
-3.00000 -0.14685
-2.95000 -0.14901
-2.90000 -0.15120
-2.85000 -0.15344
-2.80000 -0.15571
-2.75000 -0.15803
-2.70000 -0.16038
-2.65000 -0.16277
-2.60000 -0.16520
-2.55000 -0.16767
-2.50000 -0.17017
-2.45000 -0.17272
-2.40000 -0.17530
-2.35000 -0.17792
-2.30000 -0.18057
-2.25000 -0.18326
-2.20000 -0.18599
-2.15000 -0.18875
-2.10000 -0.19154
-2.05000 -0.19437
-2.00000 -0.19722
-1.95000 -0.20011
-1.90000 -0.20303
-1.85000 -0.20597
-1.80000 -0.20895
-1.75000 -0.21195
-1.70000 -0.21497
-1.65000 -0.21801
-1.60000 -0.22108
-1.55000 -0.22416
-1.50000 -0.22727
-1.45000 -0.23038
-1.40000 -0.23352
-1.35000 -0.23666
-1.30000 -0.23981
-1.25000 -0.24298
-1.20000 -0.24614
-1.15000 -0.24932
-1.10000 -0.25249
-1.05000 -0.25567
-1.00000 -0.25884
-0.95000 -0.26201
-0.90000 -0.26517
-0.85000 -0.26832
-0.80000 -0.27147
-0.75000 -0.27460
-0.70000 -0.27771
-0.65000 -0.28081
-0.60000 -0.28389
-0.55000 -0.28695
-0.50000 -0.28999
-0.45000 -0.29300
-0.40000 -0.29598
-0.35000 -0.29893
-0.30000 -0.30185
-0.25000 -0.30474
-0.20000 -0.30759
-0.15000 -0.31040
-0.10000 -0.31317
-0.05000 -0.31589
0.00000 -0.31857
0.05000 -0.32120
0.10000 -0.32378
0.15000 -0.32630
0.20000 -0.32877
0.25000 -0.33118
0.30000 -0.33353
0.35000 -0.33582
0.40000 -0.33804
0.45000 -0.34019
0.50000 -0.34227
0.55000 -0.34428
0.60000 -0.34621
0.65000 -0.34807
0.70000 -0.34985
0.75000 -0.35155
0.80000 -0.35316
0.85000 -0.35469
0.90000 -0.35614
0.95000 -0.35750
1.00000 -0.35877
1.05000 -0.35995
1.10000 -0.36105
1.15000 -0.36206
1.20000 -0.36298
1.25000 -0.36381
1.30000 -0.36455
1.35000 -0.36521
1.40000 -0.36579
1.45000 -0.36628
1.50000 -0.36668
1.55000 -0.36701
1.60000 -0.36726
1.65000 -0.36744
1.70000 -0.36754
1.75000 -0.36757
1.80000 -0.36753
1.85000 -0.36743
1.90000 -0.36727
1.95000 -0.36704
2.00000 -0.36677
2.05000 -0.36644
2.10000 -0.36606
2.15000 -0.36563
2.20000 -0.36516
2.25000 -0.36465
2.30000 -0.36409
2.35000 -0.36351
2.40000 -0.36288
2.45000 -0.36223
2.50000 -0.36154
2.55000 -0.36083
2.60000 -0.36008
2.65000 -0.35931
2.70000 -0.35851
2.75000 -0.35769
2.80000 -0.35684
2.85000 -0.35596
2.90000 -0.35505
2.95000 -0.35411
3.00000 -0.35315
3.05000 -0.35215
3.10000 -0.35112
3.15000 -0.35006
3.20000 -0.34896
3.25000 -0.34782
3.30000 -0.34664
3.35000 -0.34542
3.40000 -0.34415
3.45000 -0.34283
3.50000 -0.34146
3.55000 -0.34004
3.60000 -0.33857
3.65000 -0.33704
3.70000 -0.33544
3.75000 -0.33379
3.80000 -0.33207
3.85000 -0.33029
3.90000 -0.32844
3.95000 -0.32652
4.00000 -0.32453
4.05000 -0.32248
4.10000 -0.32035
4.15000 -0.31816
4.20000 -0.31589
4.25000 -0.31356
4.30000 -0.31115
4.35000 -0.30868
4.40000 -0.30615
4.45000 -0.30355
4.50000 -0.30089
4.55000 -0.29816
4.60000 -0.29539
4.65000 -0.29255
4.70000 -0.28966
4.75000 -0.28673
4.80000 -0.28375
4.85000 -0.28073
4.90000 -0.27767
4.95000 -0.27457
5.00000 -0.27144
5.05000 -0.26829
5.10000 -0.26511
5.15000 -0.26192
5.20000 -0.25870
5.25000 -0.25548
5.30000 -0.25225
5.35000 -0.24901
5.40000 -0.24577
5.45000 -0.24254
5.50000 -0.23932
5.55000 -0.23610
5.60000 -0.23290
5.65000 -0.22971
5.70000 -0.22654
5.75000 -0.22340
5.80000 -0.22028
5.85000 -0.21719
5.90000 -0.21413
5.95000 -0.21110
6.00000 -0.20811
6.05000 -0.20515
6.10000 -0.20223
6.15000 -0.19935
6.20000 -0.19651
6.25000 -0.19372
6.30000 -0.19096
6.35000 -0.18825
6.40000 -0.18559
6.45000 -0.18297
6.50000 -0.18040
6.55000 -0.17787
6.60000 -0.17540
6.65000 -0.17297
6.70000 -0.17058
6.75000 -0.16825
6.80000 -0.16596
6.85000 -0.16372
6.90000 -0.16153
6.95000 -0.15938
7.00000 -0.15728
7.05000 -0.15523
7.10000 -0.15322
7.15000 -0.15125
7.20000 -0.14933
7.25000 -0.14746
7.30000 -0.14562
7.35000 -0.14383
7.40000 -0.14208
7.45000 -0.14037
7.50000 -0.13870
7.55000 -0.13707
7.60000 -0.13548
7.65000 -0.13392
7.70000 -0.13240
7.75000 -0.13092
7.80000 -0.12947
7.85000 -0.12806
7.90000 -0.12668
7.95000 -0.12533
8.00000 -0.12402
8.05000 -0.12273
8.10000 -0.12147
8.15000 -0.12025
8.20000 -0.11905
8.25000 -0.11787
8.30000 -0.11673
8.35000 -0.11561
8.40000 -0.11451
8.45000 -0.11344
8.50000 -0.11239
8.55000 -0.11137
8.60000 -0.11036
8.65000 -0.10938
8.70000 -0.10841
8.75000 -0.10747
8.80000 -0.10654
8.85000 -0.10563
8.90000 -0.10474
8.95000 -0.10387
9.00000 -0.10301
9.05000 -0.10217
9.10000 -0.10134
9.15000 -0.10052
9.20000 -0.09972
9.25000 -0.09893
9.30000 -0.09815
9.35000 -0.09738
9.40000 -0.09663
9.45000 -0.09588
9.50000 -0.09515
9.55000 -0.09442
9.60000 -0.09370
9.65000 -0.09299
9.70000 -0.09229
9.75000 -0.09160
9.80000 -0.09091
9.85000 -0.09023
9.90000 -0.08955
9.95000 -0.08888
10.00000 -0.08822
10.05000 -0.08756
10.10000 -0.08691
10.15000 -0.08626
10.20000 -0.08562
10.25000 -0.08498
10.30000 -0.08434
10.35000 -0.08371
10.40000 -0.08308
10.45000 -0.08246
10.50000 -0.08183
10.55000 -0.08122
10.60000 -0.08060
10.65000 -0.07999
10.70000 -0.07938
10.75000 -0.07877
10.80000 -0.07817
10.85000 -0.07757
10.90000 -0.07697
10.95000 -0.07637
11.00000 -0.07578
11.05000 -0.07519
11.10000 -0.07460
11.15000 -0.07401
11.20000 -0.07343
11.25000 -0.07285
11.30000 -0.07227
11.35000 -0.07169
11.40000 -0.07111
11.45000 -0.07054
11.50000 -0.06997
11.55000 -0.06940
11.60000 -0.06883
11.65000 -0.06826
11.70000 -0.06770
11.75000 -0.06714
11.80000 -0.06658
11.85000 -0.06602
11.90000 -0.06546
11.95000 -0.06490
12.00000 -0.06435
12.05000 -0.06380
12.10000 -0.06324
12.15000 -0.06269
12.20000 -0.06215
12.25000 -0.06160
12.30000 -0.06105
12.35000 -0.06051
12.40000 -0.05996
12.45000 -0.05942
12.50000 -0.05888
12.55000 -0.05834
12.60000 -0.05780
12.65000 -0.05726
12.70000 -0.05673
12.75000 -0.05619
12.80000 -0.05566
12.85000 -0.05513
12.90000 -0.05459
12.95000 -0.05407
13.00000 -0.05354
13.05000 -0.05301
13.10000 -0.05249
13.15000 -0.05196
13.20000 -0.05144
13.25000 -0.05092
13.30000 -0.05041
13.35000 -0.04989
13.40000 -0.04938
13.45000 -0.04887
13.50000 -0.04836
13.55000 -0.04786
13.60000 -0.04736
13.65000 -0.04686
13.70000 -0.04636
13.75000 -0.04587
13.80000 -0.04538
13.85000 -0.04490
13.90000 -0.04441
13.95000 -0.04393
14.00000 -0.04346
14.05000 -0.04299
14.10000 -0.04252
14.15000 -0.04206
14.20000 -0.04160
14.25000 -0.04114
14.30000 -0.04069
14.35000 -0.04024
14.40000 -0.03980
14.45000 -0.03936
14.50000 -0.03893
14.55000 -0.03850
14.60000 -0.03808
14.65000 -0.03766
14.70000 -0.03725
14.75000 -0.03684
14.80000 -0.03643
14.85000 -0.03603
14.90000 -0.03564
14.95000 -0.03525
15.00000 -0.03486
15.05000 -0.03448
15.10000 -0.03411
15.15000 -0.03374
15.20000 -0.03337
15.25000 -0.03301
15.30000 -0.03266
15.35000 -0.03231
15.40000 -0.03196
15.45000 -0.03162
15.50000 -0.03129
15.55000 -0.03096
15.60000 -0.03063
15.65000 -0.03031
15.70000 -0.02999
15.75000 -0.02968
15.80000 -0.02937
15.85000 -0.02907
15.90000 -0.02877
15.95000 -0.02848
16.00000 -0.02819
16.05000 -0.02790
16.10000 -0.02762
16.15000 -0.02735
16.20000 -0.02707
16.25000 -0.02680
16.30000 -0.02654
16.35000 -0.02628
16.40000 -0.02602
16.45000 -0.02577
16.50000 -0.02552
16.55000 -0.02527
16.60000 -0.02503
16.65000 -0.02479
16.70000 -0.02456
16.75000 -0.02433
16.80000 -0.02410
16.85000 -0.02388
16.90000 -0.02366
16.95000 -0.02344
17.00000 -0.02322
17.05000 -0.02301
17.10000 -0.02280
17.15000 -0.02260
17.20000 -0.02240
17.25000 -0.02220
17.30000 -0.02200
17.35000 -0.02181
17.40000 -0.02162
17.45000 -0.02143
17.50000 -0.02124
17.55000 -0.02106
17.60000 -0.02088
17.65000 -0.02070
17.70000 -0.02053
17.75000 -0.02036
17.80000 -0.02019
17.85000 -0.02002
17.90000 -0.01985
17.95000 -0.01969
18.00000 -0.01953
18.05000 -0.01937
18.10000 -0.01922
18.15000 -0.01906
18.20000 -0.01891
18.25000 -0.01876
18.30000 -0.01861
18.35000 -0.01847
18.40000 -0.01832
18.45000 -0.01818
18.50000 -0.01804
18.55000 -0.01790
18.60000 -0.01776
18.65000 -0.01763
18.70000 -0.01750
18.75000 -0.01737
18.80000 -0.01724
18.85000 -0.01711
18.90000 -0.01698
18.95000 -0.01686
19.00000 -0.01673
19.05000 -0.01661
19.10000 -0.01649
19.15000 -0.01637
19.20000 -0.01626
19.25000 -0.01614
19.30000 -0.01603
19.35000 -0.01591
19.40000 -0.01580
19.45000 -0.01569
19.50000 -0.01558
19.55000 -0.01548
19.60000 -0.01537
19.65000 -0.01526
19.70000 -0.01516
19.75000 -0.01506
19.80000 -0.01496
19.85000 -0.01486
19.90000 -0.01476
19.95000 -0.01466
20.00000 -0.01456
