-5.00000 0.00223
-4.90000 0.00231
-4.80000 0.00239
-4.70000 0.00248
-4.60000 0.00258
-4.50000 0.00267
-4.40000 0.00278
-4.30000 0.00289
-4.20000 0.00300
-4.10000 0.00312
-4.00000 0.00325
-3.90000 0.00339
-3.80000 0.00353
-3.70000 0.00369
-3.60000 0.00385
-3.50000 0.00403
-3.40000 0.00422
-3.30000 0.00442
-3.20000 0.00463
-3.10000 0.00487
-3.00000 0.00512
-2.90000 0.00539
-2.80000 0.00568
-2.70000 0.00600
-2.60000 0.00636
-2.50000 0.00674
-2.40000 0.00717
-2.30000 0.00764
-2.20000 0.00817
-2.10000 0.00876
-2.00000 0.00943
-1.90000 0.01021
-1.80000 0.01110
-1.70000 0.01217
-1.60000 0.01344
-1.50000 0.01498
-1.40000 0.01690
-1.30000 0.01930
-1.20000 0.02234
-1.10000 0.02622
-1.00000 0.03118
-0.90000 0.03752
-0.80000 0.04557
-0.70000 0.05570
-0.60000 0.06827
-0.50000 0.08363
-0.40000 0.10206
-0.30000 0.12372
-0.20000 0.14859
-0.10000 0.17645
0.00000 0.20684
0.10000 0.23904
0.20000 0.27211
0.30000 0.30493
0.40000 0.33630
0.50000 0.36503
0.60000 0.39006
0.70000 0.41056
0.80000 0.42604
0.90000 0.43635
1.00000 0.44172
1.10000 0.44267
1.20000 0.43994
1.30000 0.43435
1.40000 0.42671
1.50000 0.41768
1.60000 0.40773
1.70000 0.39710
1.80000 0.38586
1.90000 0.37394
2.00000 0.36126
2.10000 0.34778
2.20000 0.33361
2.30000 0.31901
2.40000 0.30444
2.50000 0.29047
2.60000 0.27778
2.70000 0.26702
2.80000 0.25875
2.90000 0.25337
3.00000 0.25104
3.10000 0.25166
3.20000 0.25484
3.30000 0.25995
3.40000 0.26614
3.50000 0.27244
3.60000 0.27780
3.70000 0.28126
3.80000 0.28199
3.90000 0.27939
4.00000 0.27317
4.10000 0.26334
4.20000 0.25025
4.30000 0.23449
4.40000 0.21685
4.50000 0.19823
4.60000 0.17952
4.70000 0.16154
4.80000 0.14495
4.90000 0.13020
5.00000 0.11755
5.10000 0.10702
5.20000 0.09848
5.30000 0.09167
5.40000 0.08624
5.50000 0.08181
5.60000 0.07801
5.70000 0.07454
5.80000 0.07116
5.90000 0.06772
6.00000 0.06417
6.10000 0.06050
6.20000 0.05680
6.30000 0.05318
6.40000 0.04977
6.50000 0.04672
6.60000 0.04414
6.70000 0.04214
6.80000 0.04081
6.90000 0.04020
7.00000 0.04033
7.10000 0.04122
7.20000 0.04284
7.30000 0.04515
7.40000 0.04810
7.50000 0.05163
7.60000 0.05565
7.70000 0.06005
7.80000 0.06472
7.90000 0.06951
8.00000 0.07429
8.10000 0.07887
8.20000 0.08310
8.30000 0.08680
8.40000 0.08983
8.50000 0.09204
8.60000 0.09335
8.70000 0.09368
8.80000 0.09302
8.90000 0.09139
9.00000 0.08885
9.10000 0.08553
9.20000 0.08156
9.30000 0.07711
9.40000 0.07234
9.50000 0.06744
9.60000 0.06259
9.70000 0.05792
9.80000 0.05359
9.90000 0.04968
10.00000 0.04628
10.10000 0.04344
10.20000 0.04117
10.30000 0.03947
10.40000 0.03832
10.50000 0.03767
10.60000 0.03746
10.70000 0.03763
10.80000 0.03809
10.90000 0.03875
11.00000 0.03951
11.10000 0.04027
11.20000 0.04095
11.30000 0.04144
11.40000 0.04167
11.50000 0.04159
11.60000 0.04116
11.70000 0.04035
11.80000 0.03917
11.90000 0.03766
12.00000 0.03586
12.10000 0.03381
12.20000 0.03160
12.30000 0.02928
12.40000 0.02692
12.50000 0.02458
12.60000 0.02230
12.70000 0.02014
12.80000 0.01811
12.90000 0.01625
13.00000 0.01456
13.10000 0.01305
13.20000 0.01173
13.30000 0.01057
13.40000 0.00958
13.50000 0.00874
13.60000 0.00804
13.70000 0.00747
13.80000 0.00701
13.90000 0.00664
14.00000 0.00636
14.10000 0.00615
14.20000 0.00601
14.30000 0.00591
14.40000 0.00585
14.50000 0.00582
14.60000 0.00582
14.70000 0.00582
14.80000 0.00583
14.90000 0.00583
15.00000 0.00581
15.10000 0.00577
15.20000 0.00570
15.30000 0.00559
15.40000 0.00544
15.50000 0.00525
15.60000 0.00503
15.70000 0.00478
15.80000 0.00450
15.90000 0.00421
16.00000 0.00390
16.10000 0.00360
16.20000 0.00330
16.30000 0.00302
16.40000 0.00275
16.50000 0.00250
16.60000 0.00228
16.70000 0.00208
16.80000 0.00190
16.90000 0.00174
17.00000 0.00161
17.10000 0.00149
17.20000 0.00138
17.30000 0.00129
17.40000 0.00121
17.50000 0.00114
17.60000 0.00108
17.70000 0.00102
17.80000 0.00097
17.90000 0.00093
18.00000 0.00089
18.10000 0.00085
18.20000 0.00081
18.30000 0.00078
18.40000 0.00074
18.50000 0.00072
18.60000 0.00069
18.70000 0.00066
18.80000 0.00064
18.90000 0.00061
19.00000 0.00059
19.10000 0.00057
19.20000 0.00055
19.30000 0.00053
19.40000 0.00051
19.50000 0.00049
19.60000 0.00047
19.70000 0.00046
19.80000 0.00044
19.90000 0.00042
20.00000 0.00041
20.10000 0.00039
20.20000 0.00038
20.30000 0.00037
20.40000 0.00035
20.50000 0.00034
20.60000 0.00033
20.70000 0.00032
20.80000 0.00030
20.90000 0.00029
21.00000 0.00028
21.10000 0.00027
21.20000 0.00026
21.30000 0.00025
21.40000 0.00024
21.50000 0.00023
21.60000 0.00022
21.70000 0.00021
21.80000 0.00020
21.90000 0.00019
22.00000 0.00019
22.10000 0.00018
22.20000 0.00017
22.30000 0.00016
22.40000 0.00015
22.50000 0.00015
22.60000 0.00014
22.70000 0.00013
22.80000 0.00012
22.90000 0.00012
23.00000 0.00011
23.10000 0.00010
23.20000 0.00010
23.30000 0.00009
23.40000 0.00008
23.50000 0.00008
23.60000 0.00007
23.70000 0.00007
23.80000 0.00006
23.90000 0.00006
24.00000 0.00005
24.10000 0.00004
24.20000 0.00004
24.30000 0.00003
24.40000 0.00003
24.50000 0.00002
24.60000 0.00002
24.70000 0.00001
24.80000 0.00001
24.90000 0.00000
25.00000 0.00000
