-5.00000 0.00140
-4.90000 0.00144
-4.80000 0.00148
-4.70000 0.00152
-4.60000 0.00157
-4.50000 0.00161
-4.40000 0.00166
-4.30000 0.00171
-4.20000 0.00176
-4.10000 0.00181
-4.00000 0.00187
-3.90000 0.00192
-3.80000 0.00198
-3.70000 0.00203
-3.60000 0.00209
-3.50000 0.00216
-3.40000 0.00222
-3.30000 0.00229
-3.20000 0.00235
-3.10000 0.00243
-3.00000 0.00250
-2.90000 0.00257
-2.80000 0.00265
-2.70000 0.00273
-2.60000 0.00281
-2.50000 0.00290
-2.40000 0.00299
-2.30000 0.00308
-2.20000 0.00318
-2.10000 0.00328
-2.00000 0.00338
-1.90000 0.00349
-1.80000 0.00360
-1.70000 0.00372
-1.60000 0.00384
-1.50000 0.00396
-1.40000 0.00409
-1.30000 0.00423
-1.20000 0.00437
-1.10000 0.00452
-1.00000 0.00468
-0.90000 0.00484
-0.80000 0.00501
-0.70000 0.00518
-0.60000 0.00537
-0.50000 0.00556
-0.40000 0.00577
-0.30000 0.00598
-0.20000 0.00621
-0.10000 0.00644
0.00000 0.00669
0.10000 0.00695
0.20000 0.00723
0.30000 0.00752
0.40000 0.00783
0.50000 0.00816
0.60000 0.00851
0.70000 0.00887
0.80000 0.00927
0.90000 0.00968
1.00000 0.01013
1.10000 0.01060
1.20000 0.01111
1.30000 0.01166
1.40000 0.01225
1.50000 0.01288
1.60000 0.01356
1.70000 0.01430
1.80000 0.01511
1.90000 0.01599
2.00000 0.01695
2.10000 0.01801
2.20000 0.01919
2.30000 0.02050
2.40000 0.02196
2.50000 0.02361
2.60000 0.02550
2.70000 0.02766
2.80000 0.03017
2.90000 0.03310
3.00000 0.03658
3.10000 0.04072
3.20000 0.04569
3.30000 0.05170
3.40000 0.05899
3.50000 0.06785
3.60000 0.07861
3.70000 0.09165
3.80000 0.10737
3.90000 0.12620
4.00000 0.14854
4.10000 0.17478
4.20000 0.20523
4.30000 0.24010
4.40000 0.27943
4.50000 0.32308
4.60000 0.37071
4.70000 0.42169
4.80000 0.47518
4.90000 0.53011
5.00000 0.58520
5.10000 0.63906
5.20000 0.69023
5.30000 0.73732
5.40000 0.77906
5.50000 0.81443
5.60000 0.84272
5.70000 0.86360
5.80000 0.87711
5.90000 0.88370
6.00000 0.88412
6.10000 0.87941
6.20000 0.87074
6.30000 0.85935
6.40000 0.84640
6.50000 0.83289
6.60000 0.81958
6.70000 0.80692
6.80000 0.79506
6.90000 0.78384
7.00000 0.77284
7.10000 0.76146
7.20000 0.74897
7.30000 0.73462
7.40000 0.71770
7.50000 0.69764
7.60000 0.67406
7.70000 0.64678
7.80000 0.61587
7.90000 0.58162
8.00000 0.54453
8.10000 0.50526
8.20000 0.46458
8.30000 0.42332
8.40000 0.38231
8.50000 0.34231
8.60000 0.30402
8.70000 0.26800
8.80000 0.23466
8.90000 0.20429
9.00000 0.17703
9.10000 0.15288
9.20000 0.13177
9.30000 0.11351
9.40000 0.09787
9.50000 0.08460
9.60000 0.07340
9.70000 0.06401
9.80000 0.05615
9.90000 0.04958
10.00000 0.04409
10.10000 0.03948
10.20000 0.03560
10.30000 0.03231
10.40000 0.02951
10.50000 0.02709
10.60000 0.02500
10.70000 0.02317
10.80000 0.02156
10.90000 0.02013
11.00000 0.01886
11.10000 0.01771
11.20000 0.01667
11.30000 0.01573
11.40000 0.01486
11.50000 0.01407
11.60000 0.01335
11.70000 0.01268
11.80000 0.01206
11.90000 0.01148
12.00000 0.01094
12.10000 0.01044
12.20000 0.00998
12.30000 0.00954
12.40000 0.00913
12.50000 0.00875
12.60000 0.00839
12.70000 0.00804
12.80000 0.00772
12.90000 0.00742
13.00000 0.00713
13.10000 0.00686
13.20000 0.00660
13.30000 0.00636
13.40000 0.00612
13.50000 0.00590
13.60000 0.00569
13.70000 0.00549
13.80000 0.00530
13.90000 0.00512
14.00000 0.00494
14.10000 0.00478
14.20000 0.00462
14.30000 0.00447
14.40000 0.00432
14.50000 0.00418
14.60000 0.00404
14.70000 0.00392
14.80000 0.00379
14.90000 0.00367
15.00000 0.00356
15.10000 0.00345
15.20000 0.00334
15.30000 0.00324
15.40000 0.00314
15.50000 0.00305
15.60000 0.00296
15.70000 0.00287
15.80000 0.00278
15.90000 0.00270
16.00000 0.00262
16.10000 0.00254
16.20000 0.00247
16.30000 0.00240
16.40000 0.00233
16.50000 0.00226
16.60000 0.00220
16.70000 0.00213
16.80000 0.00207
16.90000 0.00201
17.00000 0.00195
17.10000 0.00190
17.20000 0.00184
17.30000 0.00179
17.40000 0.00174
17.50000 0.00169
17.60000 0.00164
17.70000 0.00160
17.80000 0.00155
17.90000 0.00151
18.00000 0.00146
18.10000 0.00142
18.20000 0.00138
18.30000 0.00134
18.40000 0.00130
18.50000 0.00126
18.60000 0.00123
18.70000 0.00119
18.80000 0.00116
18.90000 0.00112
19.00000 0.00109
19.10000 0.00106
19.20000 0.00103
19.30000 0.00100
19.40000 0.00097
19.50000 0.00094
19.60000 0.00091
19.70000 0.00088
19.80000 0.00085
19.90000 0.00083
20.00000 0.00080
20.10000 0.00077
20.20000 0.00075
20.30000 0.00073
20.40000 0.00070
20.50000 0.00068
20.60000 0.00066
20.70000 0.00063
20.80000 0.00061
20.90000 0.00059
21.00000 0.00057
21.10000 0.00055
21.20000 0.00053
21.30000 0.00051
21.40000 0.00049
21.50000 0.00047
21.60000 0.00045
21.70000 0.00044
21.80000 0.00042
21.90000 0.00040
22.00000 0.00038
22.10000 0.00037
22.20000 0.00035
22.30000 0.00034
22.40000 0.00032
22.50000 0.00030
22.60000 0.00029
22.70000 0.00027
22.80000 0.00026
22.90000 0.00025
23.00000 0.00023
23.10000 0.00022
23.20000 0.00021
23.30000 0.00019
23.40000 0.00018
23.50000 0.00017
23.60000 0.00015
23.70000 0.00014
23.80000 0.00013
23.90000 0.00012
24.00000 0.00011
24.10000 0.00009
24.20000 0.00008
24.30000 0.00007
24.40000 0.00006
24.50000 0.00005
24.60000 0.00004
24.70000 0.00003
24.80000 0.00002
24.90000 0.00001
25.00000 0.00000
