519.09998 0.00251
519.19995 0.00255
519.29999 0.00260
519.39996 0.00265
519.50000 0.00269
519.59998 0.00274
519.69995 0.00279
519.79999 0.00284
519.89996 0.00290
520.00000 0.00295
520.09998 0.00301
520.19995 0.00306
520.29999 0.00312
520.39996 0.00318
520.50000 0.00324
520.59998 0.00331
520.69995 0.00337
520.79999 0.00344
520.89996 0.00351
521.00000 0.00358
521.09998 0.00365
521.19995 0.00372
521.29999 0.00380
521.39996 0.00388
521.50000 0.00396
521.59998 0.00405
521.69995 0.00413
521.79999 0.00422
521.89996 0.00432
522.00000 0.00441
522.09998 0.00451
522.19995 0.00461
522.29999 0.00472
522.39996 0.00483
522.50000 0.00494
522.59998 0.00506
522.69995 0.00518
522.79999 0.00530
522.89996 0.00543
523.00000 0.00557
523.09998 0.00571
523.19995 0.00585
523.29999 0.00600
523.39996 0.00616
523.50000 0.00632
523.59998 0.00649
523.69995 0.00667
523.79999 0.00685
523.89996 0.00704
524.00000 0.00725
524.09998 0.00746
524.19995 0.00768
524.29999 0.00791
524.39996 0.00815
524.50000 0.00840
524.59998 0.00866
524.69995 0.00894
524.79999 0.00924
524.89996 0.00955
525.00000 0.00988
525.09998 0.01022
525.19995 0.01059
525.29999 0.01098
525.39996 0.01139
525.50000 0.01183
525.59998 0.01230
525.69995 0.01280
525.79999 0.01333
525.89996 0.01391
526.00000 0.01453
526.09998 0.01520
526.19995 0.01593
526.29999 0.01672
526.39996 0.01758
526.50000 0.01853
526.59998 0.01958
526.69995 0.02074
526.79999 0.02204
526.89996 0.02350
527.00000 0.02516
527.09998 0.02707
527.19995 0.02930
527.29999 0.03196
527.39996 0.03518
527.50000 0.03921
527.59998 0.04440
527.69995 0.05132
527.79999 0.06082
527.89996 0.07413
528.00000 0.09295
528.09998 0.11937
528.19995 0.15573
528.29999 0.20422
528.39996 0.26604
528.50000 0.34082
528.59998 0.42555
528.69995 0.51451
528.79999 0.59951
528.89996 0.67087
529.00000 0.71964
529.09998 0.73931
529.19995 0.72767
529.29999 0.68724
529.39996 0.62484
529.50000 0.54986
529.59998 0.47247
529.69995 0.40158
529.79999 0.34385
529.89996 0.30345
530.00000 0.28220
530.09998 0.28046
530.19995 0.29756
530.29999 0.33233
530.39996 0.38281
530.50000 0.44624
530.59998 0.51839
530.69995 0.59375
530.79999 0.66568
530.89996 0.72714
531.00000 0.77210
531.09998 0.79652
531.19995 0.79943
531.29999 0.78315
531.39996 0.75280
531.50000 0.71511
531.59998 0.67708
531.69995 0.64439
531.79999 0.62051
531.89996 0.60636
532.00000 0.60053
532.09998 0.60008
532.19995 0.60165
532.29999 0.60240
532.39996 0.60088
532.50000 0.59736
532.59998 0.59381
532.69995 0.59337
532.79999 0.59973
532.89996 0.61618
533.00000 0.64496
533.09998 0.68653
533.19995 0.73933
533.29999 0.79970
533.39996 0.86205
533.50000 0.91977
533.59998 0.96580
533.69995 0.99402
533.79999 1.00000
533.89996 0.98181
534.00000 0.94026
534.09998 0.87873
534.19995 0.80239
534.29999 0.71726
534.39996 0.62946
534.50000 0.54407
534.59998 0.46503
534.69995 0.39464
534.79999 0.33388
534.89996 0.28277
535.00000 0.24049
535.09998 0.20596
535.19995 0.17790
535.29999 0.15513
535.39996 0.13663
535.50000 0.12152
535.59998 0.10913
535.69995 0.09891
535.79999 0.09045
535.89996 0.08344
536.00000 0.07760
536.09998 0.07274
536.19995 0.06866
536.29999 0.06521
536.39996 0.06224
536.50000 0.05963
536.59998 0.05727
536.69995 0.05507
536.79999 0.05295
536.89996 0.05088
537.00000 0.04883
537.09998 0.04680
537.19995 0.04481
537.29999 0.04286
537.39996 0.04100
537.50000 0.03923
537.59998 0.03758
537.69995 0.03604
537.79999 0.03464
537.89996 0.03336
538.00000 0.03221
538.09998 0.03120
538.19995 0.03031
538.29999 0.02955
538.39996 0.02892
538.50000 0.02842
538.59998 0.02804
538.69995 0.02777
538.79999 0.02758
538.89996 0.02747
539.00000 0.02739
539.09998 0.02733
539.19995 0.02724
539.29999 0.02709
539.39996 0.02688
539.50000 0.02657
539.59998 0.02617
539.69995 0.02567
539.79999 0.02509
539.89996 0.02445
540.00000 0.02377
540.09998 0.02308
540.19995 0.02241
540.29999 0.02177
540.39996 0.02119
540.50000 0.02068
540.59998 0.02026
540.69995 0.01993
540.79999 0.01970
540.89996 0.01956
541.00000 0.01951
541.09998 0.01955
541.19995 0.01967
541.29999 0.01987
541.39996 0.02013
541.50000 0.02044
541.59998 0.02078
541.69995 0.02114
541.79999 0.02150
541.89996 0.02183
542.00000 0.02211
542.09998 0.02234
542.19995 0.02250
542.29999 0.02258
542.39996 0.02258
542.50000 0.02251
542.59998 0.02238
542.69995 0.02219
542.79999 0.02195
542.89996 0.02168
543.00000 0.02137
543.09998 0.02102
543.19995 0.02065
543.29999 0.02024
543.39996 0.01981
543.50000 0.01933
543.59998 0.01884
543.69995 0.01831
543.79999 0.01778
543.89996 0.01724
544.00000 0.01671
544.09998 0.01619
544.19995 0.01571
544.29999 0.01525
544.39996 0.01484
544.50000 0.01448
544.59998 0.01416
544.69995 0.01388
544.79999 0.01365
544.89996 0.01346
545.00000 0.01331
545.09998 0.01320
545.19995 0.01312
545.29999 0.01308
545.39996 0.01307
545.50000 0.01309
545.59998 0.01314
545.69995 0.01322
545.79999 0.01333
545.89996 0.01346
546.00000 0.01361
546.09998 0.01378
546.19995 0.01396
546.29999 0.01414
546.39996 0.01431
546.50000 0.01447
546.59998 0.01461
546.69995 0.01473
546.79999 0.01482
546.89996 0.01488
547.00000 0.01491
547.09998 0.01491
547.19995 0.01487
547.29999 0.01480
547.39996 0.01470
547.50000 0.01457
547.59998 0.01443
547.69995 0.01426
547.79999 0.01408
547.89996 0.01389
548.00000 0.01369
548.09998 0.01348
548.19995 0.01328
548.29999 0.01307
548.39996 0.01287
548.50000 0.01267
548.59998 0.01247
548.69995 0.01228
548.79999 0.01209
548.89996 0.01191
549.00000 0.01173
549.09998 0.01155
549.19995 0.01138
549.29999 0.01120
549.39996 0.01101
549.50000 0.01083
549.59998 0.01064
549.69995 0.01045
549.79999 0.01026
549.89996 0.01008
550.00000 0.00989
550.09998 0.00971
550.19995 0.00953
550.29999 0.00936
550.39996 0.00920
550.50000 0.00905
550.59998 0.00890
550.69995 0.00876
550.79999 0.00862
550.89996 0.00850
551.00000 0.00837
551.09998 0.00825
551.19995 0.00814
551.29999 0.00802
551.39996 0.00791
551.50000 0.00781
551.59998 0.00770
551.69995 0.00760
551.79999 0.00750
551.89996 0.00741
552.00000 0.00732
552.09998 0.00723
552.19995 0.00715
552.29999 0.00707
552.39996 0.00700
552.50000 0.00694
552.59998 0.00688
552.69995 0.00682
552.79999 0.00677
552.89996 0.00672
553.00000 0.00668
553.09998 0.00664
553.19995 0.00661
553.29999 0.00658
553.39996 0.00655
553.50000 0.00652
553.59998 0.00650
553.69995 0.00649
553.79999 0.00647
553.89996 0.00646
554.00000 0.00645
554.09998 0.00644
554.19995 0.00644
554.29999 0.00643
554.39996 0.00643
554.50000 0.00643
554.59998 0.00644
554.69995 0.00644
554.79999 0.00645
554.89996 0.00645
555.00000 0.00646
555.09998 0.00647
555.19995 0.00648
555.29999 0.00648
555.39996 0.00649
555.50000 0.00650
555.59998 0.00651
555.69995 0.00651
555.79999 0.00651
555.89996 0.00652
556.00000 0.00652
556.09998 0.00651
556.19995 0.00651
556.29999 0.00650
556.39996 0.00650
556.50000 0.00649
556.59998 0.00648
556.69995 0.00648
556.79999 0.00647
556.89996 0.00646
557.00000 0.00646
557.09998 0.00646
557.19995 0.00647
557.29999 0.00648
557.39996 0.00649
557.50000 0.00650
557.59998 0.00652
557.69995 0.00654
557.79999 0.00656
557.89996 0.00658
558.00000 0.00661
558.09998 0.00663
558.19995 0.00666
558.29999 0.00668
558.39996 0.00670
558.50000 0.00672
558.59998 0.00674
558.69995 0.00675
558.79999 0.00676
558.89996 0.00676
559.00000 0.00675
559.09998 0.00674
559.19995 0.00673
559.29999 0.00671
559.39996 0.00668
559.50000 0.00664
559.59998 0.00660
559.69995 0.00656
559.79999 0.00651
559.89996 0.00645
560.00000 0.00640
560.09998 0.00634
560.19995 0.00627
560.29999 0.00621
560.39996 0.00615
560.50000 0.00609
560.59998 0.00604
560.69995 0.00598
560.79999 0.00593
560.89996 0.00589
561.00000 0.00585
561.09998 0.00581
561.19995 0.00579
561.29999 0.00576
561.39996 0.00574
561.50000 0.00573
561.59998 0.00572
561.69995 0.00571
561.79999 0.00571
561.89996 0.00571
562.00000 0.00571
562.09998 0.00571
562.19995 0.00571
562.29999 0.00572
562.39996 0.00572
562.50000 0.00572
562.59998 0.00572
562.69995 0.00571
562.79999 0.00571
562.89996 0.00570
563.00000 0.00569
563.09998 0.00567
563.19995 0.00566
563.29999 0.00564
563.39996 0.00562
563.50000 0.00560
563.59998 0.00558
563.69995 0.00555
563.79999 0.00552
563.89996 0.00549
564.00000 0.00546
564.09998 0.00543
564.19995 0.00540
564.29999 0.00537
564.39996 0.00534
564.50000 0.00530
564.59998 0.00527
564.69995 0.00524
564.79999 0.00521
564.89996 0.00518
565.00000 0.00515
565.09998 0.00512
565.19995 0.00509
565.29999 0.00506
565.39996 0.00504
565.50000 0.00501
565.59998 0.00499
565.69995 0.00497
565.79999 0.00495
565.89996 0.00492
566.00000 0.00490
566.09998 0.00488
566.19995 0.00486
566.29999 0.00484
566.39996 0.00481
566.50000 0.00479
566.59998 0.00477
566.69995 0.00474
566.79999 0.00472
566.89996 0.00469
567.00000 0.00466
567.09998 0.00463
567.19995 0.00460
567.29999 0.00457
567.39996 0.00454
567.50000 0.00450
567.59998 0.00447
567.69995 0.00443
567.79999 0.00440
567.89996 0.00436
568.00000 0.00432
568.09998 0.00428
568.19995 0.00424
568.29999 0.00420
568.39996 0.00416
568.50000 0.00412
568.59998 0.00408
568.69995 0.00404
568.79999 0.00400
568.89996 0.00397
569.00000 0.00393
569.09998 0.00389
569.19995 0.00386
569.29999 0.00383
569.39996 0.00380
569.50000 0.00377
569.59998 0.00375
569.69995 0.00372
569.79999 0.00370
569.89996 0.00368
570.00000 0.00366
570.09998 0.00365
570.19995 0.00364
570.29999 0.00363
570.39996 0.00362
570.50000 0.00361
570.59998 0.00361
570.69995 0.00361
570.79999 0.00361
570.89996 0.00362
571.00000 0.00362
571.09998 0.00363
571.19995 0.00365
571.29999 0.00366
571.39996 0.00367
571.50000 0.00369
571.59998 0.00371
571.69995 0.00373
571.79999 0.00375
571.89996 0.00378
572.00000 0.00380
572.09998 0.00383
572.19995 0.00385
572.29999 0.00388
572.39996 0.00391
572.50000 0.00394
572.59998 0.00396
572.69995 0.00399
572.79999 0.00402
572.89996 0.00404
573.00000 0.00407
573.09998 0.00409
573.19995 0.00411
573.29999 0.00413
573.39996 0.00415
573.50000 0.00416
573.59998 0.00418
573.69995 0.00419
573.79999 0.00420
573.89996 0.00420
574.00000 0.00421
574.09998 0.00421
574.19995 0.00421
574.29999 0.00421
574.39996 0.00420
574.50000 0.00419
574.59998 0.00418
574.69995 0.00417
574.79999 0.00416
574.89996 0.00415
575.00000 0.00414
575.09998 0.00412
575.19995 0.00411
575.29999 0.00409
575.39996 0.00407
575.50000 0.00406
575.59998 0.00404
575.69995 0.00402
575.79999 0.00401
575.89996 0.00399
576.00000 0.00398
576.09998 0.00396
576.19995 0.00395
576.29999 0.00393
576.39996 0.00392
576.50000 0.00391
576.59998 0.00390
576.69995 0.00389
576.79999 0.00388
576.89996 0.00387
577.00000 0.00387
577.09998 0.00386
577.19995 0.00385
577.29999 0.00385
577.39996 0.00384
577.50000 0.00384
577.59998 0.00383
577.69995 0.00383
577.79999 0.00383
577.89996 0.00382
578.00000 0.00382
578.09998 0.00381
578.19995 0.00381
578.29999 0.00380
578.39996 0.00380
578.50000 0.00379
578.59998 0.00378
578.69995 0.00377
578.79999 0.00376
578.89996 0.00375
579.00000 0.00374
579.09998 0.00372
579.19995 0.00371
579.29999 0.00369
579.39996 0.00367
579.50000 0.00365
579.59998 0.00363
579.69995 0.00361
579.79999 0.00359
579.89996 0.00356
580.00000 0.00354
580.09998 0.00351
580.19995 0.00348
580.29999 0.00346
580.39996 0.00343
580.50000 0.00340
580.59998 0.00337
580.69995 0.00333
580.79999 0.00330
580.89996 0.00327
581.00000 0.00324
581.09998 0.00320
581.19995 0.00317
581.29999 0.00314
581.39996 0.00310
581.50000 0.00307
581.59998 0.00303
581.69995 0.00300
581.79999 0.00297
581.89996 0.00293
582.00000 0.00290
582.09998 0.00287
582.19995 0.00284
582.29999 0.00280
582.39996 0.00277
582.50000 0.00274
582.59998 0.00271
582.69995 0.00268
582.79999 0.00265
582.89996 0.00262
583.00000 0.00259
583.09998 0.00256
583.19995 0.00253
583.29999 0.00250
583.39996 0.00247
583.50000 0.00245
583.59998 0.00242
583.69995 0.00239
583.79999 0.00236
583.89996 0.00233
584.00000 0.00231
584.09998 0.00228
584.19995 0.00225
584.29999 0.00222
584.39996 0.00219
584.50000 0.00216
584.59998 0.00213
584.69995 0.00210
584.79999 0.00208
584.89996 0.00205
585.00000 0.00202
585.09998 0.00199
585.19995 0.00196
585.29999 0.00193
585.39996 0.00190
585.50000 0.00187
585.59998 0.00184
585.69995 0.00181
585.79999 0.00179
585.89996 0.00176
586.00000 0.00173
586.09998 0.00170
586.19995 0.00168
586.29999 0.00165
586.39996 0.00163
586.50000 0.00160
586.59998 0.00158
586.69995 0.00155
586.79999 0.00153
586.89996 0.00151
587.00000 0.00149
587.09998 0.00147
587.19995 0.00145
587.29999 0.00143
587.39996 0.00141
587.50000 0.00139
587.59998 0.00137
587.69995 0.00136
587.79999 0.00134
587.89996 0.00133
588.00000 0.00131
588.09998 0.00130
588.19995 0.00129
588.29999 0.00127
588.39996 0.00126
588.50000 0.00125
588.59998 0.00124
588.69995 0.00123
588.79999 0.00122
588.89996 0.00121
589.00000 0.00121
589.09998 0.00120
589.19995 0.00119
589.29999 0.00118
589.39996 0.00118
589.50000 0.00117
589.59998 0.00116
589.69995 0.00116
589.79999 0.00115
589.89996 0.00114
590.00000 0.00114
590.09998 0.00113
590.19995 0.00112
590.29999 0.00112
590.39996 0.00111
590.50000 0.00110
590.59998 0.00109
590.69995 0.00109
590.79999 0.00108
590.89996 0.00107
591.00000 0.00106
591.09998 0.00105
591.19995 0.00104
591.29999 0.00103
591.39996 0.00101
591.50000 0.00100
591.59998 0.00099
591.69995 0.00097
591.79999 0.00096
591.89996 0.00095
592.00000 0.00093
592.09998 0.00092
592.19995 0.00090
592.29999 0.00088
592.39996 0.00087
592.50000 0.00085
592.59998 0.00083
592.69995 0.00082
592.79999 0.00080
592.89996 0.00078
593.00000 0.00076
593.09998 0.00075
593.19995 0.00073
593.29999 0.00071
593.39996 0.00069
593.50000 0.00068
593.59998 0.00066
593.69995 0.00064
593.79999 0.00062
593.89996 0.00061
594.00000 0.00059
594.09998 0.00058
594.19995 0.00056
594.29999 0.00054
594.39996 0.00053
594.50000 0.00051
594.59998 0.00050
594.69995 0.00048
594.79999 0.00047
594.89996 0.00046
595.00000 0.00044
595.09998 0.00043
595.19995 0.00042
595.29999 0.00040
595.39996 0.00039
595.50000 0.00038
595.59998 0.00037
595.69995 0.00036
595.79999 0.00034
595.89996 0.00033
596.00000 0.00032
596.09998 0.00031
596.19995 0.00030
596.29999 0.00029
596.39996 0.00028
596.50000 0.00027
596.59998 0.00026
596.69995 0.00025
596.79999 0.00025
596.89996 0.00024
597.00000 0.00023
597.09998 0.00022
597.19995 0.00021
597.29999 0.00020
597.39996 0.00020
597.50000 0.00019
597.59998 0.00018
597.69995 0.00017
597.79999 0.00017
597.89996 0.00016
598.00000 0.00015
598.09998 0.00015
598.19995 0.00014
598.29999 0.00014
598.39996 0.00013
598.50000 0.00012
598.59998 0.00012
598.69995 0.00011
598.79999 0.00011
598.89996 0.00010
599.00000 0.00010
599.09998 0.00009
599.19995 0.00009
599.29999 0.00008
599.39996 0.00008
599.50000 0.00007
599.59998 0.00007
599.69995 0.00006
599.79999 0.00006
599.89996 0.00005
600.00000 0.00005
600.09998 0.00004
600.19995 0.00004
600.29999 0.00004
600.39996 0.00003
600.50000 0.00003
600.59998 0.00002
600.69995 0.00002
600.79999 0.00002
600.89996 0.00001
601.00000 0.00001
601.09998 0.00001
601.19995 0.00000
601.29999 0.00000
