519.09998 0.00140 0.00034 0.00174
519.23260 0.00143 0.00035 0.00177
519.36517 0.00146 0.00035 0.00181
519.49780 0.00149 0.00036 0.00185
519.63043 0.00152 0.00037 0.00189
519.76300 0.00156 0.00038 0.00193
519.89563 0.00159 0.00038 0.00198
520.02826 0.00163 0.00039 0.00202
520.16083 0.00167 0.00040 0.00207
520.29346 0.00171 0.00041 0.00212
520.42603 0.00175 0.00042 0.00217
520.55865 0.00179 0.00043 0.00222
520.69128 0.00184 0.00044 0.00227
520.82385 0.00188 0.00045 0.00233
520.95648 0.00193 0.00046 0.00239
521.08911 0.00198 0.00047 0.00245
521.22168 0.00203 0.00048 0.00251
521.35431 0.00209 0.00049 0.00258
521.48694 0.00214 0.00050 0.00265
521.61951 0.00220 0.00051 0.00272
521.75214 0.00227 0.00053 0.00279
521.88477 0.00233 0.00054 0.00287
522.01733 0.00240 0.00055 0.00295
522.14996 0.00247 0.00057 0.00304
522.28253 0.00255 0.00058 0.00313
522.41516 0.00263 0.00060 0.00322
522.54779 0.00271 0.00061 0.00332
522.68036 0.00280 0.00063 0.00343
522.81299 0.00289 0.00065 0.00354
522.94562 0.00299 0.00066 0.00365
523.07819 0.00309 0.00068 0.00378
523.21082 0.00320 0.00070 0.00391
523.34344 0.00332 0.00072 0.00404
523.47601 0.00344 0.00074 0.00419
523.60864 0.00358 0.00077 0.00434
523.74127 0.00371 0.00079 0.00450
523.87384 0.00386 0.00081 0.00468
524.00647 0.00402 0.00084 0.00486
524.13904 0.00419 0.00087 0.00506
524.27167 0.00438 0.00090 0.00527
524.40430 0.00457 0.00093 0.00550
524.53687 0.00479 0.00096 0.00574
524.66949 0.00502 0.00099 0.00601
524.80212 0.00526 0.00102 0.00629
524.93469 0.00553 0.00106 0.00660
525.06732 0.00583 0.00110 0.00693
525.19995 0.00615 0.00114 0.00729
525.33252 0.00650 0.00119 0.00769
525.46515 0.00689 0.00123 0.00812
525.59778 0.00732 0.00128 0.00860
525.73035 0.00780 0.00133 0.00913
525.86298 0.00833 0.00139 0.00972
525.99561 0.00893 0.00145 0.01038
526.12817 0.00961 0.00152 0.01112
526.26080 0.01037 0.00158 0.01196
526.39337 0.01125 0.00166 0.01291
526.52600 0.01227 0.00174 0.01401
526.65863 0.01346 0.00182 0.01528
526.79120 0.01486 0.00192 0.01678
526.92383 0.01653 0.00202 0.01855
527.05646 0.01856 0.00213 0.02069
527.18903 0.02106 0.00225 0.02331
527.32166 0.02422 0.00238 0.02660
527.45428 0.02833 0.00252 0.03085
527.58685 0.03389 0.00268 0.03656
527.71948 0.04180 0.00285 0.04465
527.85211 0.05381 0.00305 0.05685
527.98468 0.07320 0.00326 0.07646
528.11731 0.10587 0.00351 0.10938
528.24988 0.16089 0.00378 0.16467
528.38251 0.24952 0.00410 0.25362
528.51514 0.38027 0.00446 0.38472
528.64771 0.55033 0.00487 0.55520
528.78033 0.73775 0.00536 0.74311
528.91296 0.90108 0.00594 0.90702
529.04553 0.99337 0.00663 1.00000
529.17816 0.98461 0.00748 0.99209
529.31079 0.87798 0.00855 0.88652
529.44336 0.70830 0.00992 0.71822
529.57599 0.52294 0.01176 0.53469
529.70862 0.36052 0.01436 0.37488
529.84119 0.23945 0.01829 0.25774
529.97382 0.15967 0.02459 0.18426
530.10645 0.11175 0.03512 0.14687
530.23901 0.08474 0.05261 0.13735
530.37164 0.07022 0.08028 0.15051
530.50421 0.06306 0.12022 0.18328
530.63684 0.06058 0.17093 0.23151
530.76947 0.06167 0.22512 0.28679
530.90204 0.06618 0.27039 0.33657
531.03467 0.07467 0.29373 0.36840
531.16730 0.08827 0.28788 0.37616
531.29987 0.10861 0.25546 0.36407
531.43250 0.13740 0.20754 0.34494
531.56512 0.17554 0.15798 0.33352
531.69769 0.22187 0.11746 0.33933
531.83032 0.27212 0.09060 0.36272
531.96295 0.31871 0.07692 0.39563
532.09552 0.35265 0.07324 0.42589
532.22815 0.36684 0.07592 0.44276
532.36072 0.35915 0.08222 0.44138
532.49335 0.33372 0.09072 0.42443
532.62598 0.29926 0.10117 0.40043
532.75854 0.26569 0.11409 0.37979
532.89117 0.24059 0.13026 0.37085
533.02380 0.22740 0.15017 0.37757
533.15637 0.22517 0.17352 0.39868
533.28900 0.22960 0.19857 0.42817
533.42163 0.23479 0.22162 0.45641
533.55420 0.23513 0.23751 0.47264
533.68683 0.22705 0.24127 0.46832
533.81946 0.20993 0.23040 0.44033
533.95203 0.18593 0.20624 0.39216
534.08466 0.15872 0.17351 0.33224
534.21729 0.13209 0.13835 0.27044
534.34985 0.10874 0.10597 0.21471
534.48248 0.08996 0.07931 0.16927
534.61505 0.07589 0.05912 0.13501
534.74768 0.06599 0.04460 0.11059
534.88031 0.05946 0.03446 0.09392
535.01288 0.05554 0.02739 0.08293
535.14551 0.05360 0.02238 0.07598
535.27814 0.05311 0.01875 0.07186
535.41071 0.05366 0.01605 0.06971
535.54333 0.05492 0.01399 0.06891
535.67596 0.05658 0.01239 0.06898
535.80853 0.05841 0.01114 0.06955
535.94116 0.06019 0.01016 0.07035
536.07373 0.06178 0.00938 0.07117
536.20636 0.06311 0.00879 0.07190
536.33899 0.06414 0.00834 0.07248
536.47156 0.06487 0.00804 0.07290
536.60419 0.06534 0.00786 0.07320
536.73682 0.06561 0.00783 0.07344
536.86938 0.06582 0.00794 0.07376
537.00201 0.06617 0.00822 0.07439
537.13464 0.06689 0.00870 0.07559
537.26721 0.06823 0.00941 0.07764
537.39984 0.07034 0.01041 0.08075
537.53247 0.07322 0.01171 0.08493
537.66504 0.07664 0.01334 0.08998
537.79767 0.08015 0.01526 0.09540
537.93030 0.08310 0.01734 0.10044
538.06287 0.08478 0.01937 0.10416
538.19550 0.08461 0.02110 0.10571
538.32806 0.08227 0.02223 0.10450
538.46069 0.07782 0.02255 0.10036
538.59332 0.07166 0.02197 0.09364
538.72589 0.06445 0.02059 0.08504
538.85852 0.05686 0.01862 0.07548
538.99115 0.04949 0.01634 0.06583
539.12372 0.04274 0.01403 0.05677
539.25635 0.03684 0.01188 0.04871
539.38898 0.03182 0.01000 0.04182
539.52155 0.02765 0.00843 0.03607
539.65417 0.02420 0.00715 0.03135
539.78680 0.02137 0.00612 0.02749
539.91937 0.01904 0.00530 0.02434
540.05200 0.01712 0.00464 0.02176
540.18457 0.01551 0.00411 0.01962
540.31720 0.01417 0.00367 0.01784
540.44983 0.01303 0.00330 0.01634
540.58240 0.01207 0.00300 0.01507
540.71503 0.01124 0.00274 0.01398
540.84766 0.01053 0.00252 0.01305
540.98022 0.00991 0.00233 0.01224
541.11285 0.00938 0.00216 0.01154
541.24548 0.00891 0.00202 0.01093
541.37805 0.00851 0.00189 0.01040
541.51068 0.00816 0.00177 0.00993
541.64331 0.00785 0.00167 0.00952
541.77588 0.00758 0.00158 0.00916
541.90851 0.00735 0.00149 0.00884
542.04114 0.00715 0.00142 0.00857
542.17371 0.00699 0.00135 0.00833
542.30634 0.00685 0.00128 0.00813
542.43890 0.00673 0.00122 0.00795
542.57153 0.00664 0.00117 0.00781
542.70416 0.00657 0.00112 0.00769
542.83673 0.00653 0.00107 0.00760
542.96936 0.00651 0.00103 0.00754
543.10199 0.00651 0.00099 0.00749
543.23456 0.00653 0.00095 0.00748
543.36719 0.00657 0.00092 0.00749
543.49982 0.00664 0.00088 0.00752
543.63239 0.00673 0.00085 0.00758
543.76501 0.00685 0.00082 0.00767
543.89764 0.00700 0.00079 0.00779
544.03021 0.00717 0.00077 0.00794
544.16284 0.00738 0.00074 0.00813
544.29541 0.00763 0.00072 0.00835
544.42804 0.00791 0.00070 0.00861
544.56067 0.00824 0.00068 0.00891
544.69324 0.00861 0.00066 0.00927
544.82587 0.00904 0.00064 0.00968
544.95850 0.00953 0.00062 0.01015
545.09106 0.01008 0.00060 0.01068
545.22369 0.01070 0.00059 0.01129
545.35632 0.01140 0.00057 0.01197
545.48889 0.01218 0.00055 0.01274
545.62152 0.01304 0.00054 0.01358
545.75415 0.01399 0.00053 0.01451
545.88672 0.01501 0.00051 0.01552
546.01935 0.01611 0.00050 0.01661
546.15198 0.01727 0.00049 0.01776
546.28455 0.01849 0.00048 0.01897
546.41718 0.01977 0.00046 0.02024
546.54974 0.02111 0.00045 0.02157
546.68237 0.02251 0.00044 0.02296
546.81500 0.02399 0.00043 0.02442
546.94757 0.02555 0.00042 0.02598
547.08020 0.02721 0.00041 0.02762
547.21283 0.02896 0.00040 0.02937
547.34540 0.03079 0.00040 0.03118
547.47803 0.03266 0.00039 0.03304
547.61066 0.03451 0.00038 0.03489
547.74323 0.03626 0.00037 0.03663
547.87585 0.03783 0.00036 0.03819
548.00848 0.03910 0.00036 0.03946
548.14105 0.04000 0.00035 0.04035
548.27368 0.04045 0.00034 0.04079
548.40625 0.04039 0.00034 0.04072
548.53888 0.03981 0.00033 0.04014
548.67151 0.03875 0.00032 0.03907
548.80408 0.03725 0.00032 0.03756
548.93671 0.03540 0.00031 0.03571
549.06934 0.03330 0.00030 0.03360
549.20190 0.03104 0.00030 0.03134
549.33453 0.02873 0.00029 0.02902
549.46716 0.02643 0.00029 0.02672
549.59973 0.02422 0.00028 0.02450
549.73236 0.02213 0.00028 0.02241
549.86499 0.02019 0.00027 0.02046
549.99756 0.01841 0.00027 0.01868
550.13019 0.01680 0.00026 0.01706
550.26282 0.01535 0.00026 0.01561
550.39539 0.01404 0.00025 0.01430
550.52802 0.01288 0.00025 0.01313
550.66058 0.01184 0.00025 0.01208
550.79321 0.01091 0.00024 0.01115
550.92584 0.01008 0.00024 0.01031
551.05841 0.00933 0.00023 0.00957
551.19104 0.00866 0.00023 0.00889
551.32367 0.00806 0.00023 0.00829
551.45624 0.00752 0.00022 0.00775
551.58887 0.00704 0.00022 0.00726
551.72150 0.00660 0.00022 0.00681
551.85406 0.00620 0.00021 0.00641
551.98669 0.00583 0.00021 0.00604
552.11926 0.00550 0.00021 0.00571
552.25189 0.00520 0.00020 0.00540
552.38452 0.00492 0.00020 0.00512
552.51709 0.00466 0.00020 0.00486
552.64972 0.00443 0.00019 0.00462
552.78235 0.00421 0.00019 0.00440
552.91492 0.00401 0.00019 0.00420
553.04755 0.00383 0.00019 0.00401
553.18018 0.00365 0.00018 0.00384
553.31274 0.00350 0.00018 0.00368
553.44537 0.00335 0.00018 0.00353
553.57800 0.00321 0.00018 0.00338
553.71057 0.00308 0.00017 0.00325
553.84320 0.00296 0.00017 0.00313
553.97583 0.00284 0.00017 0.00301
554.10840 0.00274 0.00017 0.00290
554.24103 0.00264 0.00016 0.00280
554.37366 0.00254 0.00016 0.00270
554.50623 0.00245 0.00016 0.00261
554.63885 0.00237 0.00016 0.00253
554.77142 0.00229 0.00016 0.00244
554.90405 0.00221 0.00015 0.00237
555.03668 0.00214 0.00015 0.00229
555.16925 0.00208 0.00015 0.00223
555.30188 0.00201 0.00015 0.00216
555.43451 0.00195 0.00015 0.00210
555.56708 0.00189 0.00014 0.00204
555.69971 0.00184 0.00014 0.00198
555.83234 0.00179 0.00014 0.00193
555.96490 0.00174 0.00014 0.00187
556.09753 0.00169 0.00014 0.00183
556.23010 0.00164 0.00014 0.00178
556.36273 0.00160 0.00013 0.00173
556.49536 0.00156 0.00013 0.00169
556.62793 0.00152 0.00013 0.00165
556.76056 0.00148 0.00013 0.00161
556.89319 0.00144 0.00013 0.00157
557.02576 0.00141 0.00013 0.00153
557.15839 0.00137 0.00013 0.00150
557.29102 0.00134 0.00012 0.00147
557.42358 0.00131 0.00012 0.00143
557.55621 0.00128 0.00012 0.00140
557.68884 0.00125 0.00012 0.00137
557.82141 0.00122 0.00012 0.00134
557.95404 0.00120 0.00012 0.00131
558.08667 0.00117 0.00012 0.00129
558.21924 0.00115 0.00011 0.00126
558.35187 0.00112 0.00011 0.00124
558.48444 0.00110 0.00011 0.00121
558.61707 0.00108 0.00011 0.00119
558.74969 0.00106 0.00011 0.00116
