-20.00000 0.01427
-19.95000 0.01437
-19.90000 0.01446
-19.85000 0.01456
-19.80000 0.01466
-19.75000 0.01476
-19.70000 0.01486
-19.65000 0.01497
-19.60000 0.01507
-19.55000 0.01517
-19.50000 0.01528
-19.45000 0.01538
-19.40000 0.01549
-19.35000 0.01560
-19.30000 0.01571
-19.25000 0.01582
-19.20000 0.01593
-19.15000 0.01604
-19.10000 0.01616
-19.05000 0.01627
-19.00000 0.01639
-18.95000 0.01650
-18.90000 0.01662
-18.85000 0.01674
-18.80000 0.01686
-18.75000 0.01698
-18.70000 0.01710
-18.65000 0.01722
-18.60000 0.01735
-18.55000 0.01747
-18.50000 0.01760
-18.45000 0.01773
-18.40000 0.01785
-18.35000 0.01798
-18.30000 0.01811
-18.25000 0.01825
-18.20000 0.01838
-18.15000 0.01851
-18.10000 0.01865
-18.05000 0.01878
-18.00000 0.01892
-17.95000 0.01906
-17.90000 0.01920
-17.85000 0.01934
-17.80000 0.01948
-17.75000 0.01963
-17.70000 0.01977
-17.65000 0.01992
-17.60000 0.02007
-17.55000 0.02022
-17.50000 0.02037
-17.45000 0.02052
-17.40000 0.02068
-17.35000 0.02083
-17.30000 0.02099
-17.25000 0.02115
-17.20000 0.02131
-17.15000 0.02148
-17.10000 0.02164
-17.05000 0.02181
-17.00000 0.02198
-16.95000 0.02215
-16.90000 0.02232
-16.85000 0.02250
-16.80000 0.02268
-16.75000 0.02286
-16.70000 0.02304
-16.65000 0.02322
-16.60000 0.02341
-16.55000 0.02360
-16.50000 0.02379
-16.45000 0.02399
-16.40000 0.02419
-16.35000 0.02439
-16.30000 0.02459
-16.25000 0.02480
-16.20000 0.02500
-16.15000 0.02521
-16.10000 0.02543
-16.05000 0.02565
-16.00000 0.02587
-15.95000 0.02609
-15.90000 0.02632
-15.85000 0.02655
-15.80000 0.02678
-15.75000 0.02701
-15.70000 0.02725
-15.65000 0.02750
-15.60000 0.02774
-15.55000 0.02799
-15.50000 0.02825
-15.45000 0.02850
-15.40000 0.02876
-15.35000 0.02903
-15.30000 0.02930
-15.25000 0.02957
-15.20000 0.02984
-15.15000 0.03012
-15.10000 0.03041
-15.05000 0.03070
-15.00000 0.03099
-14.95000 0.03129
-14.90000 0.03159
-14.85000 0.03189
-14.80000 0.03220
-14.75000 0.03252
-14.70000 0.03284
-14.65000 0.03316
-14.60000 0.03349
-14.55000 0.03383
-14.50000 0.03417
-14.45000 0.03451
-14.40000 0.03486
-14.35000 0.03522
-14.30000 0.03558
-14.25000 0.03595
-14.20000 0.03632
-14.15000 0.03670
-14.10000 0.03708
-14.05000 0.03747
-14.00000 0.03787
-13.95000 0.03827
-13.90000 0.03868
-13.85000 0.03909
-13.80000 0.03952
-13.75000 0.03995
-13.70000 0.04038
-13.65000 0.04082
-13.60000 0.04128
-13.55000 0.04173
-13.50000 0.04220
-13.45000 0.04267
-13.40000 0.04315
-13.35000 0.04364
-13.30000 0.04414
-13.25000 0.04465
-13.20000 0.04516
-13.15000 0.04569
-13.10000 0.04622
-13.05000 0.04676
-13.00000 0.04731
-12.95000 0.04787
-12.90000 0.04844
-12.85000 0.04902
-12.80000 0.04962
-12.75000 0.05022
-12.70000 0.05083
-12.65000 0.05145
-12.60000 0.05209
-12.55000 0.05274
-12.50000 0.05339
-12.45000 0.05406
-12.40000 0.05475
-12.35000 0.05544
-12.30000 0.05615
-12.25000 0.05687
-12.20000 0.05761
-12.15000 0.05835
-12.10000 0.05912
-12.05000 0.05989
-12.00000 0.06069
-11.95000 0.06149
-11.90000 0.06232
-11.85000 0.06316
-11.80000 0.06401
-11.75000 0.06489
-11.70000 0.06577
-11.65000 0.06668
-11.60000 0.06761
-11.55000 0.06855
-11.50000 0.06952
-11.45000 0.07050
-11.40000 0.07150
-11.35000 0.07253
-11.30000 0.07357
-11.25000 0.07464
-11.20000 0.07573
-11.15000 0.07684
-11.10000 0.07797
-11.05000 0.07913
-11.00000 0.08032
-10.95000 0.08153
-10.90000 0.08277
-10.85000 0.08403
-10.80000 0.08532
-10.75000 0.08665
-10.70000 0.08800
-10.65000 0.08938
-10.60000 0.09079
-10.55000 0.09223
-10.50000 0.09371
-10.45000 0.09522
-10.40000 0.09677
-10.35000 0.09835
-10.30000 0.09997
-10.25000 0.10163
-10.20000 0.10333
-10.15000 0.10506
-10.10000 0.10684
-10.05000 0.10867
-10.00000 0.11053
-9.95000 0.11244
-9.90000 0.11440
-9.85000 0.11641
-9.80000 0.11847
-9.75000 0.12057
-9.70000 0.12273
-9.65000 0.12495
-9.60000 0.12722
-9.55000 0.12954
-9.50000 0.13193
-9.45000 0.13438
-9.40000 0.13689
-9.35000 0.13946
-9.30000 0.14210
-9.25000 0.14481
-9.20000 0.14759
-9.15000 0.15044
-9.10000 0.15337
-9.05000 0.15637
-9.00000 0.15945
-8.95000 0.16261
-8.90000 0.16586
-8.85000 0.16919
-8.80000 0.17261
-8.75000 0.17612
-8.70000 0.17972
-8.65000 0.18341
-8.60000 0.18721
-8.55000 0.19110
-8.50000 0.19509
-8.45000 0.19919
-8.40000 0.20340
-8.35000 0.20772
-8.30000 0.21215
-8.25000 0.21669
-8.20000 0.22135
-8.15000 0.22613
-8.10000 0.23103
-8.05000 0.23606
-8.00000 0.24121
-7.95000 0.24649
-7.90000 0.25189
-7.85000 0.25743
-7.80000 0.26310
-7.75000 0.26890
-7.70000 0.27484
-7.65000 0.28091
-7.60000 0.28711
-7.55000 0.29345
-7.50000 0.29992
-7.45000 0.30653
-7.40000 0.31326
-7.35000 0.32013
-7.30000 0.32712
-7.25000 0.33424
-7.20000 0.34148
-7.15000 0.34884
-7.10000 0.35630
-7.05000 0.36388
-7.00000 0.37155
-6.95000 0.37931
-6.90000 0.38716
-6.85000 0.39509
-6.80000 0.40308
-6.75000 0.41113
-6.70000 0.41922
-6.65000 0.42735
-6.60000 0.43549
-6.55000 0.44364
-6.50000 0.45178
-6.45000 0.45990
-6.40000 0.46797
-6.35000 0.47599
-6.30000 0.48392
-6.25000 0.49176
-6.20000 0.49949
-6.15000 0.50708
-6.10000 0.51452
-6.05000 0.52179
-6.00000 0.52885
-5.95000 0.53570
-5.90000 0.54232
-5.85000 0.54868
-5.80000 0.55476
-5.75000 0.56054
-5.70000 0.56601
-5.65000 0.57114
-5.60000 0.57591
-5.55000 0.58032
-5.50000 0.58434
-5.45000 0.58796
-5.40000 0.59116
-5.35000 0.59394
-5.30000 0.59628
-5.25000 0.59818
-5.20000 0.59963
-5.15000 0.60061
-5.10000 0.60114
-5.05000 0.60120
-5.00000 0.60079
-4.95000 0.59993
-4.90000 0.59860
-4.85000 0.59682
-4.80000 0.59460
-4.75000 0.59194
-4.70000 0.58885
-4.65000 0.58534
-4.60000 0.58143
-4.55000 0.57714
-4.50000 0.57247
-4.45000 0.56745
-4.40000 0.56209
-4.35000 0.55641
-4.30000 0.55043
-4.25000 0.54417
-4.20000 0.53765
-4.15000 0.53090
-4.10000 0.52392
-4.05000 0.51675
-4.00000 0.50940
-3.95000 0.50190
-3.90000 0.49425
-3.85000 0.48649
-3.80000 0.47864
-3.75000 0.47070
-3.70000 0.46271
-3.65000 0.45467
-3.60000 0.44661
-3.55000 0.43853
-3.50000 0.43046
-3.45000 0.42240
-3.40000 0.41438
-3.35000 0.40640
-3.30000 0.39848
-3.25000 0.39062
-3.20000 0.38284
-3.15000 0.37514
-3.10000 0.36754
-3.05000 0.36004
-3.00000 0.35264
-2.95000 0.34535
-2.90000 0.33818
-2.85000 0.33114
-2.80000 0.32421
-2.75000 0.31742
-2.70000 0.31076
-2.65000 0.30423
-2.60000 0.29783
-2.55000 0.29157
-2.50000 0.28545
-2.45000 0.27946
-2.40000 0.27361
-2.35000 0.26789
-2.30000 0.26231
-2.25000 0.25686
-2.20000 0.25154
-2.15000 0.24636
-2.10000 0.24130
-2.05000 0.23638
-2.00000 0.23158
-1.95000 0.22690
-1.90000 0.22234
-1.85000 0.21791
-1.80000 0.21359
-1.75000 0.20938
-1.70000 0.20529
-1.65000 0.20131
-1.60000 0.19744
-1.55000 0.19367
-1.50000 0.19000
-1.45000 0.18644
-1.40000 0.18297
-1.35000 0.17960
-1.30000 0.17632
-1.25000 0.17313
-1.20000 0.17004
-1.15000 0.16703
-1.10000 0.16410
-1.05000 0.16125
-1.00000 0.15849
-0.95000 0.15580
-0.90000 0.15319
-0.85000 0.15065
-0.80000 0.14819
-0.75000 0.14579
-0.70000 0.14347
-0.65000 0.14121
-0.60000 0.13902
-0.55000 0.13689
-0.50000 0.13482
-0.45000 0.13281
-0.40000 0.13086
-0.35000 0.12897
-0.30000 0.12713
-0.25000 0.12535
-0.20000 0.12362
-0.15000 0.12194
-0.10000 0.12032
-0.05000 0.11874
0.00000 0.11721
0.05000 0.11573
0.10000 0.11430
0.15000 0.11291
0.20000 0.11156
0.25000 0.11026
0.30000 0.10900
0.35000 0.10778
0.40000 0.10661
0.45000 0.10547
0.50000 0.10437
0.55000 0.10331
0.60000 0.10228
0.65000 0.10129
0.70000 0.10034
0.75000 0.09942
0.80000 0.09854
0.85000 0.09769
0.90000 0.09688
0.95000 0.09609
1.00000 0.09534
1.05000 0.09462
1.10000 0.09392
1.15000 0.09326
1.20000 0.09263
1.25000 0.09202
1.30000 0.09145
1.35000 0.09090
1.40000 0.09037
1.45000 0.08988
1.50000 0.08940
1.55000 0.08896
1.60000 0.08853
1.65000 0.08813
1.70000 0.08775
1.75000 0.08740
1.80000 0.08706
1.85000 0.08674
1.90000 0.08645
1.95000 0.08617
2.00000 0.08591
2.05000 0.08567
2.10000 0.08544
2.15000 0.08523
2.20000 0.08503
2.25000 0.08485
2.30000 0.08468
2.35000 0.08452
2.40000 0.08437
2.45000 0.08423
2.50000 0.08410
2.55000 0.08397
2.60000 0.08386
2.65000 0.08374
2.70000 0.08364
2.75000 0.08353
2.80000 0.08343
2.85000 0.08332
2.90000 0.08322
2.95000 0.08312
3.00000 0.08301
3.05000 0.08290
3.10000 0.08278
3.15000 0.08266
3.20000 0.08253
3.25000 0.08239
3.30000 0.08225
3.35000 0.08209
3.40000 0.08192
3.45000 0.08175
3.50000 0.08155
3.55000 0.08135
3.60000 0.08113
3.65000 0.08090
3.70000 0.08065
3.75000 0.08038
3.80000 0.08010
3.85000 0.07980
3.90000 0.07948
3.95000 0.07914
4.00000 0.07879
4.05000 0.07842
4.10000 0.07803
4.15000 0.07762
4.20000 0.07719
4.25000 0.07675
4.30000 0.07628
4.35000 0.07580
4.40000 0.07530
4.45000 0.07478
4.50000 0.07425
4.55000 0.07370
4.60000 0.07313
4.65000 0.07255
4.70000 0.07196
4.75000 0.07135
4.80000 0.07072
4.85000 0.07009
4.90000 0.06944
4.95000 0.06878
5.00000 0.06811
5.05000 0.06743
5.10000 0.06675
5.15000 0.06605
5.20000 0.06535
5.25000 0.06465
5.30000 0.06394
5.35000 0.06322
5.40000 0.06250
5.45000 0.06178
5.50000 0.06106
5.55000 0.06033
5.60000 0.05961
5.65000 0.05888
5.70000 0.05816
5.75000 0.05744
5.80000 0.05672
5.85000 0.05600
5.90000 0.05529
5.95000 0.05459
6.00000 0.05388
6.05000 0.05319
6.10000 0.05250
6.15000 0.05181
6.20000 0.05113
6.25000 0.05046
6.30000 0.04980
6.35000 0.04914
6.40000 0.04849
6.45000 0.04785
6.50000 0.04722
6.55000 0.04660
6.60000 0.04598
6.65000 0.04538
6.70000 0.04478
6.75000 0.04419
6.80000 0.04361
6.85000 0.04304
6.90000 0.04248
6.95000 0.04193
7.00000 0.04139
7.05000 0.04085
7.10000 0.04033
7.15000 0.03981
7.20000 0.03931
7.25000 0.03881
7.30000 0.03832
7.35000 0.03784
7.40000 0.03737
7.45000 0.03690
7.50000 0.03645
7.55000 0.03600
7.60000 0.03556
7.65000 0.03513
7.70000 0.03471
7.75000 0.03430
7.80000 0.03389
7.85000 0.03349
7.90000 0.03310
7.95000 0.03271
8.00000 0.03234
8.05000 0.03197
8.10000 0.03160
8.15000 0.03125
8.20000 0.03090
8.25000 0.03055
8.30000 0.03022
8.35000 0.02989
8.40000 0.02956
8.45000 0.02924
8.50000 0.02893
8.55000 0.02862
8.60000 0.02832
8.65000 0.02802
8.70000 0.02773
8.75000 0.02745
8.80000 0.02717
8.85000 0.02689
8.90000 0.02662
8.95000 0.02635
9.00000 0.02609
9.05000 0.02583
9.10000 0.02558
9.15000 0.02533
9.20000 0.02509
9.25000 0.02485
9.30000 0.02461
9.35000 0.02438
9.40000 0.02415
9.45000 0.02393
9.50000 0.02371
9.55000 0.02349
9.60000 0.02328
9.65000 0.02306
9.70000 0.02286
9.75000 0.02265
9.80000 0.02245
9.85000 0.02225
9.90000 0.02206
9.95000 0.02187
10.00000 0.02168
10.05000 0.02149
10.10000 0.02130
10.15000 0.02112
10.20000 0.02094
10.25000 0.02077
10.30000 0.02059
10.35000 0.02042
10.40000 0.02025
10.45000 0.02008
10.50000 0.01991
10.55000 0.01975
10.60000 0.01959
10.65000 0.01943
10.70000 0.01927
10.75000 0.01911
10.80000 0.01896
10.85000 0.01881
10.90000 0.01866
10.95000 0.01851
11.00000 0.01836
11.05000 0.01821
11.10000 0.01807
11.15000 0.01793
11.20000 0.01779
11.25000 0.01765
11.30000 0.01751
11.35000 0.01737
11.40000 0.01724
11.45000 0.01710
11.50000 0.01697
11.55000 0.01684
11.60000 0.01671
11.65000 0.01658
11.70000 0.01645
11.75000 0.01633
11.80000 0.01620
11.85000 0.01608
11.90000 0.01596
11.95000 0.01584
12.00000 0.01572
12.05000 0.01560
12.10000 0.01548
12.15000 0.01536
12.20000 0.01525
12.25000 0.01514
12.30000 0.01502
12.35000 0.01491
12.40000 0.01480
12.45000 0.01469
12.50000 0.01459
12.55000 0.01448
12.60000 0.01437
12.65000 0.01427
12.70000 0.01417
12.75000 0.01406
12.80000 0.01396
12.85000 0.01386
12.90000 0.01376
12.95000 0.01367
13.00000 0.01357
13.05000 0.01347
13.10000 0.01338
13.15000 0.01329
13.20000 0.01319
13.25000 0.01310
13.30000 0.01301
13.35000 0.01292
13.40000 0.01284
13.45000 0.01275
13.50000 0.01266
13.55000 0.01258
13.60000 0.01249
13.65000 0.01241
13.70000 0.01233
13.75000 0.01225
13.80000 0.01217
13.85000 0.01209
13.90000 0.01201
13.95000 0.01193
14.00000 0.01185
14.05000 0.01178
14.10000 0.01170
14.15000 0.01163
14.20000 0.01155
14.25000 0.01148
14.30000 0.01141
14.35000 0.01134
14.40000 0.01127
14.45000 0.01120
14.50000 0.01113
14.55000 0.01106
14.60000 0.01100
14.65000 0.01093
14.70000 0.01086
14.75000 0.01080
14.80000 0.01073
14.85000 0.01067
14.90000 0.01061
14.95000 0.01055
15.00000 0.01049
15.05000 0.01042
15.10000 0.01036
15.15000 0.01031
15.20000 0.01025
15.25000 0.01019
15.30000 0.01013
15.35000 0.01007
15.40000 0.01002
15.45000 0.00996
15.50000 0.00991
15.55000 0.00985
15.60000 0.00980
15.65000 0.00975
15.70000 0.00969
15.75000 0.00964
15.80000 0.00959
15.85000 0.00954
15.90000 0.00949
15.95000 0.00944
16.00000 0.00939
16.05000 0.00934
16.10000 0.00929
16.15000 0.00925
16.20000 0.00920
16.25000 0.00915
16.30000 0.00910
16.35000 0.00906
16.40000 0.00901
16.45000 0.00897
16.50000 0.00892
16.55000 0.00888
16.60000 0.00884
16.65000 0.00879
16.70000 0.00875
16.75000 0.00871
16.80000 0.00867
16.85000 0.00863
16.90000 0.00858
16.95000 0.00854
17.00000 0.00850
17.05000 0.00846
17.10000 0.00842
17.15000 0.00839
17.20000 0.00835
17.25000 0.00831
17.30000 0.00827
17.35000 0.00823
17.40000 0.00819
17.45000 0.00816
17.50000 0.00812
17.55000 0.00808
17.60000 0.00805
17.65000 0.00801
17.70000 0.00798
17.75000 0.00794
17.80000 0.00791
17.85000 0.00787
17.90000 0.00784
17.95000 0.00780
18.00000 0.00777
18.05000 0.00774
18.10000 0.00770
18.15000 0.00767
18.20000 0.00764
18.25000 0.00761
18.30000 0.00757
18.35000 0.00754
18.40000 0.00751
18.45000 0.00748
18.50000 0.00744
18.55000 0.00741
18.60000 0.00738
18.65000 0.00735
18.70000 0.00732
18.75000 0.00729
18.80000 0.00726
18.85000 0.00723
18.90000 0.00720
18.95000 0.00717
19.00000 0.00714
19.05000 0.00711
19.10000 0.00708
19.15000 0.00705
19.20000 0.00702
19.25000 0.00699
19.30000 0.00696
19.35000 0.00693
19.40000 0.00690
19.45000 0.00687
19.50000 0.00684
19.55000 0.00682
19.60000 0.00679
19.65000 0.00676
19.70000 0.00673
19.75000 0.00670
19.80000 0.00667
19.85000 0.00665
19.90000 0.00662
19.95000 0.00659
20.00000 0.00656
