-5.00000 0.00525
-4.90000 0.00544
-4.80000 0.00564
-4.70000 0.00585
-4.60000 0.00607
-4.50000 0.00630
-4.40000 0.00655
-4.30000 0.00680
-4.20000 0.00708
-4.10000 0.00736
-4.00000 0.00767
-3.90000 0.00799
-3.80000 0.00834
-3.70000 0.00870
-3.60000 0.00909
-3.50000 0.00951
-3.40000 0.00996
-3.30000 0.01043
-3.20000 0.01095
-3.10000 0.01150
-3.00000 0.01209
-2.90000 0.01274
-2.80000 0.01343
-2.70000 0.01419
-2.60000 0.01502
-2.50000 0.01592
-2.40000 0.01691
-2.30000 0.01800
-2.20000 0.01921
-2.10000 0.02056
-2.00000 0.02207
-1.90000 0.02377
-1.80000 0.02569
-1.70000 0.02790
-1.60000 0.03045
-1.50000 0.03343
-1.40000 0.03696
-1.30000 0.04122
-1.20000 0.04643
-1.10000 0.05290
-1.00000 0.06106
-0.90000 0.07146
-0.80000 0.08478
-0.70000 0.10184
-0.60000 0.12353
-0.50000 0.15073
-0.40000 0.18418
-0.30000 0.22434
-0.20000 0.27120
-0.10000 0.32417
0.00000 0.38194
0.10000 0.44254
0.20000 0.50338
0.30000 0.56148
0.40000 0.61378
0.50000 0.65748
0.60000 0.69048
0.70000 0.71168
0.80000 0.72121
0.90000 0.72042
1.00000 0.71170
1.10000 0.69795
1.20000 0.68208
1.30000 0.66644
1.40000 0.65239
1.50000 0.64017
1.60000 0.62909
1.70000 0.61780
1.80000 0.60484
1.90000 0.58907
2.00000 0.56997
2.10000 0.54780
2.20000 0.52349
2.30000 0.49845
2.40000 0.47427
2.50000 0.45240
2.60000 0.43392
2.70000 0.41944
2.80000 0.40907
2.90000 0.40243
3.00000 0.39881
3.10000 0.39726
3.20000 0.39673
3.30000 0.39615
3.40000 0.39448
3.50000 0.39076
3.60000 0.38416
3.70000 0.37402
3.80000 0.35996
3.90000 0.34191
4.00000 0.32023
4.10000 0.29564
4.20000 0.26922
4.30000 0.24222
4.40000 0.21592
4.50000 0.19146
4.60000 0.16972
4.70000 0.15124
4.80000 0.13622
4.90000 0.12454
5.00000 0.11586
5.10000 0.10966
5.20000 0.10532
5.30000 0.10221
5.40000 0.09977
5.50000 0.09748
5.60000 0.09500
5.70000 0.09212
5.80000 0.08876
5.90000 0.08501
6.00000 0.08103
6.10000 0.07705
6.20000 0.07330
6.30000 0.07002
6.40000 0.06740
6.50000 0.06558
6.60000 0.06467
6.70000 0.06471
6.80000 0.06575
6.90000 0.06776
7.00000 0.07071
7.10000 0.07456
7.20000 0.07923
7.30000 0.08464
7.40000 0.09068
7.50000 0.09720
7.60000 0.10400
7.70000 0.11082
7.80000 0.11736
7.90000 0.12326
8.00000 0.12819
8.10000 0.13181
8.20000 0.13390
8.30000 0.13430
8.40000 0.13299
8.50000 0.13007
8.60000 0.12571
8.70000 0.12016
8.80000 0.11371
8.90000 0.10662
9.00000 0.09919
9.10000 0.09166
9.20000 0.08428
9.30000 0.07724
9.40000 0.07072
9.50000 0.06485
9.60000 0.05972
9.70000 0.05537
9.80000 0.05181
9.90000 0.04900
10.00000 0.04690
10.10000 0.04545
10.20000 0.04457
10.30000 0.04421
10.40000 0.04429
10.50000 0.04475
10.60000 0.04552
10.70000 0.04651
10.80000 0.04761
10.90000 0.04871
11.00000 0.04967
11.10000 0.05038
11.20000 0.05071
11.30000 0.05057
11.40000 0.04993
11.50000 0.04877
11.60000 0.04712
11.70000 0.04505
11.80000 0.04264
11.90000 0.04000
12.00000 0.03721
12.10000 0.03437
12.20000 0.03155
12.30000 0.02882
12.40000 0.02623
12.50000 0.02381
12.60000 0.02160
12.70000 0.01962
12.80000 0.01786
12.90000 0.01632
13.00000 0.01499
13.10000 0.01386
13.20000 0.01291
13.30000 0.01212
13.40000 0.01147
13.50000 0.01095
13.60000 0.01053
13.70000 0.01021
13.80000 0.00996
13.90000 0.00978
14.00000 0.00965
14.10000 0.00957
14.20000 0.00951
14.30000 0.00948
14.40000 0.00944
14.50000 0.00940
14.60000 0.00932
14.70000 0.00921
14.80000 0.00905
14.90000 0.00883
15.00000 0.00854
15.10000 0.00820
15.20000 0.00781
15.30000 0.00738
15.40000 0.00692
15.50000 0.00645
15.60000 0.00599
15.70000 0.00553
15.80000 0.00510
15.90000 0.00471
16.00000 0.00434
16.10000 0.00402
16.20000 0.00372
16.30000 0.00346
16.40000 0.00323
16.50000 0.00303
16.60000 0.00285
16.70000 0.00269
16.80000 0.00254
16.90000 0.00241
17.00000 0.00229
17.10000 0.00218
17.20000 0.00208
17.30000 0.00199
17.40000 0.00191
17.50000 0.00183
17.60000 0.00176
17.70000 0.00169
17.80000 0.00162
17.90000 0.00156
18.00000 0.00150
18.10000 0.00145
18.20000 0.00139
18.30000 0.00134
18.40000 0.00130
18.50000 0.00125
18.60000 0.00121
18.70000 0.00117
18.80000 0.00113
18.90000 0.00109
19.00000 0.00105
19.10000 0.00102
19.20000 0.00098
19.30000 0.00095
19.40000 0.00092
19.50000 0.00089
19.60000 0.00086
19.70000 0.00083
19.80000 0.00080
19.90000 0.00077
20.00000 0.00075
20.10000 0.00072
20.20000 0.00070
20.30000 0.00067
20.40000 0.00065
20.50000 0.00063
20.60000 0.00060
20.70000 0.00058
20.80000 0.00056
20.90000 0.00054
21.00000 0.00052
21.10000 0.00050
21.20000 0.00048
21.30000 0.00046
21.40000 0.00045
21.50000 0.00043
21.60000 0.00041
21.70000 0.00039
21.80000 0.00038
21.90000 0.00036
22.00000 0.00035
22.10000 0.00033
22.20000 0.00032
22.30000 0.00030
22.40000 0.00029
22.50000 0.00027
22.60000 0.00026
22.70000 0.00025
22.80000 0.00023
22.90000 0.00022
23.00000 0.00021
23.10000 0.00020
23.20000 0.00018
23.30000 0.00017
23.40000 0.00016
23.50000 0.00015
23.60000 0.00014
23.70000 0.00013
23.80000 0.00012
23.90000 0.00010
24.00000 0.00009
24.10000 0.00008
24.20000 0.00007
24.30000 0.00006
24.40000 0.00005
24.50000 0.00004
24.60000 0.00004
24.70000 0.00003
24.80000 0.00002
24.90000 0.00001
25.00000 0.00000
