0.00000
0.00036
0.00074
0.00113
0.00155
0.00198
0.00244
0.00293
0.00344
0.00398
0.00455
0.00515
0.00580
0.00648
0.00721
0.00799
0.00882
0.00971
0.01066
0.01169
0.01281
0.01401
0.01532
0.01675
0.01832
0.02004
0.02196
0.02409
0.02648
0.02918
0.03225
0.03578
0.03988
0.04470
0.05039
0.05720
0.06540
0.07532
0.08736
0.10198
0.11968
0.14100
0.16646
0.19656
0.23169
0.27207
0.31773
0.36841
0.42355
0.48217
0.54300
0.60446
0.66465
0.72166
0.77358
0.81863
0.85555
0.88343
0.90200
0.91150
0.91271
0.90677
0.89519
0.87940
0.86081
0.84064
0.81982
0.79897
0.77839
0.75827
0.73863
0.71957
0.70113
0.68353
0.66717
0.65245
0.63989
0.62986
0.62270
0.61866
0.61768
0.61956
0.62400
0.63048
0.63847
0.64740
0.65678
0.66629
0.67563
0.68482
0.69400
0.70349
0.71374
0.72526
0.73860
0.75418
0.77224
0.79285
0.81574
0.84047
0.86626
0.89221
0.91728
0.94044
0.96065
0.97712
0.98932
0.99692
1.00000
0.99889
0.99416
0.98660
0.97711
0.96661
0.95581
0.94543
0.93583
0.92733
0.91993
0.91333
0.90716
0.90091
0.89404
0.88594
0.87615
0.86428
0.85006
0.83333
0.81416
0.79269
0.76922
0.74411
0.71779
0.69065
0.66317
0.63577
0.60881
0.58260
0.55743
0.53345
0.51085
0.48974
0.47016
0.45211
0.43564
0.42069
0.40724
0.39521
0.38457
0.37529
0.36728
0.36043
0.35469
0.34998
0.34623
0.34331
0.34118
0.33968
0.33876
0.33827
0.33810
0.33818
0.33834
0.33854
0.33865
0.33862
0.33839
0.33788
0.33711
0.33605
0.33470
0.33312
0.33135
0.32940
0.32735
0.32526
0.32317
0.32117
0.31925
0.31747
0.31585
0.31442
0.31322
0.31217
0.31138
0.31075
0.31034
0.31014
0.31007
0.31020
0.31041
0.31074
0.31118
0.31171
0.31232
0.31300
0.31372
0.31449
0.31528
0.31609
0.31690
0.31771
0.31852
0.31930
0.32006
0.32080
0.32152
0.32221
0.32288
0.32354
0.32419
0.32483
0.32548
0.32614
0.32681
0.32750
0.32821
0.32895
0.32971
0.33050
0.33131
0.33215
0.33301
0.33389
0.33480
0.33572
0.33666
0.33761
0.33857
0.33955
0.34054
0.34154
0.34255
0.34356
0.34458
0.34561
0.34664
0.34768
0.34873
0.34977
0.35082
0.35188
0.35294
0.35400
0.35506
0.35613
0.35720
0.35828
0.35935
0.36043
0.36151
0.36259
0.36368
0.36477
0.36585
0.36694
0.36804
0.36913
0.37023
0.37132
0.37242
0.37352
0.37462
0.37573
0.37683
0.37793
0.37904
0.38015
0.38126
0.38237
0.38348
0.38459
0.38570
0.38682
0.38793
0.38905
0.39017
0.39128
0.39240
0.39352
0.39464
0.39576
0.39688
0.39800
0.39913
0.40025
0.40138
0.40250
0.40363
0.40475
0.40588
0.40700
0.40813
0.40926
0.41039
0.41152
0.41265
0.41378
0.41491
0.41604
0.41717
