-5.00000 0.00478
-4.90000 0.00495
-4.80000 0.00513
-4.70000 0.00532
-4.60000 0.00552
-4.50000 0.00573
-4.40000 0.00595
-4.30000 0.00618
-4.20000 0.00642
-4.10000 0.00668
-4.00000 0.00696
-3.90000 0.00725
-3.80000 0.00755
-3.70000 0.00788
-3.60000 0.00823
-3.50000 0.00860
-3.40000 0.00900
-3.30000 0.00943
-3.20000 0.00988
-3.10000 0.01038
-3.00000 0.01091
-2.90000 0.01148
-2.80000 0.01210
-2.70000 0.01278
-2.60000 0.01351
-2.50000 0.01432
-2.40000 0.01521
-2.30000 0.01619
-2.20000 0.01728
-2.10000 0.01851
-2.00000 0.01989
-1.90000 0.02145
-1.80000 0.02326
-1.70000 0.02535
-1.60000 0.02781
-1.50000 0.03072
-1.40000 0.03423
-1.30000 0.03848
-1.20000 0.04367
-1.10000 0.05006
-1.00000 0.05792
-0.90000 0.06761
-0.80000 0.07949
-0.70000 0.09397
-0.60000 0.11144
-0.50000 0.13227
-0.40000 0.15677
-0.30000 0.18513
-0.20000 0.21740
-0.10000 0.25345
0.00000 0.29293
0.10000 0.33526
0.20000 0.37964
0.30000 0.42506
0.40000 0.47036
0.50000 0.51426
0.60000 0.55547
0.70000 0.59272
0.80000 0.62491
0.90000 0.65117
1.00000 0.67090
1.10000 0.68384
1.20000 0.69008
1.30000 0.69004
1.40000 0.68435
1.50000 0.67386
1.60000 0.65945
1.70000 0.64197
1.80000 0.62217
1.90000 0.60061
2.00000 0.57770
2.10000 0.55368
2.20000 0.52869
2.30000 0.50286
2.40000 0.47635
2.50000 0.44941
2.60000 0.42242
2.70000 0.39587
2.80000 0.37037
2.90000 0.34656
3.00000 0.32513
3.10000 0.30667
3.20000 0.29171
3.30000 0.28060
3.40000 0.27353
3.50000 0.27049
3.60000 0.27124
3.70000 0.27531
3.80000 0.28205
3.90000 0.29059
4.00000 0.29996
4.10000 0.30910
4.20000 0.31698
4.30000 0.32264
4.40000 0.32528
4.50000 0.32435
4.60000 0.31955
4.70000 0.31088
4.80000 0.29862
4.90000 0.28327
5.00000 0.26550
5.10000 0.24607
5.20000 0.22576
5.30000 0.20531
5.40000 0.18535
5.50000 0.16639
5.60000 0.14878
5.70000 0.13275
5.80000 0.11840
5.90000 0.10572
6.00000 0.09465
6.10000 0.08507
6.20000 0.07685
6.30000 0.06986
6.40000 0.06397
6.50000 0.05907
6.60000 0.05507
6.70000 0.05190
6.80000 0.04950
6.90000 0.04783
7.00000 0.04685
7.10000 0.04655
7.20000 0.04690
7.30000 0.04789
7.40000 0.04948
7.50000 0.05164
7.60000 0.05434
7.70000 0.05753
7.80000 0.06114
7.90000 0.06510
8.00000 0.06933
8.10000 0.07375
8.20000 0.07827
8.30000 0.08281
8.40000 0.08726
8.50000 0.09155
8.60000 0.09558
8.70000 0.09927
8.80000 0.10251
8.90000 0.10522
9.00000 0.10730
9.10000 0.10869
9.20000 0.10930
9.30000 0.10911
9.40000 0.10809
9.50000 0.10625
9.60000 0.10367
9.70000 0.10041
9.80000 0.09660
9.90000 0.09237
10.00000 0.08789
10.10000 0.08331
10.20000 0.07878
10.30000 0.07444
10.40000 0.07038
10.50000 0.06670
10.60000 0.06344
10.70000 0.06063
10.80000 0.05824
10.90000 0.05623
11.00000 0.05456
11.10000 0.05313
11.20000 0.05186
11.30000 0.05066
11.40000 0.04945
11.50000 0.04816
11.60000 0.04672
11.70000 0.04510
11.80000 0.04327
11.90000 0.04125
12.00000 0.03904
12.10000 0.03669
12.20000 0.03425
12.30000 0.03176
12.40000 0.02929
12.50000 0.02688
12.60000 0.02459
12.70000 0.02243
12.80000 0.02045
12.90000 0.01865
13.00000 0.01703
13.10000 0.01559
13.20000 0.01432
13.30000 0.01321
13.40000 0.01223
13.50000 0.01138
13.60000 0.01063
13.70000 0.00998
13.80000 0.00940
13.90000 0.00888
14.00000 0.00842
14.10000 0.00801
14.20000 0.00765
14.30000 0.00731
14.40000 0.00702
14.50000 0.00675
14.60000 0.00650
14.70000 0.00629
14.80000 0.00609
14.90000 0.00590
15.00000 0.00574
15.10000 0.00558
15.20000 0.00543
15.30000 0.00528
15.40000 0.00513
15.50000 0.00497
15.60000 0.00482
15.70000 0.00465
15.80000 0.00448
15.90000 0.00430
16.00000 0.00411
16.10000 0.00392
16.20000 0.00373
16.30000 0.00354
16.40000 0.00336
16.50000 0.00318
16.60000 0.00300
16.70000 0.00284
16.80000 0.00268
16.90000 0.00253
17.00000 0.00240
17.10000 0.00227
17.20000 0.00216
17.30000 0.00205
17.40000 0.00196
17.50000 0.00187
17.60000 0.00178
17.70000 0.00171
17.80000 0.00164
17.90000 0.00157
18.00000 0.00151
18.10000 0.00145
18.20000 0.00140
18.30000 0.00135
18.40000 0.00130
18.50000 0.00125
18.60000 0.00121
18.70000 0.00117
18.80000 0.00112
18.90000 0.00109
19.00000 0.00105
19.10000 0.00101
19.20000 0.00098
19.30000 0.00095
19.40000 0.00091
19.50000 0.00088
19.60000 0.00085
19.70000 0.00082
19.80000 0.00080
19.90000 0.00077
20.00000 0.00074
20.10000 0.00072
20.20000 0.00069
20.30000 0.00067
20.40000 0.00065
20.50000 0.00062
20.60000 0.00060
20.70000 0.00058
20.80000 0.00056
20.90000 0.00054
21.00000 0.00052
21.10000 0.00050
21.20000 0.00048
21.30000 0.00046
21.40000 0.00044
21.50000 0.00043
21.60000 0.00041
21.70000 0.00039
21.80000 0.00038
21.90000 0.00036
22.00000 0.00035
22.10000 0.00033
22.20000 0.00032
22.30000 0.00030
22.40000 0.00029
22.50000 0.00027
22.60000 0.00026
22.70000 0.00025
22.80000 0.00023
22.90000 0.00022
23.00000 0.00021
23.10000 0.00019
23.20000 0.00018
23.30000 0.00017
23.40000 0.00016
23.50000 0.00015
23.60000 0.00014
23.70000 0.00013
23.80000 0.00011
23.90000 0.00010
24.00000 0.00009
24.10000 0.00008
24.20000 0.00007
24.30000 0.00006
24.40000 0.00005
24.50000 0.00004
24.60000 0.00004
24.70000 0.00003
24.80000 0.00002
24.90000 0.00001
25.00000 0.00000
