-5.00000 0.00000
-4.90000 0.00000
-4.80000 0.00000
-4.70000 0.00000
-4.60000 0.00000
-4.50000 0.00000
-4.40000 0.00000
-4.30000 0.00000
-4.20000 0.00000
-4.10000 0.00000
-4.00000 0.00000
-3.90000 0.00000
-3.80000 0.00000
-3.70000 0.00000
-3.60000 0.00000
-3.50000 0.00000
-3.40000 0.00000
-3.30000 0.00000
-3.20000 0.00000
-3.10000 0.00000
-3.00000 0.00000
-2.90000 0.00000
-2.80000 0.00000
-2.70000 0.00000
-2.60000 0.00000
-2.50000 0.00000
-2.40000 0.00000
-2.30000 0.00000
-2.20000 0.00000
-2.10000 0.00000
-2.00000 0.00000
-1.90000 0.00000
-1.80000 0.00000
-1.70000 0.00000
-1.60000 0.00000
-1.50000 0.00000
-1.40000 0.00000
-1.30000 0.00000
-1.20000 0.00000
-1.10000 0.00000
-1.00000 0.00001
-0.90000 0.00001
-0.80000 0.00001
-0.70000 0.00001
-0.60000 0.00001
-0.50000 0.00001
-0.40000 0.00001
-0.30000 0.00001
-0.20000 0.00001
-0.10000 0.00001
0.00000 0.00001
0.10000 0.00001
0.20000 0.00001
0.30000 0.00001
0.40000 0.00001
0.50000 0.00001
0.60000 0.00001
0.70000 0.00001
0.80000 0.00001
0.90000 0.00001
1.00000 0.00001
1.10000 0.00001
1.20000 0.00001
1.30000 0.00001
1.40000 0.00002
1.50000 0.00002
1.60000 0.00002
1.70000 0.00002
1.80000 0.00002
1.90000 0.00002
2.00000 0.00002
2.10000 0.00003
2.20000 0.00003
2.30000 0.00003
2.40000 0.00003
2.50000 0.00004
2.60000 0.00004
2.70000 0.00005
2.80000 0.00005
2.90000 0.00006
3.00000 0.00007
3.10000 0.00008
3.20000 0.00009
3.30000 0.00011
3.40000 0.00013
3.50000 0.00015
3.60000 0.00018
3.70000 0.00021
3.80000 0.00025
3.90000 0.00029
4.00000 0.00033
4.10000 0.00037
4.20000 0.00042
4.30000 0.00046
4.40000 0.00050
4.50000 0.00055
4.60000 0.00058
4.70000 0.00062
4.80000 0.00065
4.90000 0.00068
5.00000 0.00070
5.10000 0.00072
5.20000 0.00074
5.30000 0.00076
5.40000 0.00077
5.50000 0.00078
5.60000 0.00079
5.70000 0.00079
5.80000 0.00078
5.90000 0.00077
6.00000 0.00076
6.10000 0.00073
6.20000 0.00070
6.30000 0.00066
6.40000 0.00061
6.50000 0.00056
6.60000 0.00051
6.70000 0.00045
6.80000 0.00040
6.90000 0.00035
7.00000 0.00030
7.10000 0.00026
7.20000 0.00022
7.30000 0.00019
7.40000 0.00016
7.50000 0.00014
7.60000 0.00012
7.70000 0.00010
7.80000 0.00009
7.90000 0.00008
8.00000 0.00007
8.10000 0.00006
8.20000 0.00005
8.30000 0.00005
8.40000 0.00004
8.50000 0.00004
8.60000 0.00004
8.70000 0.00003
8.80000 0.00003
8.90000 0.00003
9.00000 0.00003
9.10000 0.00002
9.20000 0.00002
9.30000 0.00002
9.40000 0.00002
9.50000 0.00002
9.60000 0.00002
9.70000 0.00002
9.80000 0.00002
9.90000 0.00001
10.00000 0.00001
10.10000 0.00001
10.20000 0.00001
10.30000 0.00001
10.40000 0.00001
10.50000 0.00001
10.60000 0.00001
10.70000 0.00001
10.80000 0.00001
10.90000 0.00001
11.00000 0.00001
11.10000 0.00001
11.20000 0.00001
11.30000 0.00001
11.40000 0.00001
11.50000 0.00001
11.60000 0.00001
11.70000 0.00001
11.80000 0.00001
11.90000 0.00001
12.00000 0.00001
12.10000 0.00001
12.20000 0.00001
12.30000 0.00001
12.40000 0.00001
12.50000 0.00001
12.60000 0.00001
12.70000 0.00001
12.80000 0.00001
12.90000 0.00001
13.00000 0.00001
13.10000 0.00001
13.20000 0.00001
13.30000 0.00001
13.40000 0.00001
13.50000 0.00001
13.60000 0.00001
13.70000 0.00001
13.80000 0.00001
13.90000 0.00001
14.00000 0.00001
14.10000 0.00001
14.20000 0.00001
14.30000 0.00001
14.40000 0.00001
14.50000 0.00001
14.60000 0.00001
14.70000 0.00001
14.80000 0.00001
14.90000 0.00001
15.00000 0.00001
15.10000 0.00001
15.20000 0.00001
15.30000 0.00001
15.40000 0.00001
15.50000 0.00001
15.60000 0.00001
15.70000 0.00001
15.80000 0.00001
15.90000 0.00001
16.00000 0.00001
16.10000 0.00001
16.20000 0.00001
16.30000 0.00001
16.40000 0.00001
16.50000 0.00001
16.60000 0.00001
16.70000 0.00001
16.80000 0.00001
16.90000 0.00001
17.00000 0.00001
17.10000 0.00001
17.20000 0.00001
17.30000 0.00002
17.40000 0.00002
17.50000 0.00002
17.60000 0.00002
17.70000 0.00002
17.80000 0.00002
17.90000 0.00002
18.00000 0.00002
18.10000 0.00002
18.20000 0.00002
18.30000 0.00003
18.40000 0.00003
18.50000 0.00003
18.60000 0.00003
18.70000 0.00002
18.80000 0.00002
18.90000 0.00002
19.00000 0.00002
19.10000 0.00002
19.20000 0.00002
19.30000 0.00002
19.40000 0.00002
19.50000 0.00002
19.60000 0.00001
19.70000 0.00001
19.80000 0.00001
19.90000 0.00001
20.00000 0.00001
20.10000 0.00001
20.20000 0.00001
20.30000 0.00001
20.40000 0.00001
20.50000 0.00001
20.60000 0.00001
20.70000 0.00000
20.80000 0.00000
20.90000 0.00000
21.00000 0.00000
21.10000 0.00000
21.20000 0.00000
21.30000 0.00000
21.40000 0.00000
21.50000 0.00000
21.60000 0.00000
21.70000 0.00000
21.80000 0.00000
21.90000 0.00000
22.00000 0.00000
22.10000 0.00000
22.20000 0.00000
22.30000 0.00000
22.40000 0.00000
22.50000 0.00000
22.60000 0.00000
22.70000 0.00000
22.80000 0.00000
22.90000 0.00000
23.00000 0.00000
23.10000 0.00000
23.20000 0.00000
23.30000 0.00000
23.40000 0.00000
23.50000 0.00000
23.60000 0.00000
23.70000 0.00000
23.80000 0.00000
23.90000 0.00000
24.00000 0.00000
24.10000 0.00000
24.20000 0.00000
24.30000 0.00000
24.40000 0.00000
24.50000 0.00000
24.60000 0.00000
24.70000 0.00000
24.80000 0.00000
24.90000 0.00000
25.00000 0.00000
