-5.00000 0.00002
-4.90000 0.00002
-4.80000 0.00002
-4.70000 0.00002
-4.60000 0.00002
-4.50000 0.00002
-4.40000 0.00002
-4.30000 0.00002
-4.20000 0.00002
-4.10000 0.00002
-4.00000 0.00002
-3.90000 0.00002
-3.80000 0.00003
-3.70000 0.00003
-3.60000 0.00003
-3.50000 0.00003
-3.40000 0.00003
-3.30000 0.00003
-3.20000 0.00003
-3.10000 0.00003
-3.00000 0.00003
-2.90000 0.00004
-2.80000 0.00004
-2.70000 0.00004
-2.60000 0.00004
-2.50000 0.00004
-2.40000 0.00004
-2.30000 0.00004
-2.20000 0.00005
-2.10000 0.00005
-2.00000 0.00005
-1.90000 0.00005
-1.80000 0.00005
-1.70000 0.00006
-1.60000 0.00006
-1.50000 0.00006
-1.40000 0.00006
-1.30000 0.00007
-1.20000 0.00007
-1.10000 0.00007
-1.00000 0.00007
-0.90000 0.00008
-0.80000 0.00008
-0.70000 0.00008
-0.60000 0.00009
-0.50000 0.00009
-0.40000 0.00010
-0.30000 0.00010
-0.20000 0.00010
-0.10000 0.00011
0.00000 0.00011
0.10000 0.00012
0.20000 0.00013
0.30000 0.00013
0.40000 0.00014
0.50000 0.00014
0.60000 0.00015
0.70000 0.00016
0.80000 0.00017
0.90000 0.00018
1.00000 0.00019
1.10000 0.00020
1.20000 0.00021
1.30000 0.00022
1.40000 0.00024
1.50000 0.00025
1.60000 0.00027
1.70000 0.00029
1.80000 0.00031
1.90000 0.00033
2.00000 0.00035
2.10000 0.00038
2.20000 0.00042
2.30000 0.00046
2.40000 0.00050
2.50000 0.00056
2.60000 0.00062
2.70000 0.00070
2.80000 0.00080
2.90000 0.00093
3.00000 0.00109
3.10000 0.00129
3.20000 0.00154
3.30000 0.00186
3.40000 0.00225
3.50000 0.00273
3.60000 0.00331
3.70000 0.00400
3.80000 0.00479
3.90000 0.00569
4.00000 0.00668
4.10000 0.00773
4.20000 0.00884
4.30000 0.00995
4.40000 0.01105
4.50000 0.01210
4.60000 0.01307
4.70000 0.01395
4.80000 0.01472
4.90000 0.01538
5.00000 0.01595
5.10000 0.01644
5.20000 0.01687
5.30000 0.01725
5.40000 0.01758
5.50000 0.01787
5.60000 0.01810
5.70000 0.01824
5.80000 0.01826
5.90000 0.01813
6.00000 0.01782
6.10000 0.01731
6.20000 0.01660
6.30000 0.01569
6.40000 0.01461
6.50000 0.01339
6.60000 0.01209
6.70000 0.01074
6.80000 0.00941
6.90000 0.00813
7.00000 0.00693
7.10000 0.00585
7.20000 0.00489
7.30000 0.00406
7.40000 0.00336
7.50000 0.00278
7.60000 0.00230
7.70000 0.00192
7.80000 0.00161
7.90000 0.00136
8.00000 0.00117
8.10000 0.00101
8.20000 0.00088
8.30000 0.00078
8.40000 0.00069
8.50000 0.00062
8.60000 0.00057
8.70000 0.00052
8.80000 0.00047
8.90000 0.00043
9.00000 0.00040
9.10000 0.00037
9.20000 0.00035
9.30000 0.00032
9.40000 0.00030
9.50000 0.00028
9.60000 0.00027
9.70000 0.00025
9.80000 0.00024
9.90000 0.00023
10.00000 0.00021
10.10000 0.00020
10.20000 0.00019
10.30000 0.00018
10.40000 0.00017
10.50000 0.00017
10.60000 0.00016
10.70000 0.00015
10.80000 0.00015
10.90000 0.00014
11.00000 0.00013
11.10000 0.00013
11.20000 0.00012
11.30000 0.00012
11.40000 0.00012
11.50000 0.00011
11.60000 0.00011
11.70000 0.00010
11.80000 0.00010
11.90000 0.00010
12.00000 0.00010
12.10000 0.00009
12.20000 0.00009
12.30000 0.00009
12.40000 0.00009
12.50000 0.00009
12.60000 0.00009
12.70000 0.00009
12.80000 0.00009
12.90000 0.00009
13.00000 0.00009
13.10000 0.00009
13.20000 0.00009
13.30000 0.00010
13.40000 0.00010
13.50000 0.00010
13.60000 0.00010
13.70000 0.00011
13.80000 0.00011
13.90000 0.00011
14.00000 0.00011
14.10000 0.00011
14.20000 0.00011
14.30000 0.00011
14.40000 0.00011
14.50000 0.00011
14.60000 0.00011
14.70000 0.00011
14.80000 0.00011
14.90000 0.00010
15.00000 0.00010
15.10000 0.00010
15.20000 0.00010
15.30000 0.00010
15.40000 0.00010
15.50000 0.00010
15.60000 0.00010
15.70000 0.00010
15.80000 0.00010
15.90000 0.00010
16.00000 0.00011
16.10000 0.00011
16.20000 0.00012
16.30000 0.00013
16.40000 0.00014
16.50000 0.00015
16.60000 0.00016
16.70000 0.00018
16.80000 0.00019
16.90000 0.00021
17.00000 0.00023
17.10000 0.00025
17.20000 0.00028
17.30000 0.00030
17.40000 0.00033
17.50000 0.00036
17.60000 0.00038
17.70000 0.00041
17.80000 0.00043
17.90000 0.00045
18.00000 0.00048
18.10000 0.00049
18.20000 0.00051
18.30000 0.00052
18.40000 0.00052
18.50000 0.00052
18.60000 0.00052
18.70000 0.00051
18.80000 0.00050
18.90000 0.00048
19.00000 0.00046
19.10000 0.00044
19.20000 0.00041
19.30000 0.00038
19.40000 0.00036
19.50000 0.00033
19.60000 0.00030
19.70000 0.00027
19.80000 0.00025
19.90000 0.00023
20.00000 0.00020
20.10000 0.00018
20.20000 0.00016
20.30000 0.00015
20.40000 0.00013
20.50000 0.00012
20.60000 0.00011
20.70000 0.00010
20.80000 0.00009
20.90000 0.00008
21.00000 0.00007
21.10000 0.00007
21.20000 0.00006
21.30000 0.00006
21.40000 0.00005
21.50000 0.00005
21.60000 0.00004
21.70000 0.00004
21.80000 0.00004
21.90000 0.00003
22.00000 0.00003
22.10000 0.00003
22.20000 0.00003
22.30000 0.00002
22.40000 0.00002
22.50000 0.00002
22.60000 0.00002
22.70000 0.00002
22.80000 0.00002
22.90000 0.00002
23.00000 0.00001
23.10000 0.00001
23.20000 0.00001
23.30000 0.00001
23.40000 0.00001
23.50000 0.00001
23.60000 0.00001
23.70000 0.00001
23.80000 0.00001
23.90000 0.00001
24.00000 0.00001
24.10000 0.00000
24.20000 0.00000
24.30000 0.00000
24.40000 0.00000
24.50000 0.00000
24.60000 0.00000
24.70000 0.00000
24.80000 0.00000
24.90000 0.00000
25.00000 0.00000
