-5.00000 0.00296
-4.90000 0.00306
-4.80000 0.00318
-4.70000 0.00329
-4.60000 0.00342
-4.50000 0.00355
-4.40000 0.00369
-4.30000 0.00383
-4.20000 0.00398
-4.10000 0.00415
-4.00000 0.00432
-3.90000 0.00450
-3.80000 0.00469
-3.70000 0.00490
-3.60000 0.00512
-3.50000 0.00536
-3.40000 0.00561
-3.30000 0.00588
-3.20000 0.00617
-3.10000 0.00648
-3.00000 0.00682
-2.90000 0.00718
-2.80000 0.00758
-2.70000 0.00801
-2.60000 0.00848
-2.50000 0.00900
-2.40000 0.00957
-2.30000 0.01021
-2.20000 0.01092
-2.10000 0.01173
-2.00000 0.01264
-1.90000 0.01369
-1.80000 0.01491
-1.70000 0.01635
-1.60000 0.01807
-1.50000 0.02015
-1.40000 0.02272
-1.30000 0.02591
-1.20000 0.02992
-1.10000 0.03498
-1.00000 0.04138
-0.90000 0.04945
-0.80000 0.05956
-0.70000 0.07211
-0.60000 0.08748
-0.50000 0.10601
-0.40000 0.12795
-0.30000 0.15340
-0.20000 0.18225
-0.10000 0.21417
0.00000 0.24857
0.10000 0.28458
0.20000 0.32111
0.30000 0.35694
0.40000 0.39076
0.50000 0.42134
0.60000 0.44760
0.70000 0.46875
0.80000 0.48438
0.90000 0.49444
1.00000 0.49925
1.10000 0.49944
1.20000 0.49580
1.30000 0.48921
1.40000 0.48048
1.50000 0.47028
1.60000 0.45905
1.70000 0.44702
1.80000 0.43426
1.90000 0.42073
2.00000 0.40637
2.10000 0.39121
2.20000 0.37544
2.30000 0.35941
2.40000 0.34363
2.50000 0.32874
2.60000 0.31545
2.70000 0.30440
2.80000 0.29613
2.90000 0.29097
3.00000 0.28900
3.10000 0.29001
3.20000 0.29352
3.30000 0.29878
3.40000 0.30485
3.50000 0.31069
3.60000 0.31524
3.70000 0.31752
3.80000 0.31673
3.90000 0.31235
4.00000 0.30415
4.10000 0.29227
4.20000 0.27711
4.30000 0.25937
4.40000 0.23990
4.50000 0.21964
4.60000 0.19950
4.70000 0.18028
4.80000 0.16263
4.90000 0.14697
5.00000 0.13351
5.10000 0.12225
5.20000 0.11302
5.30000 0.10554
5.40000 0.09944
5.50000 0.09434
5.60000 0.08988
5.70000 0.08577
5.80000 0.08177
5.90000 0.07776
6.00000 0.07368
6.10000 0.06956
6.20000 0.06548
6.30000 0.06156
6.40000 0.05794
6.50000 0.05475
6.60000 0.05211
6.70000 0.05014
6.80000 0.04890
6.90000 0.04845
7.00000 0.04881
7.10000 0.04996
7.20000 0.05189
7.30000 0.05455
7.40000 0.05788
7.50000 0.06179
7.60000 0.06619
7.70000 0.07095
7.80000 0.07593
7.90000 0.08100
8.00000 0.08598
8.10000 0.09069
8.20000 0.09497
8.30000 0.09863
8.40000 0.10154
8.50000 0.10355
8.60000 0.10458
8.70000 0.10458
8.80000 0.10354
8.90000 0.10151
9.00000 0.09856
9.10000 0.09482
9.20000 0.09044
9.30000 0.08560
9.40000 0.08048
9.50000 0.07526
9.60000 0.07012
9.70000 0.06522
9.80000 0.06067
9.90000 0.05659
10.00000 0.05305
10.10000 0.05009
10.20000 0.04773
10.30000 0.04596
10.40000 0.04474
10.50000 0.04404
10.60000 0.04378
10.70000 0.04389
10.80000 0.04428
10.90000 0.04484
11.00000 0.04549
11.10000 0.04612
11.20000 0.04664
11.30000 0.04695
11.40000 0.04698
11.50000 0.04668
11.60000 0.04601
11.70000 0.04497
11.80000 0.04356
11.90000 0.04181
12.00000 0.03978
12.10000 0.03753
12.20000 0.03511
12.30000 0.03260
12.40000 0.03006
12.50000 0.02755
12.60000 0.02511
12.70000 0.02280
12.80000 0.02063
12.90000 0.01863
13.00000 0.01682
13.10000 0.01520
13.20000 0.01376
13.30000 0.01250
13.40000 0.01142
13.50000 0.01049
13.60000 0.00971
13.70000 0.00907
13.80000 0.00854
13.90000 0.00812
14.00000 0.00778
14.10000 0.00752
14.20000 0.00733
14.30000 0.00719
14.40000 0.00709
14.50000 0.00702
14.60000 0.00698
14.70000 0.00694
14.80000 0.00691
14.90000 0.00687
15.00000 0.00681
15.10000 0.00672
15.20000 0.00660
15.30000 0.00645
15.40000 0.00626
15.50000 0.00604
15.60000 0.00578
15.70000 0.00549
15.80000 0.00518
15.90000 0.00486
16.00000 0.00452
16.10000 0.00419
16.20000 0.00387
16.30000 0.00356
16.40000 0.00327
16.50000 0.00301
16.60000 0.00276
16.70000 0.00254
16.80000 0.00234
16.90000 0.00217
17.00000 0.00201
17.10000 0.00187
17.20000 0.00175
17.30000 0.00165
17.40000 0.00155
17.50000 0.00146
17.60000 0.00139
17.70000 0.00132
17.80000 0.00125
17.90000 0.00120
18.00000 0.00114
18.10000 0.00109
18.20000 0.00105
18.30000 0.00101
18.40000 0.00097
18.50000 0.00093
18.60000 0.00089
18.70000 0.00086
18.80000 0.00083
18.90000 0.00079
19.00000 0.00077
19.10000 0.00074
19.20000 0.00071
19.30000 0.00069
19.40000 0.00066
19.50000 0.00064
19.60000 0.00061
19.70000 0.00059
19.80000 0.00057
19.90000 0.00055
20.00000 0.00053
20.10000 0.00051
20.20000 0.00049
20.30000 0.00048
20.40000 0.00046
20.50000 0.00044
20.60000 0.00043
20.70000 0.00041
20.80000 0.00040
20.90000 0.00038
21.00000 0.00037
21.10000 0.00035
21.20000 0.00034
21.30000 0.00033
21.40000 0.00031
21.50000 0.00030
21.60000 0.00029
21.70000 0.00028
21.80000 0.00026
21.90000 0.00025
22.00000 0.00024
22.10000 0.00023
22.20000 0.00022
22.30000 0.00021
22.40000 0.00020
22.50000 0.00019
22.60000 0.00018
22.70000 0.00017
22.80000 0.00016
22.90000 0.00015
23.00000 0.00014
23.10000 0.00014
23.20000 0.00013
23.30000 0.00012
23.40000 0.00011
23.50000 0.00010
23.60000 0.00009
23.70000 0.00009
23.80000 0.00008
23.90000 0.00007
24.00000 0.00006
24.10000 0.00006
24.20000 0.00005
24.30000 0.00004
24.40000 0.00004
24.50000 0.00003
24.60000 0.00002
24.70000 0.00002
24.80000 0.00001
24.90000 0.00001
25.00000 0.00000
