519.00000 0.00131 0.00182 0.00314
519.17133 0.00135 0.00187 0.00322
519.34271 0.00139 0.00192 0.00330
519.51410 0.00143 0.00197 0.00339
519.68549 0.00147 0.00202 0.00349
519.85681 0.00151 0.00207 0.00358
520.02820 0.00156 0.00213 0.00369
520.19958 0.00161 0.00219 0.00379
520.37097 0.00166 0.00225 0.00390
520.54230 0.00171 0.00231 0.00402
520.71368 0.00176 0.00238 0.00414
520.88507 0.00182 0.00245 0.00427
521.05646 0.00189 0.00252 0.00441
521.22778 0.00195 0.00260 0.00455
521.39917 0.00202 0.00268 0.00470
521.57056 0.00209 0.00276 0.00485
521.74188 0.00217 0.00285 0.00502
521.91327 0.00225 0.00294 0.00519
522.08466 0.00234 0.00304 0.00538
522.25604 0.00243 0.00314 0.00557
522.42737 0.00253 0.00325 0.00578
522.59875 0.00264 0.00336 0.00600
522.77014 0.00275 0.00348 0.00623
522.94153 0.00287 0.00360 0.00648
523.11285 0.00300 0.00374 0.00674
523.28424 0.00314 0.00388 0.00702
523.45563 0.00330 0.00403 0.00732
523.62695 0.00346 0.00419 0.00764
523.79834 0.00364 0.00435 0.00799
523.96973 0.00383 0.00453 0.00836
524.14111 0.00404 0.00472 0.00876
524.31244 0.00427 0.00493 0.00920
524.48383 0.00452 0.00514 0.00967
524.65521 0.00480 0.00538 0.01018
524.82660 0.00511 0.00563 0.01074
524.99792 0.00545 0.00590 0.01135
525.16931 0.00583 0.00619 0.01202
525.34070 0.00626 0.00650 0.01276
525.51208 0.00674 0.00684 0.01359
525.68341 0.00729 0.00721 0.01450
525.85480 0.00792 0.00762 0.01553
526.02618 0.00864 0.00806 0.01669
526.19751 0.00947 0.00854 0.01801
526.36890 0.01046 0.00907 0.01953
526.54028 0.01162 0.00966 0.02128
526.71167 0.01302 0.01032 0.02334
526.88300 0.01473 0.01106 0.02579
527.05438 0.01684 0.01190 0.02875
527.22577 0.01953 0.01287 0.03240
527.39716 0.02302 0.01399 0.03702
527.56848 0.02773 0.01534 0.04307
527.73987 0.03437 0.01703 0.05139
527.91125 0.04431 0.01927 0.06358
528.08264 0.06042 0.02246 0.08289
528.25397 0.08861 0.02718 0.11579
528.42535 0.13975 0.03391 0.17366
528.59674 0.22922 0.04246 0.27168
528.76807 0.36830 0.05140 0.41971
528.93945 0.54625 0.05852 0.60476
529.11084 0.71578 0.06231 0.77809
529.28223 0.80809 0.06343 0.87152
529.45355 0.77841 0.06449 0.84290
529.62494 0.64220 0.06857 0.71077
529.79633 0.46224 0.07829 0.54054
529.96771 0.30132 0.09631 0.39763
530.13904 0.18879 0.12691 0.31570
530.31042 0.12226 0.17766 0.29992
530.48181 0.08690 0.25904 0.34595
530.65314 0.06934 0.37940 0.44875
530.82452 0.06170 0.53385 0.59555
530.99591 0.06048 0.69299 0.75347
531.16730 0.06490 0.80702 0.87192
531.33862 0.07606 0.83201 0.90807
531.51001 0.09665 0.76097 0.85762
531.68140 0.13013 0.62993 0.76006
531.85278 0.17833 0.49267 0.67100
532.02411 0.23726 0.38906 0.62632
532.19550 0.29434 0.33216 0.62650
532.36688 0.33164 0.31552 0.64716
532.53827 0.33615 0.32636 0.66251
532.70959 0.30942 0.35494 0.66436
532.88098 0.26726 0.39764 0.66491
533.05237 0.22964 0.45530 0.68494
533.22369 0.20959 0.52928 0.73887
533.39508 0.20838 0.61662 0.82499
533.56647 0.21732 0.70460 0.92192
533.73785 0.22339 0.76931 0.99270
533.90918 0.21623 0.78377 1.00000
534.08057 0.19335 0.73405 0.92739
534.25195 0.16023 0.63012 0.79035
534.42334 0.12568 0.50059 0.62628
534.59467 0.09663 0.37591 0.47254
534.76605 0.07584 0.27451 0.35034
534.93744 0.06292 0.20077 0.26369
535.10876 0.05613 0.15042 0.20655
535.28015 0.05358 0.11674 0.17032
535.45154 0.05368 0.09406 0.14774
535.62292 0.05518 0.07848 0.13366
535.79425 0.05721 0.06752 0.12473
535.96564 0.05920 0.05966 0.11886
536.13702 0.06088 0.05395 0.11482
536.30841 0.06213 0.04981 0.11194
536.47974 0.06296 0.04695 0.10992
536.65112 0.06341 0.04526 0.10867
536.82251 0.06346 0.04469 0.10815
536.99390 0.06317 0.04522 0.10838
537.16522 0.06284 0.04682 0.10965
537.33661 0.06309 0.04953 0.11262
537.50800 0.06471 0.05356 0.11827
537.67932 0.06830 0.05926 0.12755
537.85071 0.07383 0.06692 0.14075
538.02209 0.08035 0.07631 0.15666
538.19348 0.08596 0.08623 0.17219
538.36481 0.08840 0.09450 0.18290
538.53619 0.08612 0.09863 0.18475
538.70758 0.07903 0.09697 0.17601
538.87897 0.06859 0.08961 0.15820
539.05029 0.05693 0.07834 0.13527
539.22168 0.04594 0.06564 0.11157
539.39307 0.03669 0.05366 0.09035
539.56445 0.02946 0.04360 0.07307
539.73578 0.02405 0.03576 0.05981
539.90717 0.02004 0.02990 0.04994
540.07855 0.01707 0.02561 0.04268
540.24988 0.01485 0.02250 0.03735
540.42126 0.01317 0.02026 0.03343
540.59265 0.01187 0.01871 0.03058
540.76404 0.01088 0.01771 0.02859
540.93536 0.01012 0.01719 0.02732
541.10675 0.00956 0.01714 0.02670
541.27814 0.00915 0.01754 0.02669
541.44952 0.00888 0.01840 0.02728
541.62085 0.00872 0.01966 0.02839
541.79224 0.00864 0.02120 0.02984
541.96362 0.00861 0.02279 0.03140
542.13501 0.00858 0.02413 0.03271
542.30634 0.00855 0.02495 0.03349
542.47772 0.00850 0.02510 0.03361
542.64911 0.00845 0.02467 0.03312
542.82043 0.00842 0.02387 0.03229
542.99182 0.00841 0.02297 0.03138
543.16321 0.00844 0.02215 0.03060
543.33459 0.00853 0.02145 0.02998
543.50592 0.00868 0.02079 0.02947
543.67731 0.00890 0.02006 0.02895
543.84869 0.00919 0.01915 0.02835
544.02008 0.00955 0.01807 0.02762
544.19141 0.00995 0.01685 0.02680
544.36279 0.01038 0.01555 0.02593
544.53418 0.01084 0.01422 0.02506
544.70551 0.01135 0.01290 0.02426
544.87689 0.01196 0.01164 0.02360
545.04828 0.01273 0.01045 0.02318
545.21967 0.01372 0.00936 0.02308
545.39099 0.01499 0.00839 0.02338
545.56238 0.01658 0.00754 0.02412
545.73376 0.01850 0.00682 0.02532
545.90515 0.02073 0.00622 0.02695
546.07648 0.02320 0.00572 0.02892
546.24786 0.02581 0.00531 0.03112
546.41925 0.02841 0.00498 0.03340
546.59058 0.03088 0.00473 0.03561
546.76196 0.03315 0.00453 0.03768
546.93335 0.03526 0.00438 0.03964
547.10474 0.03734 0.00427 0.04161
547.27606 0.03958 0.00419 0.04377
547.44745 0.04213 0.00413 0.04627
547.61884 0.04506 0.00407 0.04914
547.79022 0.04828 0.00400 0.05228
547.96155 0.05152 0.00391 0.05543
548.13293 0.05441 0.00378 0.05819
548.30432 0.05649 0.00363 0.06012
548.47571 0.05737 0.00346 0.06083
548.64703 0.05679 0.00328 0.06007
548.81842 0.05472 0.00310 0.05782
548.98981 0.05134 0.00294 0.05428
549.16113 0.04702 0.00280 0.04981
549.33252 0.04216 0.00267 0.04484
549.50391 0.03718 0.00257 0.03975
549.67529 0.03240 0.00249 0.03488
549.84662 0.02802 0.00242 0.03043
550.01801 0.02415 0.00236 0.02651
550.18939 0.02083 0.00230 0.02313
550.36078 0.01803 0.00225 0.02028
550.53210 0.01569 0.00219 0.01788
550.70349 0.01374 0.00212 0.01586
550.87488 0.01213 0.00205 0.01417
551.04626 0.01078 0.00197 0.01275
551.21759 0.00966 0.00189 0.01155
551.38898 0.00871 0.00181 0.01052
551.56036 0.00792 0.00173 0.00965
551.73169 0.00724 0.00166 0.00890
551.90308 0.00666 0.00160 0.00825
552.07446 0.00616 0.00154 0.00769
552.24585 0.00572 0.00148 0.00720
552.41718 0.00532 0.00143 0.00676
552.58856 0.00497 0.00139 0.00636
552.75995 0.00465 0.00135 0.00600
552.93134 0.00435 0.00131 0.00566
553.10266 0.00408 0.00128 0.00536
553.27405 0.00383 0.00124 0.00507
553.44543 0.00360 0.00121 0.00482
553.61682 0.00340 0.00119 0.00458
553.78815 0.00321 0.00116 0.00437
553.95953 0.00305 0.00113 0.00418
554.13092 0.00290 0.00111 0.00401
554.30225 0.00277 0.00109 0.00385
554.47363 0.00265 0.00106 0.00371
554.64502 0.00255 0.00104 0.00359
554.81641 0.00246 0.00102 0.00348
554.98773 0.00237 0.00100 0.00338
555.15912 0.00230 0.00099 0.00329
555.33051 0.00223 0.00097 0.00320
555.50189 0.00216 0.00095 0.00312
555.67322 0.00210 0.00094 0.00303
555.84460 0.00203 0.00092 0.00295
556.01599 0.00196 0.00091 0.00286
556.18738 0.00188 0.00089 0.00278
556.35870 0.00181 0.00088 0.00269
556.53009 0.00173 0.00087 0.00260
556.70148 0.00166 0.00086 0.00252
556.87280 0.00159 0.00084 0.00243
557.04419 0.00152 0.00083 0.00236
557.21558 0.00146 0.00082 0.00228
557.38696 0.00140 0.00081 0.00222
557.55829 0.00135 0.00080 0.00215
557.72968 0.00130 0.00080 0.00210
557.90106 0.00125 0.00079 0.00204
558.07239 0.00121 0.00078 0.00199
558.24377 0.00117 0.00078 0.00195
558.41516 0.00114 0.00077 0.00190
558.58655 0.00110 0.00076 0.00187
558.75787 0.00107 0.00076 0.00183
558.92926 0.00104 0.00076 0.00179
559.10065 0.00101 0.00076 0.00176
559.27203 0.00098 0.00075 0.00174
559.44336 0.00095 0.00075 0.00171
559.61475 0.00093 0.00076 0.00169
559.78613 0.00091 0.00076 0.00167
559.95752 0.00088 0.00076 0.00165
560.12885 0.00086 0.00077 0.00163
560.30023 0.00084 0.00078 0.00162
560.47162 0.00082 0.00079 0.00161
560.64294 0.00080 0.00080 0.00161
560.81433 0.00079 0.00082 0.00161
560.98572 0.00077 0.00084 0.00161
561.15710 0.00075 0.00086 0.00161
561.32843 0.00074 0.00089 0.00162
561.49982 0.00072 0.00091 0.00164
561.67120 0.00071 0.00095 0.00165
561.84259 0.00069 0.00098 0.00167
562.01392 0.00068 0.00102 0.00170
562.18530 0.00067 0.00105 0.00172
562.35669 0.00066 0.00108 0.00174
562.52808 0.00064 0.00111 0.00176
562.69940 0.00063 0.00114 0.00178
562.87079 0.00062 0.00117 0.00179
563.04218 0.00061 0.00118 0.00180
563.21350 0.00060 0.00120 0.00180
563.38489 0.00059 0.00121 0.00180
563.55627 0.00058 0.00121 0.00179
563.72766 0.00058 0.00121 0.00179
563.89899 0.00057 0.00121 0.00177
564.07037 0.00056 0.00120 0.00176
564.24176 0.00055 0.00119 0.00174
564.41315 0.00055 0.00117 0.00171
564.58447 0.00054 0.00114 0.00168
564.75586 0.00053 0.00111 0.00165
564.92725 0.00053 0.00108 0.00160
565.09863 0.00052 0.00104 0.00156
565.26996 0.00052 0.00099 0.00151
565.44135 0.00051 0.00095 0.00146
565.61273 0.00051 0.00090 0.00141
565.78406 0.00051 0.00085 0.00136
565.95544 0.00051 0.00081 0.00131
566.12683 0.00050 0.00077 0.00127
566.29822 0.00050 0.00073 0.00123
566.46954 0.00051 0.00069 0.00119
566.64093 0.00051 0.00066 0.00116
566.81232 0.00051 0.00063 0.00114
566.98370 0.00051 0.00060 0.00111
567.15503 0.00052 0.00057 0.00109
567.32642 0.00052 0.00055 0.00108
567.49780 0.00053 0.00053 0.00106
567.66919 0.00054 0.00051 0.00105
567.84052 0.00055 0.00050 0.00105
568.01190 0.00056 0.00048 0.00104
568.18329 0.00057 0.00047 0.00103
568.35461 0.00057 0.00046 0.00103
568.52600 0.00058 0.00044 0.00103
568.69739 0.00059 0.00043 0.00102
568.86877 0.00059 0.00042 0.00101
569.04010 0.00058 0.00041 0.00100
569.21149 0.00058 0.00040 0.00098
569.38287 0.00057 0.00040 0.00096
569.55420 0.00056 0.00039 0.00094
569.72559 0.00054 0.00038 0.00092
569.89697 0.00052 0.00037 0.00090
570.06836 0.00050 0.00037 0.00087
570.23975 0.00049 0.00036 0.00085
570.41107 0.00047 0.00036 0.00082
570.58246 0.00045 0.00035 0.00080
570.75385 0.00043 0.00034 0.00078
570.92517 0.00042 0.00034 0.00076
571.09656 0.00040 0.00033 0.00074
571.26794 0.00039 0.00033 0.00072
571.43933 0.00038 0.00033 0.00070
571.61066 0.00037 0.00032 0.00069
571.78204 0.00036 0.00032 0.00067
571.95343 0.00035 0.00031 0.00066
572.12476 0.00034 0.00031 0.00065
572.29614 0.00033 0.00031 0.00064
572.46753 0.00032 0.00030 0.00062
572.63892 0.00032 0.00030 0.00061
572.81024 0.00031 0.00030 0.00060
572.98163 0.00030 0.00029 0.00059
573.15302 0.00030 0.00029 0.00059
573.32440 0.00029 0.00029 0.00058
573.49573 0.00029 0.00028 0.00057
573.66711 0.00028 0.00028 0.00056
573.83850 0.00028 0.00028 0.00055
574.00989 0.00027 0.00027 0.00055
574.18121 0.00027 0.00027 0.00054
574.35260 0.00026 0.00027 0.00053
574.52399 0.00026 0.00027 0.00053
574.69531 0.00026 0.00026 0.00052
574.86670 0.00025 0.00026 0.00051
575.03809 0.00025 0.00026 0.00051
575.20947 0.00025 0.00026 0.00050
575.38080 0.00024 0.00026 0.00050
575.55219 0.00024 0.00025 0.00049
575.72357 0.00024 0.00025 0.00049
575.89496 0.00023 0.00025 0.00048
576.06628 0.00023 0.00025 0.00048
576.23767 0.00023 0.00025 0.00047
576.40906 0.00022 0.00024 0.00047
576.58044 0.00022 0.00024 0.00046
576.75177 0.00022 0.00024 0.00046
576.92316 0.00022 0.00024 0.00046
577.09454 0.00021 0.00024 0.00045
577.26587 0.00021 0.00024 0.00045
577.43726 0.00021 0.00023 0.00044
577.60864 0.00021 0.00023 0.00044
577.78003 0.00021 0.00023 0.00044
577.95135 0.00020 0.00023 0.00043
578.12274 0.00020 0.00023 0.00043
578.29413 0.00020 0.00023 0.00043
578.46552 0.00020 0.00023 0.00042
578.63684 0.00020 0.00022 0.00042
578.80823 0.00019 0.00022 0.00042
578.97961 0.00019 0.00022 0.00041
579.15100 0.00019 0.00022 0.00041
579.32233 0.00019 0.00022 0.00041
579.49371 0.00019 0.00022 0.00041
579.66510 0.00018 0.00022 0.00040
579.83643 0.00018 0.00022 0.00040
580.00781 0.00018 0.00022 0.00040
580.17920 0.00018 0.00022 0.00040
580.35059 0.00018 0.00022 0.00040
580.52191 0.00018 0.00022 0.00039
580.69330 0.00018 0.00022 0.00039
580.86469 0.00017 0.00022 0.00039
581.03607 0.00017 0.00022 0.00039
581.20740 0.00017 0.00022 0.00039
581.37878 0.00017 0.00022 0.00039
581.55017 0.00017 0.00022 0.00039
581.72156 0.00017 0.00022 0.00039
581.89288 0.00017 0.00022 0.00038
582.06427 0.00016 0.00022 0.00038
582.23566 0.00016 0.00022 0.00038
582.40698 0.00016 0.00022 0.00038
582.57837 0.00016 0.00022 0.00038
582.74976 0.00016 0.00022 0.00038
582.92114 0.00016 0.00023 0.00038
583.09247 0.00016 0.00023 0.00039
583.26385 0.00016 0.00023 0.00039
583.43524 0.00016 0.00023 0.00039
583.60657 0.00015 0.00024 0.00039
583.77795 0.00015 0.00024 0.00039
583.94934 0.00015 0.00024 0.00039
584.12073 0.00015 0.00025 0.00040
584.29211 0.00015 0.00025 0.00040
584.46344 0.00015 0.00025 0.00040
584.63483 0.00015 0.00026 0.00041
584.80621 0.00015 0.00026 0.00041
584.97754 0.00015 0.00027 0.00042
585.14893 0.00015 0.00028 0.00042
585.32031 0.00015 0.00028 0.00043
585.49170 0.00014 0.00029 0.00044
585.66302 0.00014 0.00030 0.00044
585.83441 0.00014 0.00031 0.00045
586.00580 0.00014 0.00032 0.00046
586.17712 0.00014 0.00033 0.00047
586.34851 0.00014 0.00034 0.00048
586.51990 0.00014 0.00035 0.00050
586.69128 0.00014 0.00037 0.00051
586.86261 0.00014 0.00038 0.00052
587.03400 0.00014 0.00040 0.00054
587.20538 0.00014 0.00041 0.00055
587.37677 0.00014 0.00042 0.00056
587.54810 0.00014 0.00044 0.00058
587.71948 0.00014 0.00045 0.00059
587.89087 0.00014 0.00046 0.00060
588.06226 0.00014 0.00047 0.00061
588.23358 0.00014 0.00048 0.00062
588.40497 0.00014 0.00048 0.00062
588.57635 0.00014 0.00049 0.00063
588.74768 0.00014 0.00049 0.00063
588.91907 0.00014 0.00048 0.00062
589.09045 0.00014 0.00048 0.00062
589.26184 0.00014 0.00047 0.00061
589.43317 0.00014 0.00046 0.00060
589.60455 0.00014 0.00045 0.00059
589.77594 0.00014 0.00043 0.00058
589.94733 0.00014 0.00042 0.00056
590.11865 0.00015 0.00040 0.00055
590.29004 0.00015 0.00039 0.00053
590.46143 0.00015 0.00037 0.00052
590.63281 0.00015 0.00036 0.00051
590.80414 0.00015 0.00034 0.00049
590.97552 0.00015 0.00033 0.00048
591.14691 0.00016 0.00031 0.00047
591.31824 0.00016 0.00030 0.00046
591.48962 0.00016 0.00029 0.00045
591.66101 0.00016 0.00028 0.00044
591.83240 0.00017 0.00027 0.00043
592.00372 0.00017 0.00026 0.00043
592.17511 0.00017 0.00025 0.00042
592.34650 0.00018 0.00024 0.00042
592.51782 0.00018 0.00023 0.00041
592.68921 0.00019 0.00022 0.00041
592.86060 0.00019 0.00021 0.00041
593.03198 0.00019 0.00021 0.00040
593.20337 0.00020 0.00020 0.00040
593.37469 0.00020 0.00020 0.00040
593.54608 0.00021 0.00019 0.00040
593.71747 0.00021 0.00019 0.00040
593.88879 0.00021 0.00018 0.00039
594.06018 0.00021 0.00018 0.00039
594.23157 0.00022 0.00017 0.00039
594.40295 0.00022 0.00017 0.00038
594.57428 0.00022 0.00016 0.00038
594.74567 0.00021 0.00016 0.00038
594.91705 0.00021 0.00016 0.00037
595.08838 0.00021 0.00016 0.00036
595.25977 0.00021 0.00015 0.00036
595.43115 0.00020 0.00015 0.00035
595.60254 0.00020 0.00015 0.00034
595.77393 0.00019 0.00014 0.00034
595.94525 0.00019 0.00014 0.00033
596.11664 0.00018 0.00014 0.00032
596.28802 0.00018 0.00014 0.00031
596.45935 0.00017 0.00014 0.00031
596.63074 0.00017 0.00013 0.00030
596.80212 0.00016 0.00013 0.00029
596.97351 0.00016 0.00013 0.00028
597.14484 0.00015 0.00013 0.00028
597.31622 0.00015 0.00013 0.00027
597.48761 0.00014 0.00012 0.00027
597.65894 0.00014 0.00012 0.00026
597.83032 0.00013 0.00012 0.00026
598.00171 0.00013 0.00012 0.00025
598.17310 0.00013 0.00012 0.00025
598.34442 0.00012 0.00012 0.00024
598.51581 0.00012 0.00012 0.00024
598.68719 0.00012 0.00011 0.00023
598.85858 0.00012 0.00011 0.00023
599.02991 0.00011 0.00011 0.00023
599.20129 0.00011 0.00011 0.00022
599.37268 0.00011 0.00011 0.00022
599.54407 0.00011 0.00011 0.00022
599.71539 0.00010 0.00011 0.00021
599.88678 0.00010 0.00011 0.00021
600.05817 0.00010 0.00011 0.00021
600.22949 0.00010 0.00011 0.00020
600.40088 0.00010 0.00010 0.00020
600.57227 0.00010 0.00010 0.00020
600.74365 0.00009 0.00010 0.00020
600.91498 0.00009 0.00010 0.00020
601.08636 0.00009 0.00010 0.00019
601.25775 0.00009 0.00010 0.00019
601.42914 0.00009 0.00010 0.00019
601.60046 0.00009 0.00010 0.00019
601.77185 0.00009 0.00010 0.00018
601.94324 0.00009 0.00010 0.00018
602.11462 0.00009 0.00010 0.00018
602.28595 0.00008 0.00010 0.00018
602.45734 0.00008 0.00009 0.00018
602.62872 0.00008 0.00009 0.00018
602.80005 0.00008 0.00009 0.00017
602.97144 0.00008 0.00009 0.00017
603.14282 0.00008 0.00009 0.00017
603.31421 0.00008 0.00009 0.00017
603.48553 0.00008 0.00009 0.00017
603.65692 0.00008 0.00009 0.00017
603.82831 0.00008 0.00009 0.00017
603.99969 0.00008 0.00009 0.00016
604.17102 0.00008 0.00009 0.00016
604.34241 0.00008 0.00009 0.00016
604.51379 0.00007 0.00009 0.00016
