-20.00000 0.01166
-19.95000 0.01179
-19.90000 0.01192
-19.85000 0.01205
-19.80000 0.01218
-19.75000 0.01231
-19.70000 0.01244
-19.65000 0.01257
-19.60000 0.01270
-19.55000 0.01282
-19.50000 0.01295
-19.45000 0.01307
-19.40000 0.01319
-19.35000 0.01331
-19.30000 0.01343
-19.25000 0.01354
-19.20000 0.01365
-19.15000 0.01376
-19.10000 0.01387
-19.05000 0.01397
-19.00000 0.01407
-18.95000 0.01416
-18.90000 0.01425
-18.85000 0.01434
-18.80000 0.01442
-18.75000 0.01450
-18.70000 0.01458
-18.65000 0.01465
-18.60000 0.01471
-18.55000 0.01478
-18.50000 0.01483
-18.45000 0.01489
-18.40000 0.01493
-18.35000 0.01498
-18.30000 0.01502
-18.25000 0.01505
-18.20000 0.01508
-18.15000 0.01511
-18.10000 0.01513
-18.05000 0.01515
-18.00000 0.01517
-17.95000 0.01518
-17.90000 0.01519
-17.85000 0.01519
-17.80000 0.01519
-17.75000 0.01519
-17.70000 0.01518
-17.65000 0.01517
-17.60000 0.01516
-17.55000 0.01515
-17.50000 0.01514
-17.45000 0.01512
-17.40000 0.01510
-17.35000 0.01508
-17.30000 0.01506
-17.25000 0.01504
-17.20000 0.01502
-17.15000 0.01499
-17.10000 0.01497
-17.05000 0.01495
-17.00000 0.01492
-16.95000 0.01490
-16.90000 0.01488
-16.85000 0.01486
-16.80000 0.01484
-16.75000 0.01482
-16.70000 0.01480
-16.65000 0.01479
-16.60000 0.01477
-16.55000 0.01476
-16.50000 0.01475
-16.45000 0.01475
-16.40000 0.01474
-16.35000 0.01474
-16.30000 0.01474
-16.25000 0.01474
-16.20000 0.01474
-16.15000 0.01475
-16.10000 0.01476
-16.05000 0.01477
-16.00000 0.01479
-15.95000 0.01481
-15.90000 0.01483
-15.85000 0.01485
-15.80000 0.01488
-15.75000 0.01491
-15.70000 0.01495
-15.65000 0.01498
-15.60000 0.01502
-15.55000 0.01506
-15.50000 0.01511
-15.45000 0.01516
-15.40000 0.01521
-15.35000 0.01527
-15.30000 0.01532
-15.25000 0.01538
-15.20000 0.01545
-15.15000 0.01551
-15.10000 0.01558
-15.05000 0.01566
-15.00000 0.01573
-14.95000 0.01581
-14.90000 0.01589
-14.85000 0.01598
-14.80000 0.01606
-14.75000 0.01615
-14.70000 0.01624
-14.65000 0.01634
-14.60000 0.01644
-14.55000 0.01654
-14.50000 0.01664
-14.45000 0.01675
-14.40000 0.01686
-14.35000 0.01697
-14.30000 0.01709
-14.25000 0.01721
-14.20000 0.01733
-14.15000 0.01745
-14.10000 0.01758
-14.05000 0.01771
-14.00000 0.01784
-13.95000 0.01798
-13.90000 0.01811
-13.85000 0.01826
-13.80000 0.01840
-13.75000 0.01855
-13.70000 0.01870
-13.65000 0.01885
-13.60000 0.01901
-13.55000 0.01917
-13.50000 0.01933
-13.45000 0.01949
-13.40000 0.01966
-13.35000 0.01983
-13.30000 0.02001
-13.25000 0.02019
-13.20000 0.02037
-13.15000 0.02055
-13.10000 0.02074
-13.05000 0.02093
-13.00000 0.02113
-12.95000 0.02133
-12.90000 0.02153
-12.85000 0.02174
-12.80000 0.02194
-12.75000 0.02216
-12.70000 0.02237
-12.65000 0.02260
-12.60000 0.02282
-12.55000 0.02305
-12.50000 0.02328
-12.45000 0.02352
-12.40000 0.02376
-12.35000 0.02400
-12.30000 0.02425
-12.25000 0.02451
-12.20000 0.02477
-12.15000 0.02503
-12.10000 0.02530
-12.05000 0.02557
-12.00000 0.02584
-11.95000 0.02612
-11.90000 0.02641
-11.85000 0.02670
-11.80000 0.02700
-11.75000 0.02730
-11.70000 0.02760
-11.65000 0.02792
-11.60000 0.02823
-11.55000 0.02855
-11.50000 0.02888
-11.45000 0.02921
-11.40000 0.02955
-11.35000 0.02989
-11.30000 0.03024
-11.25000 0.03060
-11.20000 0.03095
-11.15000 0.03132
-11.10000 0.03169
-11.05000 0.03207
-11.00000 0.03245
-10.95000 0.03284
-10.90000 0.03323
-10.85000 0.03363
-10.80000 0.03404
-10.75000 0.03445
-10.70000 0.03486
-10.65000 0.03529
-10.60000 0.03572
-10.55000 0.03615
-10.50000 0.03659
-10.45000 0.03704
-10.40000 0.03749
-10.35000 0.03795
-10.30000 0.03841
-10.25000 0.03888
-10.20000 0.03935
-10.15000 0.03983
-10.10000 0.04032
-10.05000 0.04081
-10.00000 0.04131
-9.95000 0.04181
-9.90000 0.04232
-9.85000 0.04284
-9.80000 0.04336
-9.75000 0.04389
-9.70000 0.04442
-9.65000 0.04496
-9.60000 0.04550
-9.55000 0.04605
-9.50000 0.04661
-9.45000 0.04717
-9.40000 0.04774
-9.35000 0.04831
-9.30000 0.04889
-9.25000 0.04948
-9.20000 0.05007
-9.15000 0.05067
-9.10000 0.05128
-9.05000 0.05189
-9.00000 0.05251
-8.95000 0.05314
-8.90000 0.05377
-8.85000 0.05442
-8.80000 0.05507
-8.75000 0.05572
-8.70000 0.05639
-8.65000 0.05707
-8.60000 0.05775
-8.55000 0.05845
-8.50000 0.05915
-8.45000 0.05987
-8.40000 0.06059
-8.35000 0.06133
-8.30000 0.06208
-8.25000 0.06284
-8.20000 0.06361
-8.15000 0.06440
-8.10000 0.06520
-8.05000 0.06601
-8.00000 0.06684
-7.95000 0.06768
-7.90000 0.06854
-7.85000 0.06942
-7.80000 0.07031
-7.75000 0.07123
-7.70000 0.07216
-7.65000 0.07311
-7.60000 0.07408
-7.55000 0.07507
-7.50000 0.07608
-7.45000 0.07711
-7.40000 0.07817
-7.35000 0.07925
-7.30000 0.08035
-7.25000 0.08148
-7.20000 0.08264
-7.15000 0.08382
-7.10000 0.08503
-7.05000 0.08627
-7.00000 0.08754
-6.95000 0.08884
-6.90000 0.09017
-6.85000 0.09153
-6.80000 0.09292
-6.75000 0.09435
-6.70000 0.09581
-6.65000 0.09731
-6.60000 0.09884
-6.55000 0.10041
-6.50000 0.10201
-6.45000 0.10366
-6.40000 0.10534
-6.35000 0.10706
-6.30000 0.10883
-6.25000 0.11063
-6.20000 0.11248
-6.15000 0.11437
-6.10000 0.11630
-6.05000 0.11828
-6.00000 0.12030
-5.95000 0.12237
-5.90000 0.12448
-5.85000 0.12664
-5.80000 0.12885
-5.75000 0.13110
-5.70000 0.13340
-5.65000 0.13575
-5.60000 0.13815
-5.55000 0.14060
-5.50000 0.14309
-5.45000 0.14564
-5.40000 0.14823
-5.35000 0.15087
-5.30000 0.15356
-5.25000 0.15630
-5.20000 0.15908
-5.15000 0.16192
-5.10000 0.16480
-5.05000 0.16772
-5.00000 0.17069
-4.95000 0.17370
-4.90000 0.17676
-4.85000 0.17986
-4.80000 0.18299
-4.75000 0.18617
-4.70000 0.18938
-4.65000 0.19263
-4.60000 0.19591
-4.55000 0.19922
-4.50000 0.20256
-4.45000 0.20592
-4.40000 0.20930
-4.35000 0.21271
-4.30000 0.21613
-4.25000 0.21956
-4.20000 0.22300
-4.15000 0.22644
-4.10000 0.22989
-4.05000 0.23333
-4.00000 0.23677
-3.95000 0.24019
-3.90000 0.24359
-3.85000 0.24697
-3.80000 0.25033
-3.75000 0.25365
-3.70000 0.25693
-3.65000 0.26017
-3.60000 0.26336
-3.55000 0.26650
-3.50000 0.26957
-3.45000 0.27258
-3.40000 0.27552
-3.35000 0.27838
-3.30000 0.28115
-3.25000 0.28384
-3.20000 0.28643
-3.15000 0.28892
-3.10000 0.29130
-3.05000 0.29357
-3.00000 0.29573
-2.95000 0.29777
-2.90000 0.29968
-2.85000 0.30145
-2.80000 0.30310
-2.75000 0.30460
-2.70000 0.30597
-2.65000 0.30718
-2.60000 0.30825
-2.55000 0.30917
-2.50000 0.30993
-2.45000 0.31054
-2.40000 0.31099
-2.35000 0.31129
-2.30000 0.31142
-2.25000 0.31139
-2.20000 0.31121
-2.15000 0.31086
-2.10000 0.31036
-2.05000 0.30970
-2.00000 0.30889
-1.95000 0.30792
-1.90000 0.30680
-1.85000 0.30553
-1.80000 0.30412
-1.75000 0.30256
-1.70000 0.30087
-1.65000 0.29904
-1.60000 0.29709
-1.55000 0.29501
-1.50000 0.29280
-1.45000 0.29049
-1.40000 0.28806
-1.35000 0.28553
-1.30000 0.28290
-1.25000 0.28018
-1.20000 0.27737
-1.15000 0.27448
-1.10000 0.27152
-1.05000 0.26849
-1.00000 0.26539
-0.95000 0.26224
-0.90000 0.25904
-0.85000 0.25579
-0.80000 0.25251
-0.75000 0.24919
-0.70000 0.24585
-0.65000 0.24249
-0.60000 0.23911
-0.55000 0.23572
-0.50000 0.23233
-0.45000 0.22894
-0.40000 0.22555
-0.35000 0.22217
-0.30000 0.21881
-0.25000 0.21546
-0.20000 0.21214
-0.15000 0.20884
-0.10000 0.20557
-0.05000 0.20234
0.00000 0.19914
0.05000 0.19598
0.10000 0.19286
0.15000 0.18978
0.20000 0.18675
0.25000 0.18376
0.30000 0.18082
0.35000 0.17794
0.40000 0.17510
0.45000 0.17232
0.50000 0.16958
0.55000 0.16691
0.60000 0.16428
0.65000 0.16171
0.70000 0.15920
0.75000 0.15674
0.80000 0.15433
0.85000 0.15198
0.90000 0.14968
0.95000 0.14744
1.00000 0.14524
1.05000 0.14310
1.10000 0.14101
1.15000 0.13896
1.20000 0.13697
1.25000 0.13502
1.30000 0.13312
1.35000 0.13126
1.40000 0.12945
1.45000 0.12768
1.50000 0.12595
1.55000 0.12426
1.60000 0.12261
1.65000 0.12099
1.70000 0.11941
1.75000 0.11787
1.80000 0.11635
1.85000 0.11487
1.90000 0.11341
1.95000 0.11198
2.00000 0.11058
2.05000 0.10921
2.10000 0.10786
2.15000 0.10653
2.20000 0.10522
2.25000 0.10393
2.30000 0.10266
2.35000 0.10140
2.40000 0.10017
2.45000 0.09894
2.50000 0.09774
2.55000 0.09654
2.60000 0.09536
2.65000 0.09419
2.70000 0.09303
2.75000 0.09189
2.80000 0.09075
2.85000 0.08962
2.90000 0.08850
2.95000 0.08739
3.00000 0.08629
3.05000 0.08519
3.10000 0.08410
3.15000 0.08302
3.20000 0.08195
3.25000 0.08089
3.30000 0.07983
3.35000 0.07878
3.40000 0.07774
3.45000 0.07670
3.50000 0.07568
3.55000 0.07466
3.60000 0.07364
3.65000 0.07264
3.70000 0.07164
3.75000 0.07066
3.80000 0.06968
3.85000 0.06871
3.90000 0.06775
3.95000 0.06680
4.00000 0.06586
4.05000 0.06493
4.10000 0.06401
4.15000 0.06310
4.20000 0.06220
4.25000 0.06131
4.30000 0.06043
4.35000 0.05956
4.40000 0.05871
4.45000 0.05786
4.50000 0.05703
4.55000 0.05621
4.60000 0.05540
4.65000 0.05460
4.70000 0.05381
4.75000 0.05304
4.80000 0.05228
4.85000 0.05153
4.90000 0.05079
4.95000 0.05006
5.00000 0.04935
5.05000 0.04864
5.10000 0.04795
5.15000 0.04727
5.20000 0.04660
5.25000 0.04595
5.30000 0.04530
5.35000 0.04467
5.40000 0.04404
5.45000 0.04343
5.50000 0.04283
5.55000 0.04224
5.60000 0.04166
5.65000 0.04109
5.70000 0.04053
5.75000 0.03998
5.80000 0.03944
5.85000 0.03891
5.90000 0.03839
5.95000 0.03788
6.00000 0.03738
6.05000 0.03689
6.10000 0.03641
6.15000 0.03593
6.20000 0.03547
6.25000 0.03501
6.30000 0.03456
6.35000 0.03412
6.40000 0.03369
6.45000 0.03327
6.50000 0.03285
6.55000 0.03244
6.60000 0.03204
6.65000 0.03165
6.70000 0.03126
6.75000 0.03088
6.80000 0.03051
6.85000 0.03014
6.90000 0.02978
6.95000 0.02943
7.00000 0.02908
7.05000 0.02874
7.10000 0.02840
7.15000 0.02807
7.20000 0.02775
7.25000 0.02743
7.30000 0.02712
7.35000 0.02681
7.40000 0.02651
7.45000 0.02621
7.50000 0.02592
7.55000 0.02563
7.60000 0.02535
7.65000 0.02507
7.70000 0.02480
7.75000 0.02453
7.80000 0.02427
7.85000 0.02401
7.90000 0.02375
7.95000 0.02350
8.00000 0.02325
8.05000 0.02301
8.10000 0.02277
8.15000 0.02254
8.20000 0.02230
8.25000 0.02208
8.30000 0.02185
8.35000 0.02163
8.40000 0.02141
8.45000 0.02120
8.50000 0.02099
8.55000 0.02078
8.60000 0.02057
8.65000 0.02037
8.70000 0.02017
8.75000 0.01998
8.80000 0.01979
8.85000 0.01960
8.90000 0.01941
8.95000 0.01923
9.00000 0.01904
9.05000 0.01887
9.10000 0.01869
9.15000 0.01852
9.20000 0.01835
9.25000 0.01818
9.30000 0.01801
9.35000 0.01785
9.40000 0.01769
9.45000 0.01753
9.50000 0.01737
9.55000 0.01722
9.60000 0.01706
9.65000 0.01691
9.70000 0.01676
9.75000 0.01662
9.80000 0.01647
9.85000 0.01633
9.90000 0.01619
9.95000 0.01605
10.00000 0.01592
10.05000 0.01578
10.10000 0.01565
10.15000 0.01552
10.20000 0.01539
10.25000 0.01526
10.30000 0.01514
10.35000 0.01501
10.40000 0.01489
10.45000 0.01477
10.50000 0.01465
10.55000 0.01453
10.60000 0.01442
10.65000 0.01430
10.70000 0.01419
10.75000 0.01408
10.80000 0.01397
10.85000 0.01386
10.90000 0.01375
10.95000 0.01365
11.00000 0.01354
11.05000 0.01344
11.10000 0.01334
11.15000 0.01324
11.20000 0.01314
11.25000 0.01304
11.30000 0.01294
11.35000 0.01285
11.40000 0.01275
11.45000 0.01266
11.50000 0.01257
11.55000 0.01248
11.60000 0.01239
11.65000 0.01230
11.70000 0.01221
11.75000 0.01212
11.80000 0.01204
11.85000 0.01195
11.90000 0.01187
11.95000 0.01179
12.00000 0.01170
12.05000 0.01162
12.10000 0.01154
12.15000 0.01147
12.20000 0.01139
12.25000 0.01131
12.30000 0.01124
12.35000 0.01116
12.40000 0.01109
12.45000 0.01101
12.50000 0.01094
12.55000 0.01087
12.60000 0.01080
12.65000 0.01073
12.70000 0.01066
12.75000 0.01059
12.80000 0.01053
12.85000 0.01046
12.90000 0.01040
12.95000 0.01033
13.00000 0.01027
13.05000 0.01020
13.10000 0.01014
13.15000 0.01008
13.20000 0.01002
13.25000 0.00996
13.30000 0.00990
13.35000 0.00984
13.40000 0.00978
13.45000 0.00973
13.50000 0.00967
13.55000 0.00961
13.60000 0.00956
13.65000 0.00950
13.70000 0.00945
13.75000 0.00940
13.80000 0.00934
13.85000 0.00929
13.90000 0.00924
13.95000 0.00919
14.00000 0.00914
14.05000 0.00909
14.10000 0.00904
14.15000 0.00899
14.20000 0.00894
14.25000 0.00890
14.30000 0.00885
14.35000 0.00880
14.40000 0.00876
14.45000 0.00871
14.50000 0.00866
14.55000 0.00862
14.60000 0.00858
14.65000 0.00853
14.70000 0.00849
14.75000 0.00844
14.80000 0.00840
14.85000 0.00836
14.90000 0.00832
14.95000 0.00828
15.00000 0.00823
15.05000 0.00819
15.10000 0.00815
15.15000 0.00811
15.20000 0.00807
15.25000 0.00803
15.30000 0.00799
15.35000 0.00795
15.40000 0.00791
15.45000 0.00787
15.50000 0.00783
15.55000 0.00779
15.60000 0.00776
15.65000 0.00772
15.70000 0.00768
15.75000 0.00764
15.80000 0.00760
15.85000 0.00756
15.90000 0.00753
15.95000 0.00749
16.00000 0.00745
16.05000 0.00741
16.10000 0.00737
16.15000 0.00734
16.20000 0.00730
16.25000 0.00726
16.30000 0.00722
16.35000 0.00719
16.40000 0.00715
16.45000 0.00711
16.50000 0.00708
16.55000 0.00704
16.60000 0.00700
16.65000 0.00696
16.70000 0.00693
16.75000 0.00689
16.80000 0.00685
16.85000 0.00682
16.90000 0.00678
16.95000 0.00675
17.00000 0.00671
17.05000 0.00667
17.10000 0.00664
17.15000 0.00660
17.20000 0.00656
17.25000 0.00653
17.30000 0.00649
17.35000 0.00646
17.40000 0.00642
17.45000 0.00639
17.50000 0.00635
17.55000 0.00632
17.60000 0.00628
17.65000 0.00625
17.70000 0.00621
17.75000 0.00618
17.80000 0.00614
17.85000 0.00611
17.90000 0.00608
17.95000 0.00604
18.00000 0.00601
18.05000 0.00598
18.10000 0.00594
18.15000 0.00591
18.20000 0.00588
18.25000 0.00585
18.30000 0.00581
18.35000 0.00578
18.40000 0.00575
18.45000 0.00572
18.50000 0.00569
18.55000 0.00566
18.60000 0.00563
18.65000 0.00560
18.70000 0.00556
18.75000 0.00553
18.80000 0.00551
18.85000 0.00548
18.90000 0.00545
18.95000 0.00542
19.00000 0.00539
19.05000 0.00536
19.10000 0.00533
19.15000 0.00530
19.20000 0.00528
19.25000 0.00525
19.30000 0.00522
19.35000 0.00519
19.40000 0.00517
19.45000 0.00514
19.50000 0.00511
19.55000 0.00509
19.60000 0.00506
19.65000 0.00504
19.70000 0.00501
19.75000 0.00499
19.80000 0.00496
19.85000 0.00494
19.90000 0.00491
19.95000 0.00489
20.00000 0.00486
