-20.00000 0.01187
-19.95000 0.01195
-19.90000 0.01203
-19.85000 0.01211
-19.80000 0.01219
-19.75000 0.01227
-19.70000 0.01236
-19.65000 0.01244
-19.60000 0.01252
-19.55000 0.01261
-19.50000 0.01270
-19.45000 0.01278
-19.40000 0.01287
-19.35000 0.01296
-19.30000 0.01305
-19.25000 0.01315
-19.20000 0.01324
-19.15000 0.01333
-19.10000 0.01343
-19.05000 0.01353
-19.00000 0.01362
-18.95000 0.01372
-18.90000 0.01382
-18.85000 0.01392
-18.80000 0.01403
-18.75000 0.01413
-18.70000 0.01423
-18.65000 0.01434
-18.60000 0.01445
-18.55000 0.01456
-18.50000 0.01467
-18.45000 0.01478
-18.40000 0.01489
-18.35000 0.01500
-18.30000 0.01512
-18.25000 0.01524
-18.20000 0.01536
-18.15000 0.01548
-18.10000 0.01560
-18.05000 0.01572
-18.00000 0.01585
-17.95000 0.01597
-17.90000 0.01610
-17.85000 0.01623
-17.80000 0.01636
-17.75000 0.01650
-17.70000 0.01663
-17.65000 0.01677
-17.60000 0.01691
-17.55000 0.01705
-17.50000 0.01719
-17.45000 0.01734
-17.40000 0.01748
-17.35000 0.01763
-17.30000 0.01779
-17.25000 0.01794
-17.20000 0.01810
-17.15000 0.01826
-17.10000 0.01842
-17.05000 0.01858
-17.00000 0.01875
-16.95000 0.01892
-16.90000 0.01909
-16.85000 0.01926
-16.80000 0.01944
-16.75000 0.01962
-16.70000 0.01981
-16.65000 0.01999
-16.60000 0.02018
-16.55000 0.02038
-16.50000 0.02057
-16.45000 0.02077
-16.40000 0.02097
-16.35000 0.02118
-16.30000 0.02139
-16.25000 0.02160
-16.20000 0.02182
-16.15000 0.02204
-16.10000 0.02227
-16.05000 0.02250
-16.00000 0.02273
-15.95000 0.02296
-15.90000 0.02320
-15.85000 0.02345
-15.80000 0.02370
-15.75000 0.02395
-15.70000 0.02420
-15.65000 0.02446
-15.60000 0.02473
-15.55000 0.02500
-15.50000 0.02527
-15.45000 0.02555
-15.40000 0.02583
-15.35000 0.02611
-15.30000 0.02640
-15.25000 0.02669
-15.20000 0.02699
-15.15000 0.02729
-15.10000 0.02759
-15.05000 0.02790
-15.00000 0.02822
-14.95000 0.02853
-14.90000 0.02885
-14.85000 0.02918
-14.80000 0.02951
-14.75000 0.02984
-14.70000 0.03018
-14.65000 0.03052
-14.60000 0.03087
-14.55000 0.03122
-14.50000 0.03157
-14.45000 0.03193
-14.40000 0.03230
-14.35000 0.03266
-14.30000 0.03304
-14.25000 0.03342
-14.20000 0.03380
-14.15000 0.03419
-14.10000 0.03458
-14.05000 0.03498
-14.00000 0.03539
-13.95000 0.03580
-13.90000 0.03622
-13.85000 0.03664
-13.80000 0.03707
-13.75000 0.03751
-13.70000 0.03796
-13.65000 0.03841
-13.60000 0.03887
-13.55000 0.03934
-13.50000 0.03982
-13.45000 0.04031
-13.40000 0.04080
-13.35000 0.04131
-13.30000 0.04182
-13.25000 0.04235
-13.20000 0.04288
-13.15000 0.04343
-13.10000 0.04399
-13.05000 0.04456
-13.00000 0.04514
-12.95000 0.04573
-12.90000 0.04633
-12.85000 0.04694
-12.80000 0.04757
-12.75000 0.04821
-12.70000 0.04886
-12.65000 0.04953
-12.60000 0.05020
-12.55000 0.05089
-12.50000 0.05159
-12.45000 0.05231
-12.40000 0.05303
-12.35000 0.05377
-12.30000 0.05452
-12.25000 0.05529
-12.20000 0.05606
-12.15000 0.05685
-12.10000 0.05765
-12.05000 0.05846
-12.00000 0.05929
-11.95000 0.06012
-11.90000 0.06097
-11.85000 0.06183
-11.80000 0.06270
-11.75000 0.06358
-11.70000 0.06447
-11.65000 0.06537
-11.60000 0.06628
-11.55000 0.06720
-11.50000 0.06813
-11.45000 0.06906
-11.40000 0.07001
-11.35000 0.07096
-11.30000 0.07192
-11.25000 0.07289
-11.20000 0.07386
-11.15000 0.07484
-11.10000 0.07583
-11.05000 0.07682
-11.00000 0.07781
-10.95000 0.07881
-10.90000 0.07981
-10.85000 0.08082
-10.80000 0.08182
-10.75000 0.08283
-10.70000 0.08383
-10.65000 0.08484
-10.60000 0.08584
-10.55000 0.08684
-10.50000 0.08784
-10.45000 0.08883
-10.40000 0.08981
-10.35000 0.09079
-10.30000 0.09176
-10.25000 0.09272
-10.20000 0.09367
-10.15000 0.09461
-10.10000 0.09553
-10.05000 0.09644
-10.00000 0.09734
-9.95000 0.09822
-9.90000 0.09908
-9.85000 0.09992
-9.80000 0.10075
-9.75000 0.10155
-9.70000 0.10233
-9.65000 0.10309
-9.60000 0.10383
-9.55000 0.10454
-9.50000 0.10523
-9.45000 0.10589
-9.40000 0.10653
-9.35000 0.10714
-9.30000 0.10772
-9.25000 0.10828
-9.20000 0.10882
-9.15000 0.10932
-9.10000 0.10981
-9.05000 0.11027
-9.00000 0.11070
-8.95000 0.11111
-8.90000 0.11150
-8.85000 0.11187
-8.80000 0.11222
-8.75000 0.11255
-8.70000 0.11287
-8.65000 0.11316
-8.60000 0.11345
-8.55000 0.11372
-8.50000 0.11398
-8.45000 0.11423
-8.40000 0.11448
-8.35000 0.11472
-8.30000 0.11496
-8.25000 0.11520
-8.20000 0.11543
-8.15000 0.11568
-8.10000 0.11593
-8.05000 0.11618
-8.00000 0.11645
-7.95000 0.11673
-7.90000 0.11702
-7.85000 0.11733
-7.80000 0.11766
-7.75000 0.11801
-7.70000 0.11838
-7.65000 0.11878
-7.60000 0.11920
-7.55000 0.11965
-7.50000 0.12013
-7.45000 0.12065
-7.40000 0.12120
-7.35000 0.12178
-7.30000 0.12240
-7.25000 0.12306
-7.20000 0.12375
-7.15000 0.12449
-7.10000 0.12527
-7.05000 0.12610
-7.00000 0.12697
-6.95000 0.12789
-6.90000 0.12885
-6.85000 0.12986
-6.80000 0.13092
-6.75000 0.13203
-6.70000 0.13319
-6.65000 0.13441
-6.60000 0.13567
-6.55000 0.13699
-6.50000 0.13836
-6.45000 0.13978
-6.40000 0.14126
-6.35000 0.14279
-6.30000 0.14438
-6.25000 0.14602
-6.20000 0.14772
-6.15000 0.14947
-6.10000 0.15128
-6.05000 0.15314
-6.00000 0.15505
-5.95000 0.15702
-5.90000 0.15904
-5.85000 0.16112
-5.80000 0.16325
-5.75000 0.16543
-5.70000 0.16766
-5.65000 0.16993
-5.60000 0.17226
-5.55000 0.17464
-5.50000 0.17706
-5.45000 0.17953
-5.40000 0.18203
-5.35000 0.18459
-5.30000 0.18718
-5.25000 0.18980
-5.20000 0.19247
-5.15000 0.19517
-5.10000 0.19790
-5.05000 0.20066
-5.00000 0.20345
-4.95000 0.20626
-4.90000 0.20910
-4.85000 0.21195
-4.80000 0.21482
-4.75000 0.21771
-4.70000 0.22061
-4.65000 0.22352
-4.60000 0.22644
-4.55000 0.22936
-4.50000 0.23228
-4.45000 0.23521
-4.40000 0.23812
-4.35000 0.24104
-4.30000 0.24394
-4.25000 0.24683
-4.20000 0.24970
-4.15000 0.25256
-4.10000 0.25540
-4.05000 0.25822
-4.00000 0.26101
-3.95000 0.26378
-3.90000 0.26652
-3.85000 0.26922
-3.80000 0.27190
-3.75000 0.27453
-3.70000 0.27713
-3.65000 0.27969
-3.60000 0.28221
-3.55000 0.28468
-3.50000 0.28711
-3.45000 0.28949
-3.40000 0.29182
-3.35000 0.29410
-3.30000 0.29632
-3.25000 0.29849
-3.20000 0.30060
-3.15000 0.30265
-3.10000 0.30464
-3.05000 0.30657
-3.00000 0.30843
-2.95000 0.31023
-2.90000 0.31195
-2.85000 0.31361
-2.80000 0.31519
-2.75000 0.31671
-2.70000 0.31814
-2.65000 0.31950
-2.60000 0.32078
-2.55000 0.32197
-2.50000 0.32309
-2.45000 0.32412
-2.40000 0.32507
-2.35000 0.32593
-2.30000 0.32670
-2.25000 0.32738
-2.20000 0.32797
-2.15000 0.32848
-2.10000 0.32889
-2.05000 0.32921
-2.00000 0.32943
-1.95000 0.32957
-1.90000 0.32961
-1.85000 0.32956
-1.80000 0.32942
-1.75000 0.32919
-1.70000 0.32886
-1.65000 0.32845
-1.60000 0.32795
-1.55000 0.32737
-1.50000 0.32670
-1.45000 0.32595
-1.40000 0.32512
-1.35000 0.32421
-1.30000 0.32323
-1.25000 0.32218
-1.20000 0.32107
-1.15000 0.31989
-1.10000 0.31865
-1.05000 0.31736
-1.00000 0.31601
-0.95000 0.31462
-0.90000 0.31318
-0.85000 0.31171
-0.80000 0.31021
-0.75000 0.30868
-0.70000 0.30712
-0.65000 0.30555
-0.60000 0.30397
-0.55000 0.30237
-0.50000 0.30078
-0.45000 0.29918
-0.40000 0.29760
-0.35000 0.29602
-0.30000 0.29446
-0.25000 0.29292
-0.20000 0.29140
-0.15000 0.28991
-0.10000 0.28846
-0.05000 0.28704
0.00000 0.28566
0.05000 0.28432
0.10000 0.28303
0.15000 0.28179
0.20000 0.28059
0.25000 0.27945
0.30000 0.27837
0.35000 0.27733
0.40000 0.27636
0.45000 0.27544
0.50000 0.27459
0.55000 0.27379
0.60000 0.27304
0.65000 0.27236
0.70000 0.27173
0.75000 0.27116
0.80000 0.27064
0.85000 0.27018
0.90000 0.26976
0.95000 0.26939
1.00000 0.26907
1.05000 0.26880
1.10000 0.26856
1.15000 0.26835
1.20000 0.26818
1.25000 0.26804
1.30000 0.26793
1.35000 0.26783
1.40000 0.26775
1.45000 0.26768
1.50000 0.26762
1.55000 0.26755
1.60000 0.26749
1.65000 0.26742
1.70000 0.26733
1.75000 0.26723
1.80000 0.26710
1.85000 0.26695
1.90000 0.26676
1.95000 0.26653
2.00000 0.26626
2.05000 0.26595
2.10000 0.26558
2.15000 0.26516
2.20000 0.26468
2.25000 0.26414
2.30000 0.26353
2.35000 0.26285
2.40000 0.26210
2.45000 0.26127
2.50000 0.26037
2.55000 0.25939
2.60000 0.25833
2.65000 0.25719
2.70000 0.25596
2.75000 0.25466
2.80000 0.25327
2.85000 0.25180
2.90000 0.25024
2.95000 0.24861
3.00000 0.24690
3.05000 0.24511
3.10000 0.24325
3.15000 0.24132
3.20000 0.23931
3.25000 0.23724
3.30000 0.23510
3.35000 0.23290
3.40000 0.23064
3.45000 0.22833
3.50000 0.22597
3.55000 0.22356
3.60000 0.22110
3.65000 0.21861
3.70000 0.21609
3.75000 0.21353
3.80000 0.21094
3.85000 0.20834
3.90000 0.20571
3.95000 0.20307
4.00000 0.20041
4.05000 0.19775
4.10000 0.19508
4.15000 0.19242
4.20000 0.18975
4.25000 0.18709
4.30000 0.18444
4.35000 0.18181
4.40000 0.17918
4.45000 0.17658
4.50000 0.17399
4.55000 0.17143
4.60000 0.16889
4.65000 0.16637
4.70000 0.16389
4.75000 0.16143
4.80000 0.15901
4.85000 0.15661
4.90000 0.15426
4.95000 0.15193
5.00000 0.14964
5.05000 0.14739
5.10000 0.14518
5.15000 0.14301
5.20000 0.14087
5.25000 0.13877
5.30000 0.13671
5.35000 0.13469
5.40000 0.13272
5.45000 0.13078
5.50000 0.12887
5.55000 0.12701
5.60000 0.12519
5.65000 0.12341
5.70000 0.12166
5.75000 0.11996
5.80000 0.11829
5.85000 0.11665
5.90000 0.11506
5.95000 0.11350
6.00000 0.11198
6.05000 0.11049
6.10000 0.10903
6.15000 0.10761
6.20000 0.10622
6.25000 0.10487
6.30000 0.10354
6.35000 0.10225
6.40000 0.10099
6.45000 0.09976
6.50000 0.09855
6.55000 0.09738
6.60000 0.09623
6.65000 0.09511
6.70000 0.09401
6.75000 0.09294
6.80000 0.09189
6.85000 0.09087
6.90000 0.08987
6.95000 0.08890
7.00000 0.08794
7.05000 0.08701
7.10000 0.08610
7.15000 0.08520
7.20000 0.08433
7.25000 0.08348
7.30000 0.08264
7.35000 0.08182
7.40000 0.08102
7.45000 0.08023
7.50000 0.07946
7.55000 0.07871
7.60000 0.07797
7.65000 0.07725
7.70000 0.07654
7.75000 0.07584
7.80000 0.07515
7.85000 0.07448
7.90000 0.07382
7.95000 0.07317
8.00000 0.07254
8.05000 0.07191
8.10000 0.07130
8.15000 0.07069
8.20000 0.07010
8.25000 0.06951
8.30000 0.06893
8.35000 0.06836
8.40000 0.06780
8.45000 0.06725
8.50000 0.06671
8.55000 0.06617
8.60000 0.06564
8.65000 0.06512
8.70000 0.06460
8.75000 0.06409
8.80000 0.06359
8.85000 0.06309
8.90000 0.06259
8.95000 0.06211
9.00000 0.06162
9.05000 0.06115
9.10000 0.06067
9.15000 0.06020
9.20000 0.05974
9.25000 0.05928
9.30000 0.05882
9.35000 0.05836
9.40000 0.05791
9.45000 0.05747
9.50000 0.05702
9.55000 0.05658
9.60000 0.05614
9.65000 0.05571
9.70000 0.05528
9.75000 0.05485
9.80000 0.05442
9.85000 0.05399
9.90000 0.05357
9.95000 0.05315
10.00000 0.05273
10.05000 0.05232
10.10000 0.05190
10.15000 0.05149
10.20000 0.05108
10.25000 0.05068
10.30000 0.05027
10.35000 0.04987
10.40000 0.04947
10.45000 0.04907
10.50000 0.04868
10.55000 0.04828
10.60000 0.04789
10.65000 0.04750
10.70000 0.04712
10.75000 0.04673
10.80000 0.04635
10.85000 0.04597
10.90000 0.04559
10.95000 0.04522
11.00000 0.04485
11.05000 0.04447
11.10000 0.04411
11.15000 0.04374
11.20000 0.04337
11.25000 0.04301
11.30000 0.04265
11.35000 0.04229
11.40000 0.04194
11.45000 0.04158
11.50000 0.04123
11.55000 0.04088
11.60000 0.04054
11.65000 0.04019
11.70000 0.03985
11.75000 0.03950
11.80000 0.03916
11.85000 0.03883
11.90000 0.03849
11.95000 0.03815
12.00000 0.03782
12.05000 0.03749
12.10000 0.03716
12.15000 0.03683
12.20000 0.03651
12.25000 0.03618
12.30000 0.03586
12.35000 0.03554
12.40000 0.03522
12.45000 0.03490
12.50000 0.03458
12.55000 0.03427
12.60000 0.03395
12.65000 0.03364
12.70000 0.03333
12.75000 0.03302
12.80000 0.03271
12.85000 0.03241
12.90000 0.03211
12.95000 0.03180
13.00000 0.03150
13.05000 0.03121
13.10000 0.03091
13.15000 0.03062
13.20000 0.03032
13.25000 0.03003
13.30000 0.02975
13.35000 0.02946
13.40000 0.02918
13.45000 0.02889
13.50000 0.02862
13.55000 0.02834
13.60000 0.02806
13.65000 0.02779
13.70000 0.02752
13.75000 0.02725
13.80000 0.02699
13.85000 0.02673
13.90000 0.02647
13.95000 0.02621
14.00000 0.02596
14.05000 0.02570
14.10000 0.02545
14.15000 0.02521
14.20000 0.02496
14.25000 0.02472
14.30000 0.02448
14.35000 0.02425
14.40000 0.02402
14.45000 0.02379
14.50000 0.02356
14.55000 0.02333
14.60000 0.02311
14.65000 0.02289
14.70000 0.02268
14.75000 0.02246
14.80000 0.02225
14.85000 0.02204
14.90000 0.02184
14.95000 0.02163
15.00000 0.02143
15.05000 0.02124
15.10000 0.02104
15.15000 0.02085
15.20000 0.02066
15.25000 0.02047
15.30000 0.02029
15.35000 0.02011
15.40000 0.01993
15.45000 0.01975
15.50000 0.01957
15.55000 0.01940
15.60000 0.01923
15.65000 0.01906
15.70000 0.01890
15.75000 0.01873
15.80000 0.01857
15.85000 0.01841
15.90000 0.01826
15.95000 0.01810
16.00000 0.01795
16.05000 0.01780
16.10000 0.01765
16.15000 0.01751
16.20000 0.01736
16.25000 0.01722
16.30000 0.01708
16.35000 0.01694
16.40000 0.01680
16.45000 0.01667
16.50000 0.01653
16.55000 0.01640
16.60000 0.01627
16.65000 0.01615
16.70000 0.01602
16.75000 0.01589
16.80000 0.01577
16.85000 0.01565
16.90000 0.01553
16.95000 0.01541
17.00000 0.01530
17.05000 0.01518
17.10000 0.01507
17.15000 0.01495
17.20000 0.01484
17.25000 0.01473
17.30000 0.01463
17.35000 0.01452
17.40000 0.01441
17.45000 0.01431
17.50000 0.01421
17.55000 0.01411
17.60000 0.01401
17.65000 0.01391
17.70000 0.01381
17.75000 0.01371
17.80000 0.01362
17.85000 0.01352
17.90000 0.01343
17.95000 0.01334
18.00000 0.01325
18.05000 0.01316
18.10000 0.01307
18.15000 0.01298
18.20000 0.01289
18.25000 0.01281
18.30000 0.01272
18.35000 0.01264
18.40000 0.01255
18.45000 0.01247
18.50000 0.01239
18.55000 0.01231
18.60000 0.01223
18.65000 0.01215
18.70000 0.01208
18.75000 0.01200
18.80000 0.01193
18.85000 0.01185
18.90000 0.01178
18.95000 0.01170
19.00000 0.01163
19.05000 0.01156
19.10000 0.01149
19.15000 0.01142
19.20000 0.01135
19.25000 0.01128
19.30000 0.01121
19.35000 0.01115
19.40000 0.01108
19.45000 0.01101
19.50000 0.01095
19.55000 0.01088
19.60000 0.01082
19.65000 0.01076
19.70000 0.01069
19.75000 0.01063
19.80000 0.01057
19.85000 0.01051
19.90000 0.01045
19.95000 0.01039
20.00000 0.01033
