435.00000 0.00013 0.00004 0.00003 0.00001 -0.00070 0.00000
435.10000 0.00014 0.00004 0.00003 0.00001 -0.00069 0.00002
435.20000 0.00014 0.00004 0.00003 0.00001 -0.00069 0.00004
435.30000 0.00014 0.00004 0.00003 0.00001 -0.00068 0.00006
435.40000 0.00014 0.00004 0.00003 0.00001 -0.00067 0.00008
435.50000 0.00014 0.00004 0.00003 0.00001 -0.00066 0.00009
435.60000 0.00014 0.00004 0.00003 0.00001 -0.00066 0.00011
435.70000 0.00014 0.00004 0.00003 0.00001 -0.00065 0.00013
435.80000 0.00014 0.00004 0.00003 0.00001 -0.00064 0.00015
435.90000 0.00014 0.00004 0.00003 0.00001 -0.00064 0.00017
436.00000 0.00014 0.00004 0.00003 0.00001 -0.00063 0.00019
436.10000 0.00014 0.00004 0.00003 0.00001 -0.00062 0.00021
436.20000 0.00015 0.00004 0.00003 0.00001 -0.00062 0.00023
436.30000 0.00015 0.00004 0.00003 0.00001 -0.00061 0.00025
436.40000 0.00015 0.00004 0.00003 0.00001 -0.00060 0.00027
436.50000 0.00015 0.00004 0.00003 0.00001 -0.00059 0.00029
436.60000 0.00015 0.00004 0.00003 0.00001 -0.00059 0.00031
436.70000 0.00015 0.00004 0.00003 0.00001 -0.00058 0.00034
436.80000 0.00015 0.00004 0.00003 0.00001 -0.00057 0.00036
436.90000 0.00015 0.00004 0.00003 0.00001 -0.00057 0.00038
437.00000 0.00015 0.00004 0.00003 0.00001 -0.00056 0.00040
437.10000 0.00016 0.00004 0.00004 0.00001 -0.00055 0.00042
437.20000 0.00016 0.00004 0.00004 0.00001 -0.00055 0.00044
437.30000 0.00016 0.00004 0.00004 0.00001 -0.00054 0.00046
437.40000 0.00016 0.00004 0.00004 0.00001 -0.00053 0.00049
437.50000 0.00016 0.00004 0.00004 0.00001 -0.00052 0.00051
437.60000 0.00016 0.00004 0.00004 0.00001 -0.00052 0.00053
437.70000 0.00016 0.00004 0.00004 0.00001 -0.00051 0.00055
437.80000 0.00016 0.00004 0.00004 0.00001 -0.00050 0.00058
437.90000 0.00016 0.00004 0.00004 0.00001 -0.00050 0.00060
438.00000 0.00017 0.00004 0.00004 0.00001 -0.00049 0.00062
438.10000 0.00017 0.00004 0.00004 0.00001 -0.00048 0.00064
438.20000 0.00017 0.00004 0.00004 0.00001 -0.00048 0.00067
438.30000 0.00017 0.00004 0.00004 0.00001 -0.00047 0.00069
438.40000 0.00017 0.00004 0.00004 0.00001 -0.00046 0.00072
438.50000 0.00017 0.00004 0.00004 0.00001 -0.00045 0.00074
438.60000 0.00017 0.00005 0.00004 0.00001 -0.00045 0.00076
438.70000 0.00017 0.00005 0.00004 0.00001 -0.00044 0.00079
438.80000 0.00018 0.00005 0.00004 0.00001 -0.00043 0.00081
438.90000 0.00018 0.00005 0.00004 0.00001 -0.00043 0.00084
439.00000 0.00018 0.00005 0.00004 0.00001 -0.00042 0.00086
439.10000 0.00018 0.00005 0.00004 0.00001 -0.00041 0.00089
439.20000 0.00018 0.00005 0.00004 0.00001 -0.00041 0.00091
439.30000 0.00018 0.00005 0.00004 0.00001 -0.00040 0.00094
439.40000 0.00018 0.00005 0.00004 0.00001 -0.00039 0.00096
439.50000 0.00019 0.00005 0.00004 0.00001 -0.00038 0.00099
439.60000 0.00019 0.00005 0.00005 0.00001 -0.00038 0.00102
439.70000 0.00019 0.00005 0.00005 0.00001 -0.00037 0.00104
439.80000 0.00019 0.00005 0.00005 0.00001 -0.00036 0.00107
439.90000 0.00019 0.00005 0.00005 0.00001 -0.00036 0.00110
440.00000 0.00019 0.00005 0.00005 0.00001 -0.00035 0.00113
440.10000 0.00019 0.00005 0.00005 0.00001 -0.00034 0.00115
440.20000 0.00020 0.00005 0.00005 0.00001 -0.00034 0.00118
440.30000 0.00020 0.00005 0.00005 0.00001 -0.00033 0.00121
440.40000 0.00020 0.00005 0.00005 0.00001 -0.00032 0.00124
440.50000 0.00020 0.00005 0.00005 0.00001 -0.00031 0.00127
440.60000 0.00020 0.00005 0.00005 0.00001 -0.00031 0.00130
440.70000 0.00020 0.00005 0.00005 0.00001 -0.00030 0.00132
440.80000 0.00021 0.00005 0.00005 0.00001 -0.00029 0.00135
440.90000 0.00021 0.00005 0.00005 0.00001 -0.00029 0.00138
441.00000 0.00021 0.00005 0.00005 0.00001 -0.00028 0.00141
441.10000 0.00021 0.00005 0.00005 0.00001 -0.00027 0.00145
441.20000 0.00021 0.00005 0.00005 0.00002 -0.00027 0.00148
441.30000 0.00021 0.00005 0.00005 0.00002 -0.00026 0.00151
441.40000 0.00022 0.00005 0.00005 0.00002 -0.00025 0.00154
441.50000 0.00022 0.00005 0.00006 0.00002 -0.00024 0.00157
441.60000 0.00022 0.00005 0.00006 0.00002 -0.00024 0.00160
441.70000 0.00022 0.00005 0.00006 0.00002 -0.00023 0.00164
441.80000 0.00022 0.00005 0.00006 0.00002 -0.00022 0.00167
441.90000 0.00023 0.00005 0.00006 0.00002 -0.00022 0.00170
442.00000 0.00023 0.00005 0.00006 0.00002 -0.00021 0.00173
442.10000 0.00023 0.00005 0.00006 0.00002 -0.00020 0.00177
442.20000 0.00023 0.00005 0.00006 0.00002 -0.00020 0.00180
442.30000 0.00023 0.00005 0.00006 0.00002 -0.00019 0.00184
442.40000 0.00024 0.00005 0.00006 0.00002 -0.00018 0.00187
442.50000 0.00024 0.00005 0.00006 0.00002 -0.00017 0.00191
442.60000 0.00024 0.00005 0.00006 0.00002 -0.00017 0.00194
442.70000 0.00024 0.00005 0.00006 0.00002 -0.00016 0.00198
442.80000 0.00025 0.00005 0.00007 0.00002 -0.00015 0.00202
442.90000 0.00025 0.00005 0.00007 0.00002 -0.00015 0.00206
443.00000 0.00025 0.00005 0.00007 0.00002 -0.00014 0.00209
443.10000 0.00025 0.00005 0.00007 0.00002 -0.00013 0.00213
443.20000 0.00025 0.00005 0.00007 0.00002 -0.00013 0.00217
443.30000 0.00026 0.00005 0.00007 0.00002 -0.00012 0.00221
443.40000 0.00026 0.00006 0.00007 0.00002 -0.00011 0.00225
443.50000 0.00026 0.00006 0.00007 0.00002 -0.00010 0.00229
443.60000 0.00026 0.00006 0.00007 0.00002 -0.00010 0.00233
443.70000 0.00027 0.00006 0.00007 0.00002 -0.00009 0.00237
443.80000 0.00027 0.00006 0.00007 0.00002 -0.00008 0.00241
443.90000 0.00027 0.00006 0.00008 0.00002 -0.00008 0.00246
444.00000 0.00027 0.00006 0.00008 0.00002 -0.00007 0.00250
444.10000 0.00028 0.00006 0.00008 0.00002 -0.00006 0.00254
444.20000 0.00028 0.00006 0.00008 0.00002 -0.00006 0.00259
444.30000 0.00028 0.00006 0.00008 0.00002 -0.00005 0.00263
444.40000 0.00028 0.00006 0.00008 0.00002 -0.00004 0.00268
444.50000 0.00029 0.00006 0.00008 0.00002 -0.00003 0.00272
444.60000 0.00029 0.00006 0.00008 0.00002 -0.00003 0.00277
444.70000 0.00029 0.00006 0.00008 0.00002 -0.00002 0.00282
444.80000 0.00030 0.00006 0.00009 0.00002 -0.00001 0.00286
444.90000 0.00030 0.00006 0.00009 0.00002 -0.00001 0.00291
445.00000 0.00030 0.00006 0.00009 0.00002 -0.00000 0.00296
445.10000 0.00031 0.00006 0.00009 0.00002 0.00001 0.00301
445.20000 0.00031 0.00006 0.00009 0.00002 0.00001 0.00306
445.30000 0.00031 0.00006 0.00009 0.00002 0.00003 0.00312
445.40000 0.00031 0.00006 0.00009 0.00002 0.00004 0.00318
445.50000 0.00032 0.00006 0.00010 0.00002 0.00005 0.00323
445.60000 0.00032 0.00006 0.00010 0.00002 0.00006 0.00329
445.70000 0.00032 0.00006 0.00010 0.00002 0.00007 0.00335
445.80000 0.00033 0.00006 0.00010 0.00002 0.00009 0.00341
445.90000 0.00033 0.00006 0.00010 0.00002 0.00010 0.00348
446.00000 0.00034 0.00006 0.00010 0.00002 0.00011 0.00354
446.10000 0.00034 0.00006 0.00011 0.00002 0.00012 0.00360
446.20000 0.00034 0.00006 0.00011 0.00002 0.00013 0.00366
446.30000 0.00035 0.00006 0.00011 0.00002 0.00014 0.00372
446.40000 0.00035 0.00006 0.00011 0.00003 0.00015 0.00378
446.50000 0.00035 0.00006 0.00011 0.00003 0.00015 0.00385
446.60000 0.00036 0.00006 0.00011 0.00003 0.00016 0.00391
446.70000 0.00036 0.00006 0.00012 0.00003 0.00017 0.00397
446.80000 0.00037 0.00006 0.00012 0.00003 0.00017 0.00403
446.90000 0.00037 0.00006 0.00012 0.00003 0.00018 0.00410
447.00000 0.00037 0.00007 0.00012 0.00003 0.00018 0.00417
447.10000 0.00038 0.00007 0.00012 0.00003 0.00019 0.00424
447.20000 0.00038 0.00007 0.00013 0.00003 0.00020 0.00431
447.30000 0.00039 0.00007 0.00013 0.00003 0.00021 0.00438
447.40000 0.00039 0.00007 0.00013 0.00003 0.00021 0.00445
447.50000 0.00040 0.00007 0.00013 0.00003 0.00022 0.00453
447.60000 0.00040 0.00007 0.00014 0.00003 0.00022 0.00460
447.70000 0.00041 0.00007 0.00014 0.00003 0.00022 0.00467
447.80000 0.00041 0.00007 0.00014 0.00003 0.00022 0.00474
447.90000 0.00042 0.00007 0.00014 0.00003 0.00022 0.00482
448.00000 0.00042 0.00007 0.00015 0.00003 0.00023 0.00490
448.10000 0.00043 0.00007 0.00015 0.00003 0.00024 0.00498
448.20000 0.00043 0.00007 0.00015 0.00003 0.00025 0.00507
448.30000 0.00044 0.00007 0.00016 0.00003 0.00025 0.00516
448.40000 0.00044 0.00007 0.00016 0.00003 0.00026 0.00525
448.50000 0.00045 0.00007 0.00016 0.00003 0.00027 0.00534
448.60000 0.00045 0.00007 0.00017 0.00003 0.00028 0.00544
448.70000 0.00046 0.00007 0.00017 0.00003 0.00029 0.00553
448.80000 0.00046 0.00007 0.00017 0.00003 0.00030 0.00563
448.90000 0.00047 0.00007 0.00018 0.00003 0.00031 0.00573
449.00000 0.00048 0.00007 0.00018 0.00003 0.00031 0.00583
449.10000 0.00048 0.00007 0.00019 0.00003 0.00032 0.00594
449.20000 0.00049 0.00007 0.00019 0.00004 0.00033 0.00605
449.30000 0.00050 0.00007 0.00019 0.00004 0.00035 0.00617
449.40000 0.00050 0.00007 0.00020 0.00004 0.00036 0.00628
449.50000 0.00051 0.00007 0.00020 0.00004 0.00036 0.00639
449.60000 0.00052 0.00007 0.00021 0.00004 0.00036 0.00650
449.70000 0.00052 0.00007 0.00021 0.00004 0.00037 0.00662
449.80000 0.00053 0.00007 0.00022 0.00004 0.00037 0.00674
449.90000 0.00054 0.00008 0.00022 0.00004 0.00038 0.00687
450.00000 0.00054 0.00008 0.00023 0.00004 0.00039 0.00700
450.10000 0.00055 0.00008 0.00023 0.00004 0.00041 0.00714
450.20000 0.00056 0.00008 0.00024 0.00004 0.00043 0.00729
450.30000 0.00057 0.00008 0.00025 0.00004 0.00044 0.00743
450.40000 0.00058 0.00008 0.00025 0.00004 0.00046 0.00758
450.50000 0.00058 0.00008 0.00026 0.00004 0.00047 0.00773
450.60000 0.00059 0.00008 0.00027 0.00004 0.00048 0.00789
450.70000 0.00060 0.00008 0.00027 0.00004 0.00048 0.00804
450.80000 0.00061 0.00008 0.00028 0.00004 0.00049 0.00820
450.90000 0.00062 0.00008 0.00029 0.00004 0.00050 0.00837
451.00000 0.00063 0.00008 0.00030 0.00005 0.00051 0.00855
451.10000 0.00064 0.00008 0.00031 0.00005 0.00053 0.00873
451.20000 0.00065 0.00008 0.00031 0.00005 0.00055 0.00892
451.30000 0.00066 0.00008 0.00032 0.00005 0.00056 0.00912
451.40000 0.00067 0.00008 0.00033 0.00005 0.00058 0.00932
451.50000 0.00068 0.00008 0.00034 0.00005 0.00059 0.00953
451.60000 0.00069 0.00008 0.00035 0.00005 0.00061 0.00974
451.70000 0.00070 0.00008 0.00037 0.00005 0.00062 0.00996
451.80000 0.00071 0.00008 0.00038 0.00005 0.00063 0.01018
451.90000 0.00072 0.00008 0.00039 0.00005 0.00064 0.01041
452.00000 0.00074 0.00008 0.00040 0.00005 0.00065 0.01065
452.10000 0.00075 0.00008 0.00042 0.00005 0.00067 0.01091
452.20000 0.00076 0.00008 0.00043 0.00006 0.00070 0.01118
452.30000 0.00077 0.00009 0.00045 0.00006 0.00071 0.01145
452.40000 0.00079 0.00009 0.00046 0.00006 0.00072 0.01173
452.50000 0.00080 0.00009 0.00048 0.00006 0.00074 0.01203
452.60000 0.00081 0.00009 0.00050 0.00006 0.00076 0.01234
452.70000 0.00083 0.00009 0.00052 0.00006 0.00078 0.01266
452.80000 0.00084 0.00009 0.00054 0.00006 0.00079 0.01299
452.90000 0.00086 0.00009 0.00056 0.00006 0.00081 0.01334
453.00000 0.00087 0.00009 0.00058 0.00006 0.00084 0.01371
453.10000 0.00089 0.00009 0.00060 0.00006 0.00085 0.01409
453.20000 0.00090 0.00009 0.00063 0.00007 0.00086 0.01449
453.30000 0.00092 0.00009 0.00066 0.00007 0.00088 0.01490
453.40000 0.00094 0.00009 0.00069 0.00007 0.00089 0.01534
453.50000 0.00096 0.00009 0.00072 0.00007 0.00091 0.01580
453.60000 0.00097 0.00009 0.00075 0.00007 0.00093 0.01629
453.70000 0.00099 0.00009 0.00079 0.00007 0.00095 0.01681
453.80000 0.00101 0.00009 0.00083 0.00007 0.00097 0.01736
453.90000 0.00103 0.00009 0.00087 0.00008 0.00100 0.01795
454.00000 0.00105 0.00009 0.00091 0.00008 0.00103 0.01858
454.10000 0.00107 0.00009 0.00096 0.00008 0.00106 0.01924
454.20000 0.00110 0.00010 0.00102 0.00008 0.00109 0.01994
454.30000 0.00112 0.00010 0.00107 0.00008 0.00112 0.02070
454.40000 0.00114 0.00010 0.00114 0.00008 0.00115 0.02152
454.50000 0.00117 0.00010 0.00121 0.00009 0.00118 0.02240
454.60000 0.00119 0.00010 0.00129 0.00009 0.00121 0.02334
454.70000 0.00122 0.00010 0.00137 0.00009 0.00125 0.02437
454.80000 0.00124 0.00010 0.00147 0.00009 0.00128 0.02550
454.90000 0.00127 0.00010 0.00157 0.00009 0.00132 0.02673
455.00000 0.00130 0.00010 0.00169 0.00009 0.00136 0.02810
455.10000 0.00133 0.00010 0.00183 0.00010 0.00140 0.02962
455.20000 0.00136 0.00010 0.00199 0.00010 0.00143 0.03133
455.30000 0.00139 0.00010 0.00217 0.00010 0.00148 0.03327
455.40000 0.00142 0.00010 0.00238 0.00010 0.00153 0.03550
455.50000 0.00146 0.00010 0.00264 0.00011 0.00158 0.03810
455.60000 0.00149 0.00010 0.00294 0.00011 0.00164 0.04117
455.70000 0.00153 0.00010 0.00331 0.00011 0.00171 0.04485
455.80000 0.00157 0.00010 0.00377 0.00011 0.00179 0.04931
455.90000 0.00161 0.00011 0.00434 0.00012 0.00188 0.05480
456.00000 0.00165 0.00011 0.00506 0.00012 0.00197 0.06159
456.10000 0.00169 0.00011 0.00597 0.00012 0.00211 0.07010
456.20000 0.00173 0.00011 0.00712 0.00013 0.00225 0.08075
456.30000 0.00178 0.00011 0.00857 0.00013 0.00247 0.09416
456.40000 0.00183 0.00011 0.01040 0.00013 0.00269 0.11087
456.50000 0.00188 0.00011 0.01269 0.00014 0.00304 0.13172
456.60000 0.00193 0.00011 0.01551 0.00014 0.00338 0.15732
456.70000 0.00199 0.00011 0.01895 0.00014 0.00389 0.18855
456.80000 0.00205 0.00011 0.02309 0.00015 0.00440 0.22591
456.90000 0.00211 0.00011 0.02799 0.00015 0.00510 0.27007
457.00000 0.00217 0.00011 0.03366 0.00016 0.00581 0.32110
457.10000 0.00224 0.00011 0.04010 0.00016 0.00673 0.37909
457.20000 0.00230 0.00011 0.04724 0.00017 0.00765 0.44329
457.30000 0.00238 0.00012 0.05496 0.00017 0.00880 0.51287
457.40000 0.00245 0.00012 0.06309 0.00018 0.00994 0.58602
457.50000 0.00253 0.00012 0.07139 0.00018 0.01131 0.66085
457.60000 0.00262 0.00012 0.07955 0.00019 0.01267 0.73460
457.70000 0.00271 0.00012 0.08726 0.00020 0.01424 0.80460
457.80000 0.00280 0.00012 0.09418 0.00020 0.01580 0.86769
457.90000 0.00290 0.00012 0.09997 0.00021 0.01755 0.92113
458.00000 0.00301 0.00012 0.10435 0.00022 0.01929 0.96220
458.10000 0.00312 0.00012 0.10708 0.00022 0.02111 0.98894
458.20000 0.00324 0.00012 0.10801 0.00023 0.02294 1.00000
458.30000 0.00336 0.00012 0.10709 0.00024 0.02470 0.99487
458.40000 0.00349 0.00012 0.10438 0.00025 0.02645 0.97407
458.50000 0.00363 0.00012 0.10002 0.00026 0.02806 0.93875
458.60000 0.00378 0.00013 0.09425 0.00027 0.02967 0.89112
458.70000 0.00394 0.00013 0.08736 0.00028 0.03106 0.83352
458.80000 0.00411 0.00013 0.07968 0.00029 0.03244 0.76910
458.90000 0.00430 0.00013 0.07155 0.00030 0.03360 0.70065
459.00000 0.00449 0.00013 0.06330 0.00031 0.03477 0.63125
459.10000 0.00470 0.00013 0.05522 0.00033 0.03573 0.56331
459.20000 0.00493 0.00013 0.04755 0.00034 0.03670 0.49913
459.30000 0.00518 0.00013 0.04048 0.00036 0.03748 0.44014
459.40000 0.00544 0.00013 0.03412 0.00038 0.03826 0.38760
459.50000 0.00572 0.00013 0.02854 0.00039 0.03893 0.34196
459.60000 0.00603 0.00013 0.02374 0.00041 0.03959 0.30345
459.70000 0.00637 0.00014 0.01971 0.00043 0.04016 0.27176
459.80000 0.00673 0.00014 0.01637 0.00046 0.04073 0.24649
459.90000 0.00713 0.00014 0.01366 0.00048 0.04124 0.22693
460.00000 0.00757 0.00014 0.01149 0.00051 0.04175 0.21243
460.10000 0.00805 0.00014 0.00976 0.00054 0.04223 0.20220
460.20000 0.00857 0.00014 0.00840 0.00057 0.04270 0.19560
460.30000 0.00914 0.00014 0.00733 0.00060 0.04316 0.19199
460.40000 0.00978 0.00014 0.00648 0.00064 0.04361 0.19087
460.50000 0.01047 0.00014 0.00579 0.00069 0.04407 0.19181
460.60000 0.01124 0.00014 0.00523 0.00073 0.04454 0.19450
460.70000 0.01208 0.00015 0.00476 0.00079 0.04501 0.19872
460.80000 0.01301 0.00015 0.00435 0.00085 0.04549 0.20430
460.90000 0.01404 0.00015 0.00399 0.00092 0.04599 0.21119
461.00000 0.01516 0.00015 0.00366 0.00099 0.04649 0.21934
461.10000 0.01639 0.00015 0.00336 0.00108 0.04703 0.22879
461.20000 0.01773 0.00015 0.00308 0.00119 0.04757 0.23954
461.30000 0.01918 0.00015 0.00282 0.00132 0.04816 0.25171
461.40000 0.02075 0.00015 0.00257 0.00147 0.04876 0.26528
461.50000 0.02243 0.00015 0.00235 0.00166 0.04942 0.28037
461.60000 0.02422 0.00016 0.00215 0.00189 0.05009 0.29695
461.70000 0.02611 0.00016 0.00197 0.00217 0.05084 0.31515
461.80000 0.02807 0.00016 0.00181 0.00253 0.05159 0.33490
461.90000 0.03010 0.00016 0.00167 0.00299 0.05245 0.35632
462.00000 0.03217 0.00016 0.00155 0.00356 0.05332 0.37932
462.10000 0.03425 0.00016 0.00145 0.00429 0.05431 0.40401
462.20000 0.03631 0.00016 0.00136 0.00520 0.05530 0.43031
462.30000 0.03831 0.00016 0.00130 0.00634 0.05642 0.45838
462.40000 0.04021 0.00017 0.00125 0.00776 0.05754 0.48812
462.50000 0.04198 0.00017 0.00121 0.00948 0.05881 0.51970
462.60000 0.04359 0.00017 0.00119 0.01155 0.06007 0.55300
462.70000 0.04500 0.00017 0.00118 0.01399 0.06147 0.58813
462.80000 0.04618 0.00017 0.00119 0.01683 0.06287 0.62484
462.90000 0.04713 0.00017 0.00121 0.02005 0.06442 0.66306
463.00000 0.04782 0.00017 0.00125 0.02362 0.06597 0.70228
463.10000 0.04825 0.00017 0.00130 0.02748 0.06763 0.74206
463.20000 0.04843 0.00018 0.00137 0.03155 0.06928 0.78155
463.30000 0.04837 0.00018 0.00146 0.03569 0.07107 0.81996
463.40000 0.04810 0.00018 0.00157 0.03978 0.07286 0.85607
463.50000 0.04764 0.00018 0.00169 0.04363 0.07471 0.88875
463.60000 0.04702 0.00018 0.00184 0.04709 0.07655 0.91671
463.70000 0.04626 0.00018 0.00200 0.04999 0.07847 0.93884
463.80000 0.04542 0.00018 0.00218 0.05217 0.08039 0.95405
463.90000 0.04450 0.00019 0.00237 0.05354 0.08233 0.96159
464.00000 0.04354 0.00019 0.00258 0.05400 0.08426 0.96097
464.10000 0.04257 0.00019 0.00279 0.05355 0.08620 0.95213
464.20000 0.04159 0.00019 0.00299 0.05219 0.08815 0.93537
464.30000 0.04062 0.00019 0.00319 0.05001 0.09004 0.91131
464.40000 0.03965 0.00019 0.00337 0.04713 0.09194 0.88098
464.50000 0.03871 0.00020 0.00351 0.04368 0.09376 0.84554
464.60000 0.03777 0.00020 0.00363 0.03984 0.09557 0.80641
464.70000 0.03683 0.00020 0.00370 0.03577 0.09730 0.76489
464.80000 0.03590 0.00020 0.00373 0.03165 0.09902 0.72240
464.90000 0.03495 0.00020 0.00370 0.02761 0.10062 0.68004
465.00000 0.03398 0.00020 0.00363 0.02377 0.10223 0.63891
465.10000 0.03300 0.00021 0.00351 0.02024 0.10373 0.59969
465.20000 0.03199 0.00021 0.00335 0.01706 0.10523 0.56303
465.30000 0.03096 0.00021 0.00316 0.01427 0.10663 0.52917
465.40000 0.02990 0.00021 0.00294 0.01187 0.10802 0.49835
465.50000 0.02883 0.00021 0.00270 0.00985 0.10932 0.47047
465.60000 0.02775 0.00022 0.00245 0.00819 0.11062 0.44552
465.70000 0.02667 0.00022 0.00221 0.00683 0.11182 0.42318
465.80000 0.02560 0.00022 0.00197 0.00574 0.11302 0.40334
465.90000 0.02454 0.00022 0.00175 0.00488 0.11414 0.38564
466.00000 0.02351 0.00022 0.00154 0.00420 0.11527 0.36992
466.10000 0.02250 0.00023 0.00136 0.00366 0.11630 0.35584
466.20000 0.02154 0.00023 0.00119 0.00324 0.11734 0.34327
466.30000 0.02063 0.00023 0.00105 0.00290 0.11830 0.33194
466.40000 0.01976 0.00023 0.00093 0.00262 0.11926 0.32177
466.50000 0.01895 0.00023 0.00082 0.00238 0.12017 0.31254
466.60000 0.01819 0.00024 0.00073 0.00218 0.12107 0.30421
466.70000 0.01748 0.00024 0.00066 0.00199 0.12191 0.29661
466.80000 0.01683 0.00024 0.00060 0.00183 0.12275 0.28974
466.90000 0.01622 0.00024 0.00055 0.00168 0.12355 0.28348
467.00000 0.01567 0.00025 0.00051 0.00154 0.12434 0.27782
467.10000 0.01516 0.00025 0.00048 0.00141 0.12509 0.27270
467.20000 0.01470 0.00025 0.00045 0.00129 0.12584 0.26810
467.30000 0.01428 0.00025 0.00043 0.00118 0.12655 0.26399
467.40000 0.01390 0.00025 0.00041 0.00108 0.12726 0.26036
467.50000 0.01357 0.00026 0.00040 0.00099 0.12795 0.25719
467.60000 0.01327 0.00026 0.00039 0.00091 0.12865 0.25447
467.70000 0.01300 0.00026 0.00038 0.00084 0.12931 0.25217
467.80000 0.01278 0.00026 0.00038 0.00077 0.12998 0.25031
467.90000 0.01259 0.00027 0.00038 0.00072 0.13064 0.24885
468.00000 0.01243 0.00027 0.00038 0.00068 0.13130 0.24782
468.10000 0.01231 0.00027 0.00039 0.00065 0.13192 0.24715
468.20000 0.01222 0.00028 0.00040 0.00062 0.13254 0.24690
468.30000 0.01217 0.00028 0.00042 0.00061 0.13315 0.24705
468.40000 0.01215 0.00028 0.00044 0.00059 0.13377 0.24761
468.50000 0.01217 0.00028 0.00046 0.00059 0.13439 0.24858
468.60000 0.01222 0.00029 0.00050 0.00059 0.13501 0.24994
468.70000 0.01229 0.00029 0.00054 0.00061 0.13562 0.25170
468.80000 0.01239 0.00029 0.00059 0.00062 0.13623 0.25384
468.90000 0.01252 0.00030 0.00065 0.00065 0.13684 0.25637
469.00000 0.01267 0.00030 0.00073 0.00069 0.13744 0.25925
469.10000 0.01283 0.00030 0.00082 0.00073 0.13805 0.26249
469.20000 0.01300 0.00031 0.00093 0.00078 0.13865 0.26604
469.30000 0.01318 0.00031 0.00106 0.00085 0.13926 0.26988
469.40000 0.01336 0.00031 0.00120 0.00092 0.13987 0.27397
469.50000 0.01353 0.00032 0.00137 0.00100 0.14049 0.27827
469.60000 0.01368 0.00032 0.00156 0.00109 0.14110 0.28272
469.70000 0.01382 0.00032 0.00177 0.00119 0.14170 0.28726
469.80000 0.01393 0.00033 0.00201 0.00129 0.14231 0.29184
469.90000 0.01402 0.00033 0.00227 0.00139 0.14292 0.29637
470.00000 0.01407 0.00033 0.00255 0.00150 0.14352 0.30081
470.10000 0.01408 0.00034 0.00285 0.00159 0.14415 0.30509
470.20000 0.01405 0.00034 0.00318 0.00168 0.14478 0.30913
470.30000 0.01399 0.00035 0.00352 0.00176 0.14540 0.31287
470.40000 0.01389 0.00035 0.00388 0.00181 0.14603 0.31626
470.50000 0.01375 0.00035 0.00424 0.00185 0.14666 0.31926
470.60000 0.01358 0.00036 0.00462 0.00186 0.14729 0.32182
470.70000 0.01338 0.00036 0.00500 0.00185 0.14794 0.32394
470.80000 0.01316 0.00037 0.00537 0.00181 0.14859 0.32558
470.90000 0.01291 0.00037 0.00572 0.00176 0.14924 0.32672
471.00000 0.01265 0.00038 0.00606 0.00168 0.14989 0.32734
471.10000 0.01238 0.00038 0.00636 0.00158 0.15054 0.32743
471.20000 0.01211 0.00038 0.00661 0.00147 0.15120 0.32699
471.30000 0.01184 0.00039 0.00681 0.00135 0.15186 0.32600
471.40000 0.01157 0.00039 0.00695 0.00123 0.15253 0.32446
471.50000 0.01131 0.00040 0.00701 0.00110 0.15319 0.32234
471.60000 0.01105 0.00040 0.00700 0.00099 0.15385 0.31967
471.70000 0.01081 0.00041 0.00691 0.00087 0.15452 0.31645
471.80000 0.01059 0.00041 0.00673 0.00077 0.15519 0.31273
471.90000 0.01038 0.00042 0.00648 0.00068 0.15585 0.30856
472.00000 0.01018 0.00042 0.00617 0.00060 0.15652 0.30402
472.10000 0.00999 0.00043 0.00579 0.00052 0.15720 0.29919
472.20000 0.00981 0.00044 0.00538 0.00046 0.15787 0.29417
472.30000 0.00965 0.00044 0.00493 0.00041 0.15855 0.28906
472.40000 0.00949 0.00045 0.00448 0.00037 0.15923 0.28398
472.50000 0.00933 0.00045 0.00402 0.00033 0.15989 0.27898
472.60000 0.00918 0.00046 0.00357 0.00030 0.16055 0.27418
472.70000 0.00903 0.00046 0.00315 0.00027 0.16121 0.26964
472.80000 0.00889 0.00047 0.00275 0.00025 0.16188 0.26542
472.90000 0.00873 0.00048 0.00240 0.00024 0.16253 0.26153
473.00000 0.00858 0.00048 0.00208 0.00022 0.16319 0.25799
473.10000 0.00842 0.00049 0.00181 0.00021 0.16383 0.25479
473.20000 0.00826 0.00050 0.00158 0.00021 0.16448 0.25193
473.30000 0.00808 0.00050 0.00139 0.00020 0.16511 0.24937
473.40000 0.00791 0.00051 0.00123 0.00019 0.16574 0.24709
473.50000 0.00773 0.00052 0.00111 0.00019 0.16638 0.24508
473.60000 0.00754 0.00053 0.00101 0.00019 0.16701 0.24328
473.70000 0.00735 0.00053 0.00094 0.00019 0.16763 0.24166
473.80000 0.00716 0.00054 0.00089 0.00019 0.16824 0.24021
473.90000 0.00696 0.00055 0.00086 0.00019 0.16886 0.23890
474.00000 0.00676 0.00056 0.00084 0.00020 0.16949 0.23772
474.10000 0.00657 0.00057 0.00082 0.00021 0.17009 0.23662
474.20000 0.00637 0.00057 0.00082 0.00022 0.17070 0.23560
474.30000 0.00618 0.00058 0.00081 0.00023 0.17132 0.23466
474.40000 0.00600 0.00059 0.00080 0.00025 0.17194 0.23378
474.50000 0.00581 0.00060 0.00079 0.00027 0.17254 0.23294
474.60000 0.00564 0.00061 0.00078 0.00029 0.17315 0.23217
474.70000 0.00547 0.00062 0.00076 0.00033 0.17376 0.23146
474.80000 0.00530 0.00063 0.00073 0.00036 0.17437 0.23082
474.90000 0.00515 0.00064 0.00070 0.00041 0.17498 0.23028
475.00000 0.00501 0.00065 0.00066 0.00046 0.17560 0.22984
475.10000 0.00487 0.00066 0.00062 0.00053 0.17621 0.22952
475.20000 0.00474 0.00067 0.00057 0.00060 0.17683 0.22934
475.30000 0.00462 0.00068 0.00053 0.00068 0.17746 0.22934
475.40000 0.00451 0.00069 0.00048 0.00078 0.17809 0.22952
475.50000 0.00441 0.00071 0.00044 0.00089 0.17873 0.22988
475.60000 0.00431 0.00072 0.00039 0.00100 0.17937 0.23044
475.70000 0.00422 0.00073 0.00036 0.00113 0.18001 0.23119
475.80000 0.00414 0.00074 0.00032 0.00127 0.18065 0.23214
475.90000 0.00407 0.00076 0.00029 0.00143 0.18129 0.23328
476.00000 0.00400 0.00077 0.00026 0.00159 0.18194 0.23459
476.10000 0.00393 0.00078 0.00024 0.00176 0.18261 0.23608
476.20000 0.00387 0.00080 0.00022 0.00194 0.18327 0.23771
476.30000 0.00381 0.00081 0.00020 0.00212 0.18392 0.23943
476.40000 0.00376 0.00083 0.00019 0.00231 0.18457 0.24123
476.50000 0.00370 0.00084 0.00018 0.00250 0.18523 0.24308
476.60000 0.00364 0.00086 0.00017 0.00268 0.18590 0.24494
476.70000 0.00358 0.00087 0.00017 0.00286 0.18657 0.24676
476.80000 0.00353 0.00089 0.00017 0.00303 0.18725 0.24849
476.90000 0.00346 0.00091 0.00016 0.00318 0.18793 0.25008
477.00000 0.00340 0.00092 0.00016 0.00331 0.18861 0.25147
477.10000 0.00334 0.00094 0.00017 0.00341 0.18929 0.25261
477.20000 0.00327 0.00096 0.00017 0.00348 0.18998 0.25346
477.30000 0.00320 0.00098 0.00017 0.00351 0.19066 0.25397
477.40000 0.00312 0.00100 0.00017 0.00350 0.19135 0.25413
477.50000 0.00305 0.00102 0.00017 0.00345 0.19203 0.25391
477.60000 0.00297 0.00104 0.00017 0.00337 0.19271 0.25332
477.70000 0.00289 0.00106 0.00017 0.00324 0.19340 0.25239
477.80000 0.00281 0.00109 0.00017 0.00308 0.19408 0.25115
477.90000 0.00273 0.00111 0.00017 0.00290 0.19477 0.24967
478.00000 0.00265 0.00113 0.00017 0.00269 0.19545 0.24799
478.10000 0.00256 0.00116 0.00017 0.00247 0.19614 0.24618
478.20000 0.00248 0.00118 0.00017 0.00224 0.19683 0.24432
478.30000 0.00240 0.00121 0.00016 0.00201 0.19753 0.24248
478.40000 0.00232 0.00124 0.00016 0.00179 0.19822 0.24071
478.50000 0.00224 0.00127 0.00016 0.00157 0.19890 0.23905
478.60000 0.00216 0.00129 0.00015 0.00138 0.19958 0.23755
478.70000 0.00209 0.00133 0.00015 0.00120 0.20025 0.23623
478.80000 0.00201 0.00136 0.00015 0.00104 0.20093 0.23513
478.90000 0.00194 0.00139 0.00015 0.00091 0.20160 0.23425
479.00000 0.00188 0.00142 0.00015 0.00079 0.20228 0.23358
479.10000 0.00181 0.00146 0.00014 0.00069 0.20295 0.23311
479.20000 0.00175 0.00150 0.00014 0.00062 0.20362 0.23284
479.30000 0.00169 0.00153 0.00014 0.00055 0.20427 0.23272
479.40000 0.00163 0.00157 0.00014 0.00051 0.20492 0.23276
479.50000 0.00158 0.00161 0.00013 0.00047 0.20557 0.23295
479.60000 0.00152 0.00166 0.00013 0.00045 0.20623 0.23325
479.70000 0.00147 0.00170 0.00013 0.00043 0.20687 0.23365
479.80000 0.00143 0.00175 0.00012 0.00042 0.20751 0.23414
479.90000 0.00138 0.00180 0.00012 0.00041 0.20815 0.23469
480.00000 0.00134 0.00185 0.00011 0.00041 0.20878 0.23529
480.10000 0.00130 0.00190 0.00011 0.00040 0.20942 0.23594
480.20000 0.00126 0.00196 0.00010 0.00040 0.21006 0.23662
480.30000 0.00122 0.00201 0.00009 0.00040 0.21069 0.23732
480.40000 0.00119 0.00207 0.00009 0.00039 0.21132 0.23804
480.50000 0.00115 0.00214 0.00008 0.00038 0.21195 0.23878
480.60000 0.00112 0.00220 0.00008 0.00036 0.21257 0.23953
480.70000 0.00109 0.00227 0.00007 0.00035 0.21319 0.24029
480.80000 0.00106 0.00234 0.00007 0.00033 0.21381 0.24107
480.90000 0.00103 0.00242 0.00007 0.00031 0.21444 0.24189
481.00000 0.00101 0.00250 0.00006 0.00029 0.21507 0.24275
481.10000 0.00098 0.00258 0.00006 0.00026 0.21569 0.24365
481.20000 0.00096 0.00267 0.00006 0.00024 0.21632 0.24459
481.30000 0.00093 0.00276 0.00006 0.00022 0.21694 0.24560
481.40000 0.00091 0.00286 0.00005 0.00020 0.21757 0.24666
481.50000 0.00089 0.00296 0.00005 0.00018 0.21820 0.24781
481.60000 0.00087 0.00307 0.00005 0.00016 0.21883 0.24903
481.70000 0.00085 0.00319 0.00005 0.00014 0.21947 0.25033
481.80000 0.00083 0.00331 0.00005 0.00013 0.22011 0.25172
481.90000 0.00081 0.00343 0.00005 0.00012 0.22075 0.25320
482.00000 0.00080 0.00357 0.00005 0.00011 0.22139 0.25476
482.10000 0.00078 0.00371 0.00005 0.00010 0.22203 0.25642
482.20000 0.00076 0.00386 0.00005 0.00009 0.22267 0.25818
482.30000 0.00075 0.00402 0.00005 0.00009 0.22333 0.26004
482.40000 0.00073 0.00419 0.00005 0.00009 0.22398 0.26201
482.50000 0.00072 0.00437 0.00006 0.00008 0.22464 0.26410
482.60000 0.00070 0.00456 0.00006 0.00008 0.22530 0.26629
482.70000 0.00069 0.00476 0.00006 0.00008 0.22597 0.26861
482.80000 0.00068 0.00497 0.00006 0.00008 0.22664 0.27105
482.90000 0.00066 0.00520 0.00007 0.00008 0.22733 0.27364
483.00000 0.00065 0.00544 0.00007 0.00008 0.22801 0.27635
483.10000 0.00064 0.00569 0.00007 0.00008 0.22871 0.27921
483.20000 0.00063 0.00596 0.00008 0.00009 0.22940 0.28221
483.30000 0.00062 0.00625 0.00008 0.00009 0.23012 0.28537
483.40000 0.00061 0.00655 0.00009 0.00009 0.23083 0.28867
483.50000 0.00060 0.00687 0.00009 0.00009 0.23157 0.29215
483.60000 0.00059 0.00721 0.00010 0.00009 0.23230 0.29578
483.70000 0.00058 0.00757 0.00010 0.00009 0.23307 0.29959
483.80000 0.00057 0.00794 0.00010 0.00009 0.23384 0.30356
483.90000 0.00056 0.00834 0.00010 0.00008 0.23464 0.30772
484.00000 0.00055 0.00875 0.00010 0.00008 0.23545 0.31202
484.10000 0.00054 0.00918 0.00010 0.00008 0.23629 0.31651
484.20000 0.00053 0.00963 0.00010 0.00008 0.23712 0.32114
484.30000 0.00052 0.01009 0.00010 0.00008 0.23800 0.32593
484.40000 0.00052 0.01056 0.00009 0.00008 0.23888 0.33084
484.50000 0.00051 0.01105 0.00009 0.00008 0.23980 0.33588
484.60000 0.00050 0.01154 0.00008 0.00007 0.24072 0.34100
484.70000 0.00049 0.01204 0.00008 0.00007 0.24170 0.34623
484.80000 0.00049 0.01255 0.00007 0.00007 0.24268 0.35148
484.90000 0.00048 0.01305 0.00007 0.00007 0.24368 0.35675
485.00000 0.00047 0.01355 0.00006 0.00007 0.24468 0.36197
485.10000 0.00046 0.01403 0.00006 0.00007 0.24574 0.36714
485.20000 0.00046 0.01450 0.00005 0.00007 0.24679 0.37220
485.30000 0.00045 0.01495 0.00005 0.00007 0.24788 0.37712
485.40000 0.00045 0.01538 0.00005 0.00007 0.24897 0.38183
485.50000 0.00044 0.01578 0.00004 0.00006 0.25010 0.38633
485.60000 0.00043 0.01614 0.00004 0.00006 0.25123 0.39055
485.70000 0.00043 0.01647 0.00004 0.00006 0.25240 0.39448
485.80000 0.00042 0.01676 0.00004 0.00006 0.25357 0.39808
485.90000 0.00042 0.01701 0.00003 0.00005 0.25475 0.40132
486.00000 0.00041 0.01722 0.00003 0.00005 0.25594 0.40419
486.10000 0.00041 0.01738 0.00003 0.00005 0.25714 0.40668
486.20000 0.00040 0.01749 0.00003 0.00004 0.25834 0.40879
486.30000 0.00040 0.01756 0.00003 0.00004 0.25954 0.41052
486.40000 0.00039 0.01759 0.00003 0.00004 0.26074 0.41187
486.50000 0.00039 0.01758 0.00003 0.00004 0.26194 0.41288
486.60000 0.00038 0.01753 0.00003 0.00004 0.26315 0.41356
486.70000 0.00038 0.01745 0.00003 0.00003 0.26434 0.41391
486.80000 0.00037 0.01733 0.00003 0.00003 0.26552 0.41397
486.90000 0.00037 0.01718 0.00003 0.00003 0.26670 0.41378
487.00000 0.00036 0.01701 0.00003 0.00003 0.26788 0.41336
487.10000 0.00036 0.01681 0.00003 0.00003 0.26904 0.41271
487.20000 0.00035 0.01659 0.00003 0.00003 0.27020 0.41189
487.30000 0.00035 0.01636 0.00003 0.00003 0.27134 0.41090
487.40000 0.00035 0.01611 0.00003 0.00003 0.27247 0.40978
487.50000 0.00034 0.01585 0.00003 0.00003 0.27357 0.40850
487.60000 0.00034 0.01557 0.00003 0.00003 0.27466 0.40713
487.70000 0.00033 0.01529 0.00002 0.00003 0.27574 0.40566
487.80000 0.00033 0.01500 0.00002 0.00003 0.27682 0.40413
487.90000 0.00033 0.01470 0.00002 0.00003 0.27787 0.40250
488.00000 0.00032 0.01440 0.00002 0.00003 0.27891 0.40083
488.10000 0.00032 0.01409 0.00002 0.00003 0.27993 0.39908
488.20000 0.00032 0.01378 0.00002 0.00003 0.28095 0.39731
488.30000 0.00031 0.01346 0.00002 0.00003 0.28194 0.39549
488.40000 0.00031 0.01314 0.00002 0.00003 0.28293 0.39366
488.50000 0.00031 0.01283 0.00002 0.00003 0.28389 0.39180
488.60000 0.00030 0.01251 0.00002 0.00003 0.28485 0.38995
488.70000 0.00030 0.01219 0.00002 0.00003 0.28579 0.38809
488.80000 0.00030 0.01188 0.00002 0.00004 0.28674 0.38625
488.90000 0.00029 0.01157 0.00002 0.00004 0.28765 0.38442
489.00000 0.00029 0.01127 0.00002 0.00004 0.28856 0.38264
489.10000 0.00029 0.01097 0.00002 0.00004 0.28946 0.38089
489.20000 0.00028 0.01068 0.00002 0.00004 0.29036 0.37920
489.30000 0.00028 0.01039 0.00002 0.00005 0.29124 0.37756
489.40000 0.00028 0.01012 0.00002 0.00005 0.29212 0.37599
489.50000 0.00027 0.00985 0.00002 0.00005 0.29298 0.37449
489.60000 0.00027 0.00960 0.00002 0.00005 0.29384 0.37306
489.70000 0.00027 0.00935 0.00002 0.00005 0.29469 0.37171
489.80000 0.00027 0.00911 0.00002 0.00005 0.29554 0.37045
489.90000 0.00026 0.00889 0.00002 0.00005 0.29638 0.36927
490.00000 0.00026 0.00868 0.00002 0.00005 0.29721 0.36818
490.10000 0.00026 0.00847 0.00002 0.00005 0.29804 0.36718
490.20000 0.00026 0.00828 0.00002 0.00005 0.29887 0.36628
490.30000 0.00025 0.00810 0.00002 0.00004 0.29967 0.36545
490.40000 0.00025 0.00794 0.00002 0.00004 0.30048 0.36471
490.50000 0.00025 0.00778 0.00002 0.00004 0.30129 0.36408
490.60000 0.00025 0.00763 0.00002 0.00004 0.30210 0.36354
490.70000 0.00024 0.00750 0.00002 0.00003 0.30290 0.36308
490.80000 0.00024 0.00737 0.00002 0.00003 0.30370 0.36271
490.90000 0.00024 0.00725 0.00002 0.00003 0.30448 0.36241
491.00000 0.00024 0.00715 0.00002 0.00003 0.30527 0.36219
491.10000 0.00024 0.00705 0.00002 0.00002 0.30604 0.36206
491.20000 0.00023 0.00696 0.00002 0.00002 0.30682 0.36199
491.30000 0.00023 0.00688 0.00002 0.00002 0.30759 0.36201
491.40000 0.00023 0.00680 0.00002 0.00002 0.30837 0.36209
491.50000 0.00023 0.00674 0.00002 0.00002 0.30914 0.36224
491.60000 0.00022 0.00668 0.00002 0.00002 0.30992 0.36244
491.70000 0.00022 0.00662 0.00002 0.00002 0.31068 0.36270
491.80000 0.00022 0.00658 0.00002 0.00002 0.31145 0.36300
491.90000 0.00022 0.00653 0.00002 0.00002 0.31221 0.36333
492.00000 0.00022 0.00649 0.00002 0.00002 0.31297 0.36370
492.10000 0.00022 0.00646 0.00002 0.00002 0.31373 0.36411
492.20000 0.00021 0.00642 0.00002 0.00001 0.31449 0.36453
492.30000 0.00021 0.00639 0.00002 0.00001 0.31525 0.36497
492.40000 0.00021 0.00636 0.00002 0.00001 0.31600 0.36541
492.50000 0.00021 0.00633 0.00002 0.00001 0.31676 0.36586
492.60000 0.00021 0.00630 0.00002 0.00001 0.31751 0.36631
492.70000 0.00020 0.00626 0.00002 0.00001 0.31827 0.36675
492.80000 0.00020 0.00623 0.00002 0.00001 0.31902 0.36717
492.90000 0.00020 0.00620 0.00002 0.00001 0.31976 0.36757
493.00000 0.00020 0.00616 0.00002 0.00001 0.32051 0.36795
493.10000 0.00020 0.00612 0.00002 0.00001 0.32125 0.36831
493.20000 0.00020 0.00607 0.00002 0.00001 0.32200 0.36864
493.30000 0.00019 0.00603 0.00002 0.00001 0.32275 0.36895
493.40000 0.00019 0.00598 0.00002 0.00001 0.32349 0.36922
493.50000 0.00019 0.00592 0.00002 0.00001 0.32423 0.36946
493.60000 0.00019 0.00587 0.00002 0.00001 0.32497 0.36967
493.70000 0.00019 0.00581 0.00002 0.00001 0.32572 0.36986
493.80000 0.00019 0.00575 0.00002 0.00001 0.32647 0.37002
493.90000 0.00018 0.00568 0.00002 0.00001 0.32721 0.37016
494.00000 0.00018 0.00561 0.00002 0.00001 0.32796 0.37027
494.10000 0.00018 0.00554 0.00002 0.00001 0.32871 0.37037
494.20000 0.00018 0.00547 0.00002 0.00001 0.32946 0.37046
494.30000 0.00018 0.00539 0.00001 0.00001 0.33020 0.37052
494.40000 0.00018 0.00532 0.00001 0.00001 0.33095 0.37058
494.50000 0.00018 0.00524 0.00001 0.00001 0.33169 0.37061
494.60000 0.00018 0.00517 0.00001 0.00001 0.33243 0.37065
494.70000 0.00017 0.00509 0.00001 0.00001 0.33316 0.37067
494.80000 0.00017 0.00501 0.00001 0.00001 0.33389 0.37069
494.90000 0.00017 0.00493 0.00001 0.00001 0.33464 0.37073
495.00000 0.00017 0.00486 0.00001 0.00001 0.33538 0.37077
495.10000 0.00017 0.00478 0.00001 0.00001 0.33613 0.37081
495.20000 0.00017 0.00470 0.00001 0.00001 0.33687 0.37085
495.30000 0.00017 0.00463 0.00001 0.00001 0.33761 0.37090
495.40000 0.00016 0.00455 0.00001 0.00001 0.33835 0.37095
495.50000 0.00016 0.00448 0.00001 0.00001 0.33908 0.37099
495.60000 0.00016 0.00440 0.00001 0.00001 0.33981 0.37104
495.70000 0.00016 0.00433 0.00001 0.00001 0.34055 0.37110
495.80000 0.00016 0.00426 0.00001 0.00001 0.34129 0.37117
495.90000 0.00016 0.00418 0.00001 0.00001 0.34202 0.37124
496.00000 0.00016 0.00411 0.00001 0.00001 0.34276 0.37131
496.10000 0.00016 0.00404 0.00001 0.00001 0.34350 0.37139
496.20000 0.00016 0.00397 0.00001 0.00001 0.34424 0.37147
496.30000 0.00015 0.00390 0.00001 0.00001 0.34498 0.37156
496.40000 0.00015 0.00382 0.00001 0.00001 0.34572 0.37165
496.50000 0.00015 0.00375 0.00001 0.00001 0.34646 0.37174
496.60000 0.00015 0.00368 0.00001 0.00001 0.34720 0.37184
496.70000 0.00015 0.00361 0.00001 0.00001 0.34794 0.37194
496.80000 0.00015 0.00354 0.00001 0.00001 0.34868 0.37205
496.90000 0.00015 0.00348 0.00001 0.00001 0.34942 0.37216
497.00000 0.00015 0.00341 0.00001 0.00001 0.35017 0.37227
497.10000 0.00015 0.00334 0.00001 0.00001 0.35091 0.37240
497.20000 0.00014 0.00327 0.00001 0.00001 0.35166 0.37253
497.30000 0.00014 0.00321 0.00001 0.00001 0.35238 0.37266
497.40000 0.00014 0.00314 0.00001 0.00001 0.35311 0.37279
497.50000 0.00014 0.00308 0.00001 0.00001 0.35385 0.37294
497.60000 0.00014 0.00302 0.00001 0.00001 0.35458 0.37310
497.70000 0.00014 0.00296 0.00001 0.00001 0.35531 0.37326
497.80000 0.00014 0.00290 0.00001 0.00001 0.35604 0.37344
497.90000 0.00014 0.00284 0.00001 0.00001 0.35677 0.37362
498.00000 0.00014 0.00278 0.00001 0.00001 0.35750 0.37382
498.10000 0.00014 0.00272 0.00001 0.00001 0.35824 0.37404
498.20000 0.00013 0.00267 0.00001 0.00001 0.35898 0.37427
498.30000 0.00013 0.00261 0.00001 0.00001 0.35971 0.37450
498.40000 0.00013 0.00256 0.00001 0.00001 0.36043 0.37474
498.50000 0.00013 0.00251 0.00001 0.00001 0.36117 0.37501
498.60000 0.00013 0.00246 0.00001 0.00001 0.36191 0.37528
498.70000 0.00013 0.00241 0.00001 0.00001 0.36264 0.37556
498.80000 0.00013 0.00236 0.00001 0.00001 0.36337 0.37586
498.90000 0.00013 0.00232 0.00001 0.00001 0.36410 0.37615
499.00000 0.00013 0.00227 0.00001 0.00001 0.36483 0.37646
499.10000 0.00013 0.00223 0.00001 0.00001 0.36555 0.37678
499.20000 0.00013 0.00219 0.00001 0.00001 0.36628 0.37711
499.30000 0.00013 0.00215 0.00001 0.00001 0.36702 0.37746
499.40000 0.00012 0.00211 0.00001 0.00001 0.36776 0.37782
499.50000 0.00012 0.00207 0.00001 0.00001 0.36849 0.37817
499.60000 0.00012 0.00203 0.00001 0.00001 0.36923 0.37854
499.70000 0.00012 0.00199 0.00001 0.00001 0.36996 0.37891
499.80000 0.00012 0.00195 0.00001 0.00001 0.37069 0.37928
499.90000 0.00012 0.00191 0.00001 0.00001 0.37141 0.37966
500.00000 0.00012 0.00188 0.00001 0.00001 0.37213 0.38003
500.10000 0.00012 0.00184 0.00001 0.00001 0.37286 0.38041
500.20000 0.00012 0.00180 0.00001 0.00001 0.37358 0.38080
500.30000 0.00012 0.00177 0.00001 0.00001 0.37430 0.38119
500.40000 0.00012 0.00173 0.00001 0.00001 0.37503 0.38158
500.50000 0.00012 0.00170 0.00001 0.00001 0.37575 0.38198
500.60000 0.00012 0.00167 0.00001 0.00001 0.37647 0.38238
500.70000 0.00011 0.00163 0.00001 0.00001 0.37719 0.38278
500.80000 0.00011 0.00160 0.00001 0.00001 0.37792 0.38319
500.90000 0.00011 0.00157 0.00001 0.00001 0.37864 0.38360
501.00000 0.00011 0.00153 0.00001 0.00001 0.37936 0.38402
501.10000 0.00011 0.00150 0.00001 0.00001 0.38009 0.38443
501.20000 0.00011 0.00147 0.00001 0.00001 0.38081 0.38485
501.30000 0.00011 0.00144 0.00001 0.00001 0.38153 0.38528
501.40000 0.00011 0.00141 0.00001 0.00001 0.38226 0.38571
501.50000 0.00011 0.00138 0.00001 0.00001 0.38298 0.38614
501.60000 0.00011 0.00135 0.00001 0.00001 0.38370 0.38658
501.70000 0.00011 0.00132 0.00001 0.00001 0.38443 0.38702
501.80000 0.00011 0.00129 0.00001 0.00001 0.38515 0.38747
501.90000 0.00011 0.00126 0.00001 0.00001 0.38587 0.38792
502.00000 0.00011 0.00123 0.00001 0.00001 0.38659 0.38838
502.10000 0.00011 0.00121 0.00001 0.00001 0.38732 0.38884
502.20000 0.00010 0.00118 0.00001 0.00001 0.38804 0.38931
502.30000 0.00010 0.00115 0.00001 0.00001 0.38876 0.38978
502.40000 0.00010 0.00113 0.00001 0.00001 0.38949 0.39025
502.50000 0.00010 0.00110 0.00001 0.00001 0.39021 0.39074
502.60000 0.00010 0.00108 0.00001 0.00001 0.39093 0.39123
502.70000 0.00010 0.00105 0.00001 0.00001 0.39166 0.39172
502.80000 0.00010 0.00103 0.00001 0.00001 0.39238 0.39222
502.90000 0.00010 0.00101 0.00001 0.00001 0.39310 0.39272
503.00000 0.00010 0.00099 0.00001 0.00001 0.39382 0.39323
503.10000 0.00010 0.00097 0.00001 0.00001 0.39455 0.39375
503.20000 0.00010 0.00095 0.00001 0.00001 0.39527 0.39427
503.30000 0.00010 0.00093 0.00001 0.00001 0.39599 0.39479
503.40000 0.00010 0.00091 0.00001 0.00001 0.39672 0.39532
503.50000 0.00010 0.00089 0.00001 0.00001 0.39744 0.39585
503.60000 0.00010 0.00087 0.00001 0.00001 0.39816 0.39639
503.70000 0.00010 0.00085 0.00001 0.00001 0.39889 0.39694
503.80000 0.00010 0.00083 0.00001 0.00001 0.39961 0.39749
503.90000 0.00009 0.00082 0.00001 0.00001 0.40033 0.39804
504.00000 0.00009 0.00080 0.00001 0.00001 0.40105 0.39860
504.10000 0.00009 0.00078 0.00001 0.00001 0.40178 0.39916
504.20000 0.00009 0.00077 0.00001 0.00001 0.40250 0.39972
504.30000 0.00009 0.00075 0.00001 0.00001 0.40322 0.40029
504.40000 0.00009 0.00074 0.00001 0.00001 0.40395 0.40087
504.50000 0.00009 0.00073 0.00001 0.00001 0.40467 0.40145
504.60000 0.00009 0.00071 0.00001 0.00001 0.40539 0.40203
504.70000 0.00009 0.00070 0.00001 0.00001 0.40612 0.40261
504.80000 0.00009 0.00069 0.00001 0.00001 0.40684 0.40320
504.90000 0.00009 0.00067 0.00001 0.00001 0.40756 0.40379
505.00000 0.00009 0.00066 0.00001 0.00001 0.40828 0.40438
505.10000 0.00009 0.00065 0.00001 0.00001 0.40901 0.40498
505.20000 0.00009 0.00064 0.00001 0.00001 0.40973 0.40558
505.30000 0.00009 0.00063 0.00001 0.00001 0.41045 0.40618
505.40000 0.00009 0.00062 0.00001 0.00001 0.41118 0.40679
505.50000 0.00009 0.00060 0.00001 0.00001 0.41190 0.40740
505.60000 0.00009 0.00059 0.00001 0.00001 0.41262 0.40801
505.70000 0.00009 0.00058 0.00001 0.00001 0.41335 0.40862
505.80000 0.00009 0.00057 0.00001 0.00001 0.41407 0.40924
505.90000 0.00009 0.00056 0.00001 0.00001 0.41479 0.40986
506.00000 0.00008 0.00056 0.00001 0.00001 0.41552 0.41048
506.10000 0.00008 0.00055 0.00001 0.00001 0.41624 0.41110
506.20000 0.00008 0.00054 0.00001 0.00001 0.41696 0.41173
506.30000 0.00008 0.00053 0.00001 0.00001 0.41768 0.41235
506.40000 0.00008 0.00052 0.00001 0.00001 0.41841 0.41298
506.50000 0.00008 0.00051 0.00001 0.00001 0.41913 0.41361
506.60000 0.00008 0.00050 0.00001 0.00001 0.41985 0.41424
506.70000 0.00008 0.00050 0.00001 0.00001 0.42058 0.41488
506.80000 0.00008 0.00049 0.00001 0.00001 0.42130 0.41551
506.90000 0.00008 0.00048 0.00001 0.00001 0.42202 0.41615
507.00000 0.00008 0.00047 0.00001 0.00001 0.42275 0.41679
507.10000 0.00008 0.00047 0.00001 0.00001 0.42347 0.41743
507.20000 0.00008 0.00046 0.00001 0.00001 0.42419 0.41807
507.30000 0.00008 0.00045 0.00001 0.00000 0.42491 0.41872
507.40000 0.00008 0.00045 0.00001 0.00000 0.42564 0.41936
507.50000 0.00008 0.00044 0.00001 0.00000 0.42636 0.42001
507.60000 0.00008 0.00044 0.00001 0.00000 0.42708 0.42066
507.70000 0.00008 0.00043 0.00001 0.00000 0.42781 0.42131
507.80000 0.00008 0.00042 0.00001 0.00000 0.42853 0.42196
507.90000 0.00008 0.00042 0.00001 0.00000 0.42925 0.42261
508.00000 0.00008 0.00041 0.00001 0.00000 0.42998 0.42326
508.10000 0.00008 0.00041 0.00001 0.00000 0.43070 0.42391
508.20000 0.00008 0.00040 0.00001 0.00000 0.43142 0.42457
508.30000 0.00008 0.00040 0.00001 0.00000 0.43214 0.42522
508.40000 0.00007 0.00039 0.00001 0.00000 0.43287 0.42588
508.50000 0.00007 0.00039 0.00001 0.00000 0.43359 0.42654
508.60000 0.00007 0.00038 0.00001 0.00000 0.43431 0.42720
508.70000 0.00007 0.00038 0.00001 0.00000 0.43504 0.42786
508.80000 0.00007 0.00037 0.00001 0.00000 0.43576 0.42852
508.90000 0.00007 0.00037 0.00001 0.00000 0.43648 0.42918
509.00000 0.00007 0.00036 0.00001 0.00000 0.43721 0.42984
509.10000 0.00007 0.00036 0.00001 0.00000 0.43793 0.43051
509.20000 0.00007 0.00035 0.00001 0.00000 0.43865 0.43117
509.30000 0.00007 0.00035 0.00001 0.00000 0.43937 0.43184
509.40000 0.00007 0.00034 0.00001 0.00000 0.44010 0.43250
509.50000 0.00007 0.00034 0.00001 0.00000 0.44082 0.43317
509.60000 0.00007 0.00034 0.00001 0.00000 0.44154 0.43383
509.70000 0.00007 0.00033 0.00001 0.00000 0.44227 0.43450
509.80000 0.00007 0.00033 0.00001 0.00000 0.44299 0.43517
509.90000 0.00007 0.00032 0.00001 0.00000 0.44371 0.43584
510.00000 0.00007 0.00032 0.00001 0.00000 0.44444 0.43651
