-5.00000 0.00499
-4.90000 0.00517
-4.80000 0.00535
-4.70000 0.00554
-4.60000 0.00574
-4.50000 0.00595
-4.40000 0.00617
-4.30000 0.00640
-4.20000 0.00664
-4.10000 0.00690
-4.00000 0.00717
-3.90000 0.00745
-3.80000 0.00775
-3.70000 0.00807
-3.60000 0.00841
-3.50000 0.00877
-3.40000 0.00914
-3.30000 0.00955
-3.20000 0.00998
-3.10000 0.01044
-3.00000 0.01093
-2.90000 0.01146
-2.80000 0.01202
-2.70000 0.01263
-2.60000 0.01328
-2.50000 0.01399
-2.40000 0.01476
-2.30000 0.01560
-2.20000 0.01651
-2.10000 0.01750
-2.00000 0.01860
-1.90000 0.01981
-1.80000 0.02114
-1.70000 0.02263
-1.60000 0.02430
-1.50000 0.02618
-1.40000 0.02832
-1.30000 0.03077
-1.20000 0.03360
-1.10000 0.03691
-1.00000 0.04083
-0.90000 0.04552
-0.80000 0.05122
-0.70000 0.05821
-0.60000 0.06688
-0.50000 0.07770
-0.40000 0.09121
-0.30000 0.10804
-0.20000 0.12886
-0.10000 0.15429
0.00000 0.18479
0.10000 0.22060
0.20000 0.26159
0.30000 0.30711
0.40000 0.35602
0.50000 0.40660
0.60000 0.45671
0.70000 0.50395
0.80000 0.54594
0.90000 0.58056
1.00000 0.60631
1.10000 0.62252
1.20000 0.62940
1.30000 0.62806
1.40000 0.62031
1.50000 0.60829
1.60000 0.59415
1.70000 0.57964
1.80000 0.56587
1.90000 0.55318
2.00000 0.54120
2.10000 0.52909
2.20000 0.51582
2.30000 0.50052
2.40000 0.48273
2.50000 0.46257
2.60000 0.44070
2.70000 0.41826
2.80000 0.39664
2.90000 0.37725
3.00000 0.36136
3.10000 0.34992
3.20000 0.34347
3.30000 0.34211
3.40000 0.34551
3.50000 0.35290
3.60000 0.36311
3.70000 0.37467
3.80000 0.38589
3.90000 0.39501
4.00000 0.40038
4.10000 0.40068
4.20000 0.39505
4.30000 0.38326
4.40000 0.36571
4.50000 0.34335
4.60000 0.31757
4.70000 0.28997
4.80000 0.26216
4.90000 0.23560
5.00000 0.21139
5.10000 0.19028
5.20000 0.17261
5.30000 0.15836
5.40000 0.14720
5.50000 0.13865
5.60000 0.13206
5.70000 0.12681
5.80000 0.12229
5.90000 0.11802
6.00000 0.11364
6.10000 0.10893
6.20000 0.10385
6.30000 0.09844
6.40000 0.09288
6.50000 0.08735
6.60000 0.08210
6.70000 0.07732
6.80000 0.07321
6.90000 0.06989
7.00000 0.06747
7.10000 0.06599
7.20000 0.06547
7.30000 0.06590
7.40000 0.06724
7.50000 0.06944
7.60000 0.07243
7.70000 0.07615
7.80000 0.08050
7.90000 0.08538
8.00000 0.09067
8.10000 0.09623
8.20000 0.10189
8.30000 0.10746
8.40000 0.11274
8.50000 0.11750
8.60000 0.12153
8.70000 0.12465
8.80000 0.12670
8.90000 0.12755
9.00000 0.12717
9.10000 0.12555
9.20000 0.12276
9.30000 0.11892
9.40000 0.11421
9.50000 0.10881
9.60000 0.10295
9.70000 0.09686
9.80000 0.09075
9.90000 0.08482
10.00000 0.07925
10.10000 0.07416
10.20000 0.06966
10.30000 0.06579
10.40000 0.06258
10.50000 0.06004
10.60000 0.05812
10.70000 0.05679
10.80000 0.05599
10.90000 0.05565
11.00000 0.05568
11.10000 0.05600
11.20000 0.05651
11.30000 0.05709
11.40000 0.05764
11.50000 0.05803
11.60000 0.05818
11.70000 0.05799
11.80000 0.05740
11.90000 0.05638
12.00000 0.05493
12.10000 0.05307
12.20000 0.05085
12.30000 0.04835
12.40000 0.04563
12.50000 0.04277
12.60000 0.03986
12.70000 0.03696
12.80000 0.03413
12.90000 0.03141
13.00000 0.02884
13.10000 0.02645
13.20000 0.02425
13.30000 0.02225
13.40000 0.02044
13.50000 0.01884
13.60000 0.01742
13.70000 0.01618
13.80000 0.01511
13.90000 0.01418
14.00000 0.01339
14.10000 0.01271
14.20000 0.01214
14.30000 0.01167
14.40000 0.01127
14.50000 0.01094
14.60000 0.01066
14.70000 0.01044
14.80000 0.01025
14.90000 0.01008
15.00000 0.00994
15.10000 0.00980
15.20000 0.00965
15.30000 0.00950
15.40000 0.00931
15.50000 0.00910
15.60000 0.00886
15.70000 0.00858
15.80000 0.00826
15.90000 0.00791
16.00000 0.00754
16.10000 0.00714
16.20000 0.00674
16.30000 0.00634
16.40000 0.00594
16.50000 0.00556
16.60000 0.00519
16.70000 0.00485
16.80000 0.00453
16.90000 0.00424
17.00000 0.00398
17.10000 0.00373
17.20000 0.00351
17.30000 0.00332
17.40000 0.00313
17.50000 0.00297
17.60000 0.00282
17.70000 0.00268
17.80000 0.00255
17.90000 0.00244
18.00000 0.00233
18.10000 0.00223
18.20000 0.00213
18.30000 0.00205
18.40000 0.00196
18.50000 0.00188
18.60000 0.00181
18.70000 0.00174
18.80000 0.00167
18.90000 0.00161
19.00000 0.00155
19.10000 0.00149
19.20000 0.00144
19.30000 0.00139
19.40000 0.00134
19.50000 0.00129
19.60000 0.00124
19.70000 0.00120
19.80000 0.00115
19.90000 0.00111
20.00000 0.00107
20.10000 0.00103
20.20000 0.00099
20.30000 0.00096
20.40000 0.00092
20.50000 0.00089
20.60000 0.00086
20.70000 0.00082
20.80000 0.00079
20.90000 0.00076
21.00000 0.00073
21.10000 0.00071
21.20000 0.00068
21.30000 0.00065
21.40000 0.00063
21.50000 0.00060
21.60000 0.00058
21.70000 0.00055
21.80000 0.00053
21.90000 0.00051
22.00000 0.00048
22.10000 0.00046
22.20000 0.00044
22.30000 0.00042
22.40000 0.00040
22.50000 0.00038
22.60000 0.00036
22.70000 0.00034
22.80000 0.00032
22.90000 0.00030
23.00000 0.00029
23.10000 0.00027
23.20000 0.00025
23.30000 0.00024
23.40000 0.00022
23.50000 0.00020
23.60000 0.00019
23.70000 0.00017
23.80000 0.00016
23.90000 0.00014
24.00000 0.00013
24.10000 0.00012
24.20000 0.00010
24.30000 0.00009
24.40000 0.00007
24.50000 0.00006
24.60000 0.00005
24.70000 0.00004
24.80000 0.00002
24.90000 0.00001
25.00000 0.00000
