435.00000 0.00004 0.00001 0.00004 0.00001 -0.00078 0.00000
435.10000 0.00004 0.00001 0.00004 0.00001 -0.00077 0.00001
435.20000 0.00004 0.00001 0.00004 0.00001 -0.00076 0.00002
435.30000 0.00004 0.00001 0.00004 0.00001 -0.00076 0.00004
435.40000 0.00004 0.00001 0.00004 0.00001 -0.00075 0.00005
435.50000 0.00004 0.00001 0.00004 0.00001 -0.00074 0.00006
435.60000 0.00004 0.00001 0.00004 0.00001 -0.00073 0.00007
435.70000 0.00004 0.00001 0.00004 0.00001 -0.00073 0.00009
435.80000 0.00004 0.00001 0.00004 0.00001 -0.00072 0.00010
435.90000 0.00004 0.00001 0.00004 0.00001 -0.00071 0.00011
436.00000 0.00004 0.00001 0.00004 0.00001 -0.00070 0.00013
436.10000 0.00004 0.00001 0.00004 0.00001 -0.00069 0.00014
436.20000 0.00004 0.00001 0.00004 0.00001 -0.00069 0.00015
436.30000 0.00004 0.00001 0.00005 0.00001 -0.00068 0.00016
436.40000 0.00004 0.00001 0.00005 0.00001 -0.00067 0.00018
436.50000 0.00004 0.00001 0.00005 0.00001 -0.00066 0.00019
436.60000 0.00004 0.00001 0.00005 0.00001 -0.00066 0.00020
436.70000 0.00004 0.00001 0.00005 0.00001 -0.00065 0.00022
436.80000 0.00004 0.00001 0.00005 0.00001 -0.00064 0.00023
436.90000 0.00004 0.00001 0.00005 0.00001 -0.00063 0.00024
437.00000 0.00004 0.00001 0.00005 0.00001 -0.00062 0.00026
437.10000 0.00004 0.00001 0.00005 0.00002 -0.00062 0.00027
437.20000 0.00004 0.00001 0.00005 0.00002 -0.00061 0.00028
437.30000 0.00004 0.00001 0.00005 0.00002 -0.00060 0.00030
437.40000 0.00005 0.00001 0.00005 0.00002 -0.00059 0.00031
437.50000 0.00005 0.00001 0.00005 0.00002 -0.00058 0.00033
437.60000 0.00005 0.00001 0.00005 0.00002 -0.00058 0.00034
437.70000 0.00005 0.00001 0.00005 0.00002 -0.00057 0.00035
437.80000 0.00005 0.00001 0.00005 0.00002 -0.00056 0.00037
437.90000 0.00005 0.00001 0.00005 0.00002 -0.00055 0.00038
438.00000 0.00005 0.00001 0.00005 0.00002 -0.00055 0.00040
438.10000 0.00005 0.00001 0.00005 0.00002 -0.00054 0.00041
438.20000 0.00005 0.00001 0.00005 0.00002 -0.00053 0.00042
438.30000 0.00005 0.00001 0.00005 0.00002 -0.00052 0.00044
438.40000 0.00005 0.00001 0.00006 0.00002 -0.00051 0.00045
438.50000 0.00005 0.00001 0.00006 0.00002 -0.00051 0.00047
438.60000 0.00005 0.00001 0.00006 0.00002 -0.00050 0.00048
438.70000 0.00005 0.00001 0.00006 0.00002 -0.00049 0.00050
438.80000 0.00005 0.00001 0.00006 0.00002 -0.00048 0.00051
438.90000 0.00005 0.00001 0.00006 0.00002 -0.00048 0.00053
439.00000 0.00005 0.00001 0.00006 0.00002 -0.00047 0.00054
439.10000 0.00005 0.00001 0.00006 0.00002 -0.00046 0.00056
439.20000 0.00005 0.00001 0.00006 0.00002 -0.00045 0.00057
439.30000 0.00005 0.00001 0.00006 0.00002 -0.00044 0.00059
439.40000 0.00005 0.00001 0.00006 0.00002 -0.00044 0.00061
439.50000 0.00005 0.00001 0.00006 0.00002 -0.00043 0.00062
439.60000 0.00005 0.00001 0.00006 0.00002 -0.00042 0.00064
439.70000 0.00005 0.00001 0.00006 0.00002 -0.00041 0.00065
439.80000 0.00005 0.00001 0.00006 0.00002 -0.00041 0.00067
439.90000 0.00005 0.00001 0.00006 0.00002 -0.00040 0.00069
440.00000 0.00006 0.00001 0.00007 0.00002 -0.00039 0.00070
440.10000 0.00006 0.00001 0.00007 0.00002 -0.00038 0.00072
440.20000 0.00006 0.00001 0.00007 0.00002 -0.00037 0.00073
440.30000 0.00006 0.00001 0.00007 0.00002 -0.00037 0.00075
440.40000 0.00006 0.00001 0.00007 0.00002 -0.00036 0.00077
440.50000 0.00006 0.00001 0.00007 0.00002 -0.00035 0.00078
440.60000 0.00006 0.00001 0.00007 0.00002 -0.00034 0.00080
440.70000 0.00006 0.00001 0.00007 0.00002 -0.00034 0.00082
440.80000 0.00006 0.00001 0.00007 0.00002 -0.00033 0.00084
440.90000 0.00006 0.00001 0.00007 0.00002 -0.00032 0.00085
441.00000 0.00006 0.00001 0.00007 0.00002 -0.00031 0.00087
441.10000 0.00006 0.00001 0.00007 0.00002 -0.00030 0.00089
441.20000 0.00006 0.00001 0.00007 0.00002 -0.00030 0.00091
441.30000 0.00006 0.00001 0.00008 0.00002 -0.00029 0.00093
441.40000 0.00006 0.00001 0.00008 0.00002 -0.00028 0.00094
441.50000 0.00006 0.00001 0.00008 0.00002 -0.00027 0.00096
441.60000 0.00006 0.00001 0.00008 0.00002 -0.00027 0.00098
441.70000 0.00006 0.00001 0.00008 0.00002 -0.00026 0.00100
441.80000 0.00006 0.00001 0.00008 0.00002 -0.00025 0.00102
441.90000 0.00006 0.00001 0.00008 0.00002 -0.00024 0.00104
442.00000 0.00007 0.00001 0.00008 0.00002 -0.00023 0.00106
442.10000 0.00007 0.00001 0.00008 0.00002 -0.00023 0.00108
442.20000 0.00007 0.00001 0.00008 0.00002 -0.00022 0.00110
442.30000 0.00007 0.00001 0.00008 0.00002 -0.00021 0.00112
442.40000 0.00007 0.00001 0.00009 0.00002 -0.00020 0.00114
442.50000 0.00007 0.00001 0.00009 0.00002 -0.00019 0.00116
442.60000 0.00007 0.00001 0.00009 0.00002 -0.00019 0.00118
442.70000 0.00007 0.00001 0.00009 0.00002 -0.00018 0.00120
442.80000 0.00007 0.00001 0.00009 0.00002 -0.00017 0.00122
442.90000 0.00007 0.00001 0.00009 0.00002 -0.00016 0.00124
443.00000 0.00007 0.00001 0.00009 0.00002 -0.00016 0.00126
443.10000 0.00007 0.00001 0.00009 0.00002 -0.00015 0.00128
443.20000 0.00007 0.00001 0.00010 0.00003 -0.00014 0.00130
443.30000 0.00007 0.00001 0.00010 0.00003 -0.00013 0.00133
443.40000 0.00007 0.00001 0.00010 0.00003 -0.00012 0.00135
443.50000 0.00007 0.00001 0.00010 0.00003 -0.00012 0.00137
443.60000 0.00008 0.00001 0.00010 0.00003 -0.00011 0.00139
443.70000 0.00008 0.00001 0.00010 0.00003 -0.00010 0.00142
443.80000 0.00008 0.00001 0.00010 0.00003 -0.00009 0.00144
443.90000 0.00008 0.00001 0.00010 0.00003 -0.00009 0.00147
444.00000 0.00008 0.00001 0.00011 0.00003 -0.00008 0.00149
444.10000 0.00008 0.00001 0.00011 0.00003 -0.00007 0.00151
444.20000 0.00008 0.00001 0.00011 0.00003 -0.00006 0.00154
444.30000 0.00008 0.00001 0.00011 0.00003 -0.00005 0.00156
444.40000 0.00008 0.00001 0.00011 0.00003 -0.00005 0.00159
444.50000 0.00008 0.00001 0.00011 0.00003 -0.00004 0.00161
444.60000 0.00008 0.00001 0.00012 0.00003 -0.00003 0.00164
444.70000 0.00008 0.00001 0.00012 0.00003 -0.00002 0.00167
444.80000 0.00008 0.00001 0.00012 0.00003 -0.00002 0.00169
444.90000 0.00009 0.00001 0.00012 0.00003 -0.00001 0.00172
445.00000 0.00009 0.00001 0.00012 0.00003 -0.00000 0.00175
445.10000 0.00009 0.00001 0.00012 0.00003 0.00001 0.00178
445.20000 0.00009 0.00001 0.00013 0.00003 0.00002 0.00180
445.30000 0.00009 0.00001 0.00013 0.00003 0.00002 0.00183
445.40000 0.00009 0.00001 0.00013 0.00003 0.00003 0.00186
445.50000 0.00009 0.00001 0.00013 0.00003 0.00003 0.00189
445.60000 0.00009 0.00001 0.00013 0.00003 0.00004 0.00191
445.70000 0.00009 0.00001 0.00014 0.00003 0.00005 0.00195
445.80000 0.00009 0.00001 0.00014 0.00003 0.00006 0.00198
445.90000 0.00009 0.00001 0.00014 0.00003 0.00006 0.00201
446.00000 0.00010 0.00001 0.00014 0.00003 0.00007 0.00204
446.10000 0.00010 0.00001 0.00015 0.00003 0.00007 0.00207
446.20000 0.00010 0.00001 0.00015 0.00003 0.00008 0.00209
446.30000 0.00010 0.00001 0.00015 0.00003 0.00008 0.00212
446.40000 0.00010 0.00001 0.00015 0.00003 0.00008 0.00215
446.50000 0.00010 0.00001 0.00016 0.00004 0.00008 0.00218
446.60000 0.00010 0.00001 0.00016 0.00004 0.00009 0.00222
446.70000 0.00010 0.00001 0.00016 0.00004 0.00010 0.00225
446.80000 0.00010 0.00001 0.00016 0.00004 0.00011 0.00229
446.90000 0.00011 0.00001 0.00017 0.00004 0.00011 0.00232
447.00000 0.00011 0.00001 0.00017 0.00004 0.00012 0.00236
447.10000 0.00011 0.00001 0.00017 0.00004 0.00012 0.00240
447.20000 0.00011 0.00001 0.00018 0.00004 0.00013 0.00243
447.30000 0.00011 0.00001 0.00018 0.00004 0.00013 0.00247
447.40000 0.00011 0.00001 0.00018 0.00004 0.00014 0.00251
447.50000 0.00011 0.00001 0.00019 0.00004 0.00014 0.00254
447.60000 0.00011 0.00001 0.00019 0.00004 0.00014 0.00258
447.70000 0.00012 0.00001 0.00019 0.00004 0.00014 0.00262
447.80000 0.00012 0.00001 0.00020 0.00004 0.00015 0.00266
447.90000 0.00012 0.00001 0.00020 0.00004 0.00015 0.00270
448.00000 0.00012 0.00001 0.00020 0.00004 0.00016 0.00275
448.10000 0.00012 0.00001 0.00021 0.00004 0.00016 0.00279
448.20000 0.00012 0.00001 0.00021 0.00004 0.00016 0.00283
448.30000 0.00012 0.00001 0.00022 0.00004 0.00017 0.00288
448.40000 0.00013 0.00001 0.00022 0.00004 0.00017 0.00292
448.50000 0.00013 0.00001 0.00023 0.00004 0.00018 0.00297
448.60000 0.00013 0.00001 0.00023 0.00005 0.00018 0.00303
448.70000 0.00013 0.00001 0.00024 0.00005 0.00018 0.00307
448.80000 0.00013 0.00001 0.00024 0.00005 0.00018 0.00312
448.90000 0.00013 0.00001 0.00025 0.00005 0.00019 0.00318
449.00000 0.00014 0.00001 0.00025 0.00005 0.00019 0.00323
449.10000 0.00014 0.00001 0.00026 0.00005 0.00020 0.00329
449.20000 0.00014 0.00001 0.00026 0.00005 0.00020 0.00335
449.30000 0.00014 0.00001 0.00027 0.00005 0.00021 0.00341
449.40000 0.00014 0.00001 0.00027 0.00005 0.00021 0.00347
449.50000 0.00015 0.00001 0.00028 0.00005 0.00021 0.00353
449.60000 0.00015 0.00001 0.00029 0.00005 0.00022 0.00359
449.70000 0.00015 0.00001 0.00029 0.00005 0.00022 0.00366
449.80000 0.00015 0.00001 0.00030 0.00005 0.00022 0.00372
449.90000 0.00015 0.00001 0.00031 0.00005 0.00022 0.00380
450.00000 0.00016 0.00001 0.00032 0.00005 0.00023 0.00387
450.10000 0.00016 0.00001 0.00032 0.00006 0.00023 0.00395
450.20000 0.00016 0.00001 0.00033 0.00006 0.00024 0.00403
450.30000 0.00016 0.00001 0.00034 0.00006 0.00024 0.00410
450.40000 0.00016 0.00001 0.00035 0.00006 0.00024 0.00418
450.50000 0.00017 0.00001 0.00036 0.00006 0.00025 0.00427
450.60000 0.00017 0.00001 0.00037 0.00006 0.00025 0.00436
450.70000 0.00017 0.00001 0.00038 0.00006 0.00026 0.00445
450.80000 0.00017 0.00001 0.00039 0.00006 0.00026 0.00455
450.90000 0.00018 0.00001 0.00040 0.00006 0.00027 0.00465
451.00000 0.00018 0.00001 0.00041 0.00006 0.00027 0.00475
451.10000 0.00018 0.00001 0.00042 0.00006 0.00027 0.00485
451.20000 0.00019 0.00001 0.00044 0.00007 0.00027 0.00496
451.30000 0.00019 0.00001 0.00045 0.00007 0.00027 0.00507
451.40000 0.00019 0.00001 0.00046 0.00007 0.00028 0.00518
451.50000 0.00019 0.00001 0.00048 0.00007 0.00028 0.00531
451.60000 0.00020 0.00001 0.00049 0.00007 0.00028 0.00543
451.70000 0.00020 0.00001 0.00051 0.00007 0.00028 0.00557
451.80000 0.00020 0.00001 0.00052 0.00007 0.00029 0.00571
451.90000 0.00021 0.00001 0.00054 0.00007 0.00029 0.00585
452.00000 0.00021 0.00001 0.00056 0.00007 0.00030 0.00601
452.10000 0.00021 0.00001 0.00058 0.00008 0.00030 0.00616
452.20000 0.00022 0.00001 0.00060 0.00008 0.00030 0.00633
452.30000 0.00022 0.00001 0.00062 0.00008 0.00031 0.00650
452.40000 0.00022 0.00001 0.00064 0.00008 0.00032 0.00669
452.50000 0.00023 0.00001 0.00066 0.00008 0.00033 0.00688
452.60000 0.00023 0.00001 0.00069 0.00008 0.00034 0.00709
452.70000 0.00024 0.00001 0.00071 0.00008 0.00034 0.00730
452.80000 0.00024 0.00001 0.00074 0.00008 0.00034 0.00752
452.90000 0.00024 0.00001 0.00077 0.00009 0.00035 0.00776
453.00000 0.00025 0.00001 0.00080 0.00009 0.00036 0.00801
453.10000 0.00025 0.00001 0.00084 0.00009 0.00036 0.00828
453.20000 0.00026 0.00001 0.00087 0.00009 0.00037 0.00856
453.30000 0.00026 0.00001 0.00091 0.00009 0.00038 0.00886
453.40000 0.00027 0.00001 0.00095 0.00009 0.00039 0.00917
453.50000 0.00027 0.00001 0.00099 0.00010 0.00040 0.00951
453.60000 0.00028 0.00001 0.00104 0.00010 0.00041 0.00987
453.70000 0.00028 0.00001 0.00109 0.00010 0.00041 0.01025
453.80000 0.00029 0.00001 0.00114 0.00010 0.00042 0.01066
453.90000 0.00029 0.00001 0.00120 0.00010 0.00043 0.01110
454.00000 0.00030 0.00001 0.00127 0.00011 0.00044 0.01157
454.10000 0.00031 0.00002 0.00133 0.00011 0.00045 0.01208
454.20000 0.00031 0.00002 0.00141 0.00011 0.00047 0.01263
454.30000 0.00032 0.00002 0.00149 0.00011 0.00048 0.01323
454.40000 0.00033 0.00002 0.00158 0.00012 0.00049 0.01388
454.50000 0.00033 0.00002 0.00167 0.00012 0.00050 0.01458
454.60000 0.00034 0.00002 0.00178 0.00012 0.00051 0.01535
454.70000 0.00035 0.00002 0.00190 0.00012 0.00052 0.01620
454.80000 0.00035 0.00002 0.00203 0.00013 0.00053 0.01714
454.90000 0.00036 0.00002 0.00218 0.00013 0.00055 0.01819
455.00000 0.00037 0.00002 0.00234 0.00013 0.00056 0.01936
455.10000 0.00038 0.00002 0.00253 0.00013 0.00058 0.02069
455.20000 0.00039 0.00002 0.00275 0.00014 0.00059 0.02220
455.30000 0.00040 0.00002 0.00300 0.00014 0.00061 0.02394
455.40000 0.00041 0.00002 0.00330 0.00014 0.00063 0.02597
455.50000 0.00042 0.00002 0.00365 0.00015 0.00065 0.02837
455.60000 0.00043 0.00002 0.00407 0.00015 0.00068 0.03124
455.70000 0.00044 0.00002 0.00459 0.00015 0.00070 0.03472
455.80000 0.00045 0.00002 0.00522 0.00016 0.00073 0.03899
455.90000 0.00046 0.00002 0.00601 0.00016 0.00077 0.04429
456.00000 0.00047 0.00002 0.00701 0.00017 0.00081 0.05093
456.10000 0.00048 0.00002 0.00827 0.00017 0.00086 0.05929
456.20000 0.00050 0.00002 0.00986 0.00018 0.00090 0.06984
456.30000 0.00051 0.00002 0.01187 0.00018 0.00097 0.08316
456.40000 0.00052 0.00002 0.01440 0.00018 0.00104 0.09988
456.50000 0.00054 0.00002 0.01757 0.00019 0.00116 0.12075
456.60000 0.00055 0.00002 0.02148 0.00019 0.00128 0.14651
456.70000 0.00057 0.00002 0.02625 0.00020 0.00146 0.17795
456.80000 0.00058 0.00002 0.03198 0.00021 0.00165 0.21568
456.90000 0.00060 0.00002 0.03875 0.00021 0.00195 0.26033
457.00000 0.00062 0.00002 0.04660 0.00022 0.00225 0.31202
457.10000 0.00064 0.00002 0.05552 0.00022 0.00272 0.37081
457.20000 0.00066 0.00002 0.06541 0.00023 0.00319 0.43598
457.30000 0.00068 0.00002 0.07610 0.00024 0.00390 0.50666
457.40000 0.00070 0.00002 0.08736 0.00025 0.00460 0.58100
457.50000 0.00072 0.00002 0.09884 0.00025 0.00561 0.65711
457.60000 0.00075 0.00002 0.11015 0.00026 0.00661 0.73208
457.70000 0.00077 0.00002 0.12083 0.00027 0.00794 0.80328
457.80000 0.00080 0.00002 0.13040 0.00028 0.00926 0.86732
457.90000 0.00083 0.00002 0.13843 0.00029 0.01088 0.92149
458.00000 0.00086 0.00002 0.14448 0.00030 0.01249 0.96286
458.10000 0.00089 0.00002 0.14826 0.00031 0.01428 0.98953
458.20000 0.00092 0.00002 0.14955 0.00032 0.01607 1.00000
458.30000 0.00096 0.00002 0.14828 0.00033 0.01790 0.99384
458.40000 0.00100 0.00002 0.14453 0.00034 0.01973 0.97149
458.50000 0.00104 0.00002 0.13850 0.00036 0.02142 0.93414
458.60000 0.00108 0.00002 0.13050 0.00037 0.02311 0.88403
458.70000 0.00113 0.00002 0.12096 0.00039 0.02458 0.82359
458.80000 0.00118 0.00002 0.11032 0.00040 0.02604 0.75604
458.90000 0.00123 0.00002 0.09907 0.00042 0.02721 0.68419
459.00000 0.00128 0.00002 0.08764 0.00044 0.02839 0.61128
459.10000 0.00134 0.00002 0.07645 0.00046 0.02929 0.53968
459.20000 0.00141 0.00002 0.06584 0.00048 0.03019 0.47185
459.30000 0.00148 0.00002 0.05604 0.00050 0.03087 0.40922
459.40000 0.00155 0.00002 0.04724 0.00052 0.03155 0.35308
459.50000 0.00164 0.00002 0.03951 0.00055 0.03206 0.30385
459.60000 0.00172 0.00002 0.03287 0.00057 0.03257 0.26179
459.70000 0.00182 0.00002 0.02729 0.00060 0.03297 0.22654
459.80000 0.00192 0.00002 0.02267 0.00063 0.03336 0.19770
459.90000 0.00204 0.00002 0.01892 0.00067 0.03367 0.17448
460.00000 0.00216 0.00002 0.01591 0.00070 0.03398 0.15620
460.10000 0.00230 0.00002 0.01352 0.00074 0.03425 0.14202
460.20000 0.00245 0.00002 0.01163 0.00079 0.03452 0.13125
460.30000 0.00261 0.00002 0.01015 0.00084 0.03476 0.12318
460.40000 0.00279 0.00002 0.00897 0.00089 0.03500 0.11725
460.50000 0.00299 0.00002 0.00802 0.00095 0.03523 0.11298
460.60000 0.00321 0.00002 0.00724 0.00102 0.03546 0.11000
460.70000 0.00345 0.00002 0.00659 0.00109 0.03568 0.10802
460.80000 0.00372 0.00002 0.00603 0.00117 0.03590 0.10682
460.90000 0.00401 0.00002 0.00552 0.00127 0.03612 0.10629
461.00000 0.00433 0.00002 0.00507 0.00138 0.03634 0.10634
461.10000 0.00468 0.00002 0.00465 0.00150 0.03656 0.10694
461.20000 0.00507 0.00002 0.00426 0.00165 0.03679 0.10808
461.30000 0.00548 0.00002 0.00390 0.00182 0.03703 0.10981
461.40000 0.00593 0.00002 0.00356 0.00204 0.03726 0.11217
461.50000 0.00641 0.00002 0.00326 0.00229 0.03752 0.11523
461.60000 0.00692 0.00002 0.00298 0.00261 0.03778 0.11907
461.70000 0.00746 0.00002 0.00273 0.00301 0.03806 0.12382
461.80000 0.00802 0.00003 0.00251 0.00351 0.03835 0.12957
461.90000 0.00860 0.00003 0.00231 0.00413 0.03866 0.13651
462.00000 0.00919 0.00003 0.00215 0.00493 0.03898 0.14478
462.10000 0.00979 0.00003 0.00200 0.00594 0.03935 0.15467
462.20000 0.01037 0.00003 0.00189 0.00720 0.03972 0.16637
462.30000 0.01094 0.00003 0.00180 0.00878 0.04015 0.18023
462.40000 0.01149 0.00003 0.00173 0.01074 0.04057 0.19650
462.50000 0.01200 0.00003 0.00168 0.01312 0.04107 0.21553
462.60000 0.01245 0.00003 0.00165 0.01599 0.04157 0.23752
462.70000 0.01286 0.00003 0.00164 0.01938 0.04213 0.26274
462.80000 0.01320 0.00003 0.00165 0.02330 0.04269 0.29119
462.90000 0.01346 0.00003 0.00168 0.02776 0.04334 0.32288
463.00000 0.01366 0.00003 0.00173 0.03270 0.04399 0.35741
463.10000 0.01378 0.00003 0.00180 0.03805 0.04473 0.39433
463.20000 0.01384 0.00003 0.00190 0.04368 0.04547 0.43275
463.30000 0.01382 0.00003 0.00202 0.04942 0.04629 0.47172
463.40000 0.01374 0.00003 0.00217 0.05508 0.04711 0.50987
463.50000 0.01361 0.00003 0.00234 0.06041 0.04801 0.54586
463.60000 0.01343 0.00003 0.00254 0.06520 0.04891 0.57814
463.70000 0.01322 0.00003 0.00277 0.06921 0.04988 0.60533
463.80000 0.01298 0.00003 0.00302 0.07224 0.05084 0.62609
463.90000 0.01271 0.00003 0.00329 0.07413 0.05184 0.63943
464.00000 0.01244 0.00003 0.00357 0.07477 0.05284 0.64468
464.10000 0.01216 0.00003 0.00386 0.07414 0.05384 0.64160
464.20000 0.01188 0.00003 0.00414 0.07226 0.05485 0.63037
464.30000 0.01160 0.00003 0.00441 0.06925 0.05582 0.61160
464.40000 0.01133 0.00003 0.00466 0.06525 0.05679 0.58629
464.50000 0.01106 0.00003 0.00487 0.06048 0.05772 0.55565
464.60000 0.01079 0.00003 0.00502 0.05516 0.05864 0.52114
464.70000 0.01052 0.00003 0.00512 0.04953 0.05949 0.48415
464.80000 0.01026 0.00003 0.00516 0.04382 0.06034 0.44620
464.90000 0.00999 0.00003 0.00513 0.03823 0.06110 0.40847
465.00000 0.00971 0.00003 0.00503 0.03292 0.06187 0.37214
465.10000 0.00943 0.00003 0.00486 0.02802 0.06255 0.33795
465.20000 0.00914 0.00003 0.00464 0.02362 0.06323 0.30657
465.30000 0.00885 0.00003 0.00437 0.01976 0.06384 0.27827
465.40000 0.00854 0.00003 0.00406 0.01644 0.06445 0.25326
465.50000 0.00824 0.00003 0.00374 0.01364 0.06499 0.23143
465.60000 0.00793 0.00003 0.00340 0.01134 0.06553 0.21267
465.70000 0.00762 0.00003 0.00306 0.00946 0.06601 0.19667
465.80000 0.00731 0.00004 0.00273 0.00795 0.06649 0.18318
465.90000 0.00701 0.00004 0.00242 0.00676 0.06692 0.17182
466.00000 0.00672 0.00004 0.00214 0.00582 0.06736 0.16232
466.10000 0.00643 0.00004 0.00188 0.00507 0.06776 0.15432
466.20000 0.00616 0.00004 0.00165 0.00448 0.06816 0.14759
466.30000 0.00589 0.00004 0.00145 0.00401 0.06852 0.14186
466.40000 0.00565 0.00004 0.00128 0.00362 0.06888 0.13696
466.50000 0.00541 0.00004 0.00114 0.00330 0.06921 0.13269
466.60000 0.00520 0.00004 0.00102 0.00301 0.06954 0.12896
466.70000 0.00499 0.00004 0.00091 0.00276 0.06985 0.12565
466.80000 0.00481 0.00004 0.00083 0.00253 0.07016 0.12271
466.90000 0.00463 0.00004 0.00076 0.00232 0.07046 0.12005
467.00000 0.00448 0.00004 0.00070 0.00213 0.07075 0.11767
467.10000 0.00433 0.00004 0.00066 0.00195 0.07102 0.11552
467.20000 0.00420 0.00004 0.00062 0.00178 0.07129 0.11360
467.30000 0.00408 0.00004 0.00059 0.00163 0.07156 0.11188
467.40000 0.00397 0.00004 0.00057 0.00149 0.07182 0.11038
467.50000 0.00388 0.00004 0.00055 0.00136 0.07207 0.10907
467.60000 0.00379 0.00004 0.00054 0.00125 0.07233 0.10795
467.70000 0.00372 0.00004 0.00053 0.00116 0.07258 0.10702
467.80000 0.00365 0.00004 0.00053 0.00107 0.07283 0.10628
467.90000 0.00360 0.00004 0.00053 0.00100 0.07308 0.10571
468.00000 0.00355 0.00004 0.00053 0.00094 0.07333 0.10533
468.10000 0.00352 0.00004 0.00054 0.00090 0.07358 0.10511
468.20000 0.00349 0.00004 0.00055 0.00086 0.07384 0.10507
468.30000 0.00348 0.00004 0.00058 0.00084 0.07409 0.10520
468.40000 0.00347 0.00004 0.00060 0.00082 0.07435 0.10551
468.50000 0.00348 0.00005 0.00064 0.00082 0.07461 0.10601
468.60000 0.00349 0.00005 0.00069 0.00082 0.07487 0.10669
468.70000 0.00351 0.00005 0.00074 0.00084 0.07514 0.10758
468.80000 0.00354 0.00005 0.00082 0.00087 0.07541 0.10868
468.90000 0.00358 0.00005 0.00090 0.00090 0.07568 0.11000
469.00000 0.00362 0.00005 0.00101 0.00095 0.07596 0.11156
469.10000 0.00367 0.00005 0.00114 0.00101 0.07624 0.11337
469.20000 0.00372 0.00005 0.00129 0.00109 0.07652 0.11543
469.30000 0.00377 0.00005 0.00146 0.00117 0.07682 0.11777
469.40000 0.00382 0.00005 0.00166 0.00127 0.07712 0.12037
469.50000 0.00387 0.00005 0.00190 0.00139 0.07743 0.12324
469.60000 0.00391 0.00005 0.00216 0.00151 0.07774 0.12636
469.70000 0.00395 0.00005 0.00245 0.00164 0.07805 0.12973
469.80000 0.00398 0.00005 0.00278 0.00179 0.07836 0.13330
469.90000 0.00400 0.00005 0.00314 0.00193 0.07869 0.13706
470.00000 0.00402 0.00005 0.00353 0.00207 0.07901 0.14095
470.10000 0.00402 0.00005 0.00395 0.00221 0.07936 0.14495
470.20000 0.00402 0.00005 0.00440 0.00233 0.07970 0.14897
470.30000 0.00400 0.00006 0.00487 0.00243 0.08005 0.15296
470.40000 0.00397 0.00006 0.00537 0.00251 0.08040 0.15687
470.50000 0.00393 0.00006 0.00588 0.00256 0.08076 0.16063
470.60000 0.00388 0.00006 0.00640 0.00258 0.08113 0.16418
470.70000 0.00382 0.00006 0.00692 0.00256 0.08150 0.16748
470.80000 0.00376 0.00006 0.00743 0.00251 0.08187 0.17045
470.90000 0.00369 0.00006 0.00793 0.00243 0.08226 0.17307
471.00000 0.00361 0.00006 0.00839 0.00232 0.08264 0.17525
471.10000 0.00354 0.00006 0.00880 0.00218 0.08304 0.17698
471.20000 0.00346 0.00006 0.00916 0.00203 0.08344 0.17818
471.30000 0.00338 0.00006 0.00944 0.00187 0.08384 0.17881
471.40000 0.00330 0.00006 0.00962 0.00170 0.08424 0.17884
471.50000 0.00323 0.00006 0.00971 0.00153 0.08465 0.17823
471.60000 0.00316 0.00006 0.00969 0.00137 0.08506 0.17697
471.70000 0.00309 0.00007 0.00956 0.00121 0.08548 0.17508
471.80000 0.00303 0.00007 0.00932 0.00107 0.08590 0.17258
471.90000 0.00296 0.00007 0.00898 0.00094 0.08633 0.16951
472.00000 0.00291 0.00007 0.00854 0.00083 0.08675 0.16596
472.10000 0.00285 0.00007 0.00802 0.00073 0.08718 0.16203
472.20000 0.00280 0.00007 0.00745 0.00064 0.08760 0.15781
472.30000 0.00276 0.00007 0.00683 0.00057 0.08803 0.15344
472.40000 0.00271 0.00007 0.00620 0.00051 0.08846 0.14903
472.50000 0.00267 0.00007 0.00556 0.00046 0.08889 0.14470
472.60000 0.00262 0.00007 0.00494 0.00042 0.08932 0.14054
472.70000 0.00258 0.00007 0.00436 0.00038 0.08974 0.13663
472.80000 0.00254 0.00008 0.00381 0.00035 0.09015 0.13304
472.90000 0.00250 0.00008 0.00332 0.00033 0.09057 0.12982
473.00000 0.00245 0.00008 0.00289 0.00031 0.09099 0.12698
473.10000 0.00241 0.00008 0.00251 0.00030 0.09139 0.12452
473.20000 0.00236 0.00008 0.00219 0.00028 0.09179 0.12245
473.30000 0.00231 0.00008 0.00192 0.00028 0.09219 0.12073
473.40000 0.00226 0.00008 0.00170 0.00027 0.09258 0.11934
473.50000 0.00221 0.00008 0.00153 0.00026 0.09297 0.11824
473.60000 0.00215 0.00008 0.00140 0.00026 0.09335 0.11741
473.70000 0.00210 0.00009 0.00131 0.00026 0.09372 0.11680
473.80000 0.00204 0.00009 0.00124 0.00027 0.09410 0.11638
473.90000 0.00199 0.00009 0.00119 0.00027 0.09446 0.11611
474.00000 0.00193 0.00009 0.00116 0.00028 0.09483 0.11597
474.10000 0.00188 0.00009 0.00114 0.00029 0.09519 0.11591
474.20000 0.00182 0.00009 0.00113 0.00030 0.09554 0.11592
474.30000 0.00177 0.00009 0.00112 0.00032 0.09590 0.11599
474.40000 0.00171 0.00010 0.00111 0.00034 0.09625 0.11608
474.50000 0.00166 0.00010 0.00110 0.00037 0.09660 0.11619
474.60000 0.00161 0.00010 0.00108 0.00041 0.09695 0.11632
474.70000 0.00156 0.00010 0.00105 0.00045 0.09730 0.11645
474.80000 0.00152 0.00010 0.00101 0.00051 0.09765 0.11661
474.90000 0.00147 0.00010 0.00097 0.00057 0.09799 0.11680
475.00000 0.00143 0.00011 0.00091 0.00064 0.09834 0.11702
475.10000 0.00139 0.00011 0.00086 0.00073 0.09868 0.11731
475.20000 0.00135 0.00011 0.00079 0.00083 0.09903 0.11768
475.30000 0.00132 0.00011 0.00073 0.00095 0.09938 0.11816
475.40000 0.00129 0.00011 0.00067 0.00108 0.09972 0.11875
475.50000 0.00126 0.00011 0.00061 0.00123 0.10008 0.11947
475.60000 0.00123 0.00012 0.00055 0.00139 0.10043 0.12033
475.70000 0.00121 0.00012 0.00049 0.00157 0.10079 0.12135
475.80000 0.00118 0.00012 0.00044 0.00176 0.10115 0.12251
475.90000 0.00116 0.00012 0.00040 0.00197 0.10151 0.12383
476.00000 0.00114 0.00012 0.00036 0.00220 0.10187 0.12528
476.10000 0.00112 0.00013 0.00033 0.00244 0.10223 0.12686
476.20000 0.00111 0.00013 0.00030 0.00268 0.10260 0.12856
476.30000 0.00109 0.00013 0.00028 0.00294 0.10297 0.13035
476.40000 0.00107 0.00013 0.00026 0.00320 0.10333 0.13221
476.50000 0.00106 0.00014 0.00025 0.00346 0.10371 0.13411
476.60000 0.00104 0.00014 0.00024 0.00372 0.10409 0.13601
476.70000 0.00102 0.00014 0.00023 0.00396 0.10447 0.13786
476.80000 0.00101 0.00014 0.00023 0.00419 0.10485 0.13963
476.90000 0.00099 0.00015 0.00023 0.00440 0.10524 0.14126
477.00000 0.00097 0.00015 0.00023 0.00458 0.10562 0.14270
477.10000 0.00095 0.00015 0.00023 0.00472 0.10601 0.14390
477.20000 0.00093 0.00016 0.00023 0.00481 0.10640 0.14480
477.30000 0.00091 0.00016 0.00023 0.00486 0.10680 0.14538
477.40000 0.00089 0.00016 0.00024 0.00485 0.10719 0.14561
477.50000 0.00087 0.00017 0.00024 0.00478 0.10759 0.14547
477.60000 0.00085 0.00017 0.00024 0.00466 0.10799 0.14496
477.70000 0.00083 0.00017 0.00024 0.00449 0.10839 0.14411
477.80000 0.00080 0.00018 0.00024 0.00427 0.10879 0.14295
477.90000 0.00078 0.00018 0.00024 0.00401 0.10920 0.14153
478.00000 0.00076 0.00019 0.00024 0.00372 0.10961 0.13991
478.10000 0.00073 0.00019 0.00023 0.00342 0.11001 0.13815
478.20000 0.00071 0.00019 0.00023 0.00310 0.11041 0.13632
478.30000 0.00069 0.00020 0.00023 0.00278 0.11081 0.13450
478.40000 0.00066 0.00020 0.00022 0.00247 0.11121 0.13273
478.50000 0.00064 0.00021 0.00022 0.00218 0.11162 0.13107
478.60000 0.00062 0.00021 0.00021 0.00191 0.11202 0.12956
478.70000 0.00060 0.00022 0.00021 0.00166 0.11242 0.12822
478.80000 0.00058 0.00022 0.00021 0.00144 0.11282 0.12707
478.90000 0.00056 0.00023 0.00020 0.00125 0.11321 0.12610
479.00000 0.00054 0.00024 0.00020 0.00109 0.11360 0.12533
479.10000 0.00052 0.00024 0.00020 0.00096 0.11398 0.12474
479.20000 0.00050 0.00025 0.00020 0.00085 0.11436 0.12432
479.30000 0.00048 0.00025 0.00019 0.00077 0.11474 0.12405
479.40000 0.00047 0.00026 0.00019 0.00070 0.11512 0.12391
479.50000 0.00045 0.00027 0.00019 0.00065 0.11549 0.12388
479.60000 0.00044 0.00028 0.00018 0.00062 0.11587 0.12394
479.70000 0.00042 0.00028 0.00018 0.00059 0.11624 0.12407
479.80000 0.00041 0.00029 0.00017 0.00058 0.11661 0.12426
479.90000 0.00039 0.00030 0.00016 0.00057 0.11697 0.12449
480.00000 0.00038 0.00031 0.00015 0.00057 0.11734 0.12474
480.10000 0.00037 0.00032 0.00015 0.00056 0.11770 0.12500
480.20000 0.00036 0.00033 0.00014 0.00056 0.11805 0.12526
480.30000 0.00035 0.00034 0.00013 0.00055 0.11841 0.12551
480.40000 0.00034 0.00035 0.00012 0.00054 0.11877 0.12575
480.50000 0.00033 0.00036 0.00012 0.00052 0.11911 0.12596
480.60000 0.00032 0.00037 0.00011 0.00051 0.11946 0.12615
480.70000 0.00031 0.00039 0.00010 0.00048 0.11980 0.12633
480.80000 0.00030 0.00040 0.00010 0.00046 0.12015 0.12650
480.90000 0.00030 0.00041 0.00009 0.00043 0.12049 0.12666
481.00000 0.00029 0.00043 0.00009 0.00040 0.12083 0.12681
481.10000 0.00028 0.00045 0.00008 0.00037 0.12117 0.12697
481.20000 0.00027 0.00046 0.00008 0.00033 0.12151 0.12714
481.30000 0.00027 0.00048 0.00008 0.00030 0.12185 0.12733
481.40000 0.00026 0.00050 0.00008 0.00027 0.12219 0.12753
481.50000 0.00025 0.00052 0.00007 0.00025 0.12253 0.12777
481.60000 0.00025 0.00054 0.00007 0.00022 0.12288 0.12804
481.70000 0.00024 0.00056 0.00007 0.00020 0.12321 0.12833
481.80000 0.00024 0.00059 0.00007 0.00018 0.12355 0.12866
481.90000 0.00023 0.00061 0.00007 0.00016 0.12389 0.12902
482.00000 0.00023 0.00064 0.00007 0.00015 0.12423 0.12942
482.10000 0.00022 0.00067 0.00007 0.00014 0.12458 0.12985
482.20000 0.00022 0.00070 0.00007 0.00013 0.12492 0.13032
482.30000 0.00021 0.00074 0.00007 0.00012 0.12526 0.13082
482.40000 0.00021 0.00078 0.00007 0.00012 0.12561 0.13136
482.50000 0.00020 0.00082 0.00008 0.00012 0.12596 0.13194
482.60000 0.00020 0.00086 0.00008 0.00011 0.12630 0.13255
482.70000 0.00020 0.00091 0.00008 0.00011 0.12665 0.13320
482.80000 0.00019 0.00096 0.00009 0.00011 0.12700 0.13388
482.90000 0.00019 0.00102 0.00009 0.00011 0.12735 0.13461
483.00000 0.00019 0.00108 0.00010 0.00012 0.12770 0.13538
483.10000 0.00018 0.00115 0.00010 0.00012 0.12805 0.13620
483.20000 0.00018 0.00122 0.00011 0.00012 0.12840 0.13706
483.30000 0.00018 0.00131 0.00012 0.00012 0.12876 0.13798
483.40000 0.00017 0.00140 0.00012 0.00012 0.12912 0.13895
483.50000 0.00017 0.00150 0.00013 0.00012 0.12948 0.13997
483.60000 0.00017 0.00161 0.00013 0.00012 0.12984 0.14105
483.70000 0.00016 0.00173 0.00014 0.00012 0.13020 0.14220
483.80000 0.00016 0.00186 0.00014 0.00012 0.13057 0.14342
483.90000 0.00016 0.00201 0.00014 0.00012 0.13093 0.14472
484.00000 0.00016 0.00217 0.00014 0.00012 0.13130 0.14609
484.10000 0.00015 0.00234 0.00014 0.00011 0.13168 0.14757
484.20000 0.00015 0.00253 0.00014 0.00011 0.13206 0.14915
484.30000 0.00015 0.00274 0.00013 0.00011 0.13244 0.15082
484.40000 0.00015 0.00296 0.00013 0.00011 0.13282 0.15260
484.50000 0.00015 0.00320 0.00012 0.00011 0.13322 0.15449
484.60000 0.00014 0.00346 0.00011 0.00010 0.13362 0.15648
484.70000 0.00014 0.00373 0.00011 0.00010 0.13403 0.15856
484.80000 0.00014 0.00401 0.00010 0.00010 0.13443 0.16072
484.90000 0.00014 0.00430 0.00009 0.00010 0.13485 0.16296
485.00000 0.00013 0.00460 0.00009 0.00010 0.13526 0.16523
485.10000 0.00013 0.00489 0.00008 0.00010 0.13569 0.16752
485.20000 0.00013 0.00519 0.00007 0.00009 0.13611 0.16979
485.30000 0.00013 0.00547 0.00007 0.00009 0.13655 0.17203
485.40000 0.00013 0.00574 0.00006 0.00009 0.13699 0.17417
485.50000 0.00013 0.00600 0.00006 0.00009 0.13744 0.17621
485.60000 0.00012 0.00623 0.00006 0.00008 0.13789 0.17809
485.70000 0.00012 0.00643 0.00005 0.00008 0.13834 0.17980
485.80000 0.00012 0.00660 0.00005 0.00008 0.13879 0.18129
485.90000 0.00012 0.00673 0.00005 0.00007 0.13925 0.18258
486.00000 0.00012 0.00683 0.00005 0.00007 0.13971 0.18363
486.10000 0.00012 0.00689 0.00004 0.00007 0.14019 0.18445
486.20000 0.00011 0.00692 0.00004 0.00006 0.14066 0.18504
486.30000 0.00011 0.00691 0.00004 0.00006 0.14113 0.18542
486.40000 0.00011 0.00687 0.00004 0.00005 0.14161 0.18559
486.50000 0.00011 0.00681 0.00004 0.00005 0.14208 0.18559
486.60000 0.00011 0.00672 0.00004 0.00005 0.14256 0.18545
486.70000 0.00011 0.00661 0.00004 0.00005 0.14303 0.18519
486.80000 0.00011 0.00649 0.00004 0.00004 0.14351 0.18484
486.90000 0.00010 0.00636 0.00004 0.00004 0.14399 0.18443
487.00000 0.00010 0.00622 0.00004 0.00004 0.14447 0.18398
487.10000 0.00010 0.00608 0.00004 0.00004 0.14494 0.18352
487.20000 0.00010 0.00594 0.00004 0.00004 0.14541 0.18305
487.30000 0.00010 0.00580 0.00004 0.00004 0.14588 0.18259
487.40000 0.00010 0.00566 0.00004 0.00004 0.14634 0.18213
487.50000 0.00010 0.00553 0.00004 0.00004 0.14680 0.18169
487.60000 0.00010 0.00540 0.00003 0.00004 0.14727 0.18126
487.70000 0.00010 0.00526 0.00003 0.00004 0.14773 0.18083
487.80000 0.00009 0.00513 0.00003 0.00004 0.14819 0.18040
487.90000 0.00009 0.00499 0.00003 0.00004 0.14863 0.17994
488.00000 0.00009 0.00485 0.00003 0.00004 0.14908 0.17948
488.10000 0.00009 0.00471 0.00003 0.00004 0.14952 0.17899
488.20000 0.00009 0.00457 0.00003 0.00004 0.14997 0.17849
488.30000 0.00009 0.00442 0.00003 0.00004 0.15041 0.17796
488.40000 0.00009 0.00427 0.00003 0.00004 0.15085 0.17741
488.50000 0.00009 0.00412 0.00003 0.00004 0.15128 0.17684
488.60000 0.00009 0.00396 0.00003 0.00004 0.15171 0.17626
488.70000 0.00009 0.00381 0.00003 0.00005 0.15214 0.17568
488.80000 0.00008 0.00366 0.00003 0.00005 0.15256 0.17510
488.90000 0.00008 0.00351 0.00003 0.00005 0.15298 0.17454
489.00000 0.00008 0.00336 0.00003 0.00006 0.15340 0.17400
489.10000 0.00008 0.00321 0.00003 0.00006 0.15381 0.17349
489.20000 0.00008 0.00308 0.00003 0.00006 0.15423 0.17302
489.30000 0.00008 0.00295 0.00003 0.00006 0.15464 0.17258
489.40000 0.00008 0.00282 0.00003 0.00007 0.15504 0.17218
489.50000 0.00008 0.00271 0.00003 0.00007 0.15545 0.17183
489.60000 0.00008 0.00260 0.00003 0.00007 0.15586 0.17152
489.70000 0.00008 0.00250 0.00003 0.00007 0.15627 0.17126
489.80000 0.00008 0.00240 0.00003 0.00007 0.15668 0.17105
489.90000 0.00008 0.00232 0.00003 0.00007 0.15707 0.17087
490.00000 0.00007 0.00224 0.00003 0.00007 0.15747 0.17072
490.10000 0.00007 0.00217 0.00003 0.00007 0.15787 0.17062
490.20000 0.00007 0.00210 0.00003 0.00006 0.15826 0.17056
490.30000 0.00007 0.00204 0.00003 0.00006 0.15866 0.17053
490.40000 0.00007 0.00199 0.00003 0.00006 0.15906 0.17054
490.50000 0.00007 0.00194 0.00003 0.00005 0.15945 0.17058
490.60000 0.00007 0.00190 0.00003 0.00005 0.15984 0.17066
490.70000 0.00007 0.00186 0.00003 0.00005 0.16023 0.17076
490.80000 0.00007 0.00183 0.00003 0.00004 0.16062 0.17091
490.90000 0.00007 0.00180 0.00003 0.00004 0.16100 0.17108
491.00000 0.00007 0.00178 0.00003 0.00004 0.16139 0.17129
491.10000 0.00007 0.00176 0.00003 0.00003 0.16177 0.17153
491.20000 0.00007 0.00175 0.00003 0.00003 0.16215 0.17181
491.30000 0.00007 0.00174 0.00003 0.00003 0.16253 0.17211
491.40000 0.00007 0.00174 0.00003 0.00003 0.16291 0.17245
491.50000 0.00006 0.00174 0.00003 0.00003 0.16329 0.17282
491.60000 0.00006 0.00175 0.00002 0.00002 0.16367 0.17322
491.70000 0.00006 0.00176 0.00002 0.00002 0.16404 0.17365
491.80000 0.00006 0.00177 0.00002 0.00002 0.16442 0.17411
491.90000 0.00006 0.00179 0.00002 0.00002 0.16480 0.17459
492.00000 0.00006 0.00181 0.00002 0.00002 0.16517 0.17509
492.10000 0.00006 0.00183 0.00002 0.00002 0.16555 0.17560
492.20000 0.00006 0.00186 0.00002 0.00002 0.16592 0.17612
492.30000 0.00006 0.00188 0.00002 0.00002 0.16630 0.17665
492.40000 0.00006 0.00191 0.00002 0.00002 0.16668 0.17718
492.50000 0.00006 0.00193 0.00002 0.00002 0.16705 0.17770
492.60000 0.00006 0.00195 0.00002 0.00002 0.16743 0.17821
492.70000 0.00006 0.00197 0.00002 0.00002 0.16781 0.17871
492.80000 0.00006 0.00199 0.00002 0.00002 0.16819 0.17918
492.90000 0.00006 0.00200 0.00002 0.00002 0.16856 0.17962
493.00000 0.00006 0.00201 0.00002 0.00002 0.16894 0.18003
493.10000 0.00006 0.00201 0.00002 0.00002 0.16931 0.18040
493.20000 0.00006 0.00201 0.00002 0.00002 0.16968 0.18074
493.30000 0.00006 0.00200 0.00002 0.00002 0.17006 0.18105
493.40000 0.00006 0.00198 0.00002 0.00002 0.17044 0.18132
493.50000 0.00005 0.00196 0.00002 0.00002 0.17081 0.18155
493.60000 0.00005 0.00194 0.00002 0.00002 0.17118 0.18175
493.70000 0.00005 0.00191 0.00002 0.00002 0.17155 0.18193
493.80000 0.00005 0.00188 0.00002 0.00002 0.17193 0.18208
493.90000 0.00005 0.00184 0.00002 0.00002 0.17230 0.18221
494.00000 0.00005 0.00181 0.00002 0.00002 0.17267 0.18233
494.10000 0.00005 0.00177 0.00002 0.00002 0.17304 0.18244
494.20000 0.00005 0.00173 0.00002 0.00002 0.17342 0.18255
494.30000 0.00005 0.00169 0.00002 0.00002 0.17379 0.18266
494.40000 0.00005 0.00165 0.00002 0.00002 0.17416 0.18277
494.50000 0.00005 0.00162 0.00002 0.00002 0.17453 0.18288
494.60000 0.00005 0.00158 0.00002 0.00002 0.17490 0.18301
494.70000 0.00005 0.00154 0.00002 0.00002 0.17527 0.18315
494.80000 0.00005 0.00151 0.00002 0.00002 0.17565 0.18330
494.90000 0.00005 0.00148 0.00002 0.00002 0.17602 0.18346
495.00000 0.00005 0.00145 0.00002 0.00001 0.17638 0.18363
495.10000 0.00005 0.00143 0.00002 0.00001 0.17675 0.18381
495.20000 0.00005 0.00140 0.00002 0.00001 0.17712 0.18401
495.30000 0.00005 0.00138 0.00002 0.00001 0.17749 0.18421
495.40000 0.00005 0.00136 0.00002 0.00001 0.17785 0.18442
495.50000 0.00005 0.00133 0.00002 0.00001 0.17822 0.18463
495.60000 0.00005 0.00131 0.00002 0.00001 0.17859 0.18485
495.70000 0.00005 0.00129 0.00002 0.00001 0.17896 0.18507
495.80000 0.00005 0.00127 0.00002 0.00001 0.17933 0.18529
495.90000 0.00005 0.00125 0.00002 0.00001 0.17969 0.18550
496.00000 0.00004 0.00123 0.00002 0.00001 0.18005 0.18571
496.10000 0.00004 0.00120 0.00002 0.00001 0.18042 0.18592
496.20000 0.00004 0.00118 0.00002 0.00001 0.18078 0.18612
496.30000 0.00004 0.00115 0.00002 0.00001 0.18114 0.18631
496.40000 0.00004 0.00113 0.00002 0.00001 0.18150 0.18650
496.50000 0.00004 0.00110 0.00002 0.00001 0.18187 0.18668
496.60000 0.00004 0.00108 0.00002 0.00001 0.18223 0.18686
496.70000 0.00004 0.00105 0.00002 0.00001 0.18259 0.18704
496.80000 0.00004 0.00102 0.00002 0.00001 0.18295 0.18721
496.90000 0.00004 0.00099 0.00002 0.00001 0.18331 0.18738
497.00000 0.00004 0.00097 0.00002 0.00001 0.18367 0.18755
497.10000 0.00004 0.00094 0.00002 0.00001 0.18403 0.18771
497.20000 0.00004 0.00091 0.00002 0.00001 0.18439 0.18788
497.30000 0.00004 0.00088 0.00002 0.00001 0.18475 0.18805
497.40000 0.00004 0.00086 0.00002 0.00001 0.18510 0.18822
497.50000 0.00004 0.00083 0.00002 0.00001 0.18546 0.18840
497.60000 0.00004 0.00081 0.00002 0.00001 0.18581 0.18858
497.70000 0.00004 0.00078 0.00002 0.00001 0.18617 0.18877
497.80000 0.00004 0.00076 0.00002 0.00001 0.18652 0.18897
497.90000 0.00004 0.00074 0.00002 0.00001 0.18688 0.18917
498.00000 0.00004 0.00072 0.00002 0.00001 0.18723 0.18937
498.10000 0.00004 0.00070 0.00002 0.00001 0.18759 0.18959
498.20000 0.00004 0.00068 0.00002 0.00001 0.18794 0.18982
498.30000 0.00004 0.00066 0.00002 0.00001 0.18830 0.19006
498.40000 0.00004 0.00064 0.00002 0.00001 0.18866 0.19030
498.50000 0.00004 0.00063 0.00002 0.00001 0.18901 0.19055
498.60000 0.00004 0.00062 0.00002 0.00001 0.18936 0.19081
498.70000 0.00004 0.00060 0.00002 0.00001 0.18971 0.19107
498.80000 0.00004 0.00059 0.00002 0.00001 0.19007 0.19134
498.90000 0.00004 0.00058 0.00002 0.00001 0.19041 0.19161
499.00000 0.00004 0.00057 0.00002 0.00001 0.19076 0.19188
499.10000 0.00004 0.00056 0.00002 0.00001 0.19112 0.19217
499.20000 0.00004 0.00055 0.00002 0.00001 0.19147 0.19246
499.30000 0.00004 0.00054 0.00002 0.00001 0.19183 0.19275
499.40000 0.00004 0.00054 0.00002 0.00001 0.19218 0.19304
499.50000 0.00004 0.00053 0.00002 0.00001 0.19253 0.19333
499.60000 0.00004 0.00052 0.00002 0.00001 0.19288 0.19362
499.70000 0.00003 0.00051 0.00002 0.00001 0.19323 0.19391
499.80000 0.00003 0.00050 0.00002 0.00001 0.19358 0.19420
499.90000 0.00003 0.00049 0.00001 0.00001 0.19394 0.19449
500.00000 0.00003 0.00049 0.00001 0.00001 0.19430 0.19478
500.10000 0.00003 0.00048 0.00001 0.00001 0.19465 0.19506
500.20000 0.00003 0.00047 0.00001 0.00001 0.19501 0.19535
500.30000 0.00003 0.00046 0.00001 0.00001 0.19536 0.19563
500.40000 0.00003 0.00045 0.00001 0.00001 0.19572 0.19591
500.50000 0.00003 0.00044 0.00001 0.00001 0.19607 0.19619
500.60000 0.00003 0.00042 0.00001 0.00001 0.19643 0.19646
500.70000 0.00003 0.00041 0.00001 0.00001 0.19678 0.19673
500.80000 0.00003 0.00040 0.00001 0.00001 0.19714 0.19701
500.90000 0.00003 0.00039 0.00001 0.00001 0.19750 0.19728
501.00000 0.00003 0.00038 0.00001 0.00001 0.19785 0.19755
501.10000 0.00003 0.00037 0.00001 0.00001 0.19821 0.19782
501.20000 0.00003 0.00035 0.00001 0.00001 0.19856 0.19809
501.30000 0.00003 0.00034 0.00001 0.00001 0.19892 0.19836
501.40000 0.00003 0.00033 0.00001 0.00001 0.19927 0.19863
501.50000 0.00003 0.00032 0.00001 0.00001 0.19963 0.19891
501.60000 0.00003 0.00031 0.00001 0.00001 0.19999 0.19918
501.70000 0.00003 0.00030 0.00001 0.00001 0.20034 0.19946
501.80000 0.00003 0.00029 0.00001 0.00001 0.20070 0.19974
501.90000 0.00003 0.00028 0.00001 0.00001 0.20105 0.20002
502.00000 0.00003 0.00027 0.00001 0.00001 0.20141 0.20031
502.10000 0.00003 0.00026 0.00001 0.00001 0.20176 0.20059
502.20000 0.00003 0.00025 0.00001 0.00001 0.20212 0.20088
502.30000 0.00003 0.00024 0.00001 0.00001 0.20247 0.20117
502.40000 0.00003 0.00023 0.00001 0.00001 0.20283 0.20147
502.50000 0.00003 0.00023 0.00001 0.00001 0.20319 0.20177
502.60000 0.00003 0.00022 0.00001 0.00001 0.20354 0.20206
502.70000 0.00003 0.00021 0.00001 0.00001 0.20390 0.20237
502.80000 0.00003 0.00020 0.00001 0.00001 0.20425 0.20267
502.90000 0.00003 0.00020 0.00001 0.00001 0.20461 0.20298
503.00000 0.00003 0.00019 0.00001 0.00001 0.20496 0.20328
503.10000 0.00003 0.00019 0.00001 0.00001 0.20532 0.20359
503.20000 0.00003 0.00018 0.00001 0.00001 0.20568 0.20391
503.30000 0.00003 0.00017 0.00001 0.00001 0.20603 0.20422
503.40000 0.00003 0.00017 0.00001 0.00001 0.20639 0.20453
503.50000 0.00003 0.00016 0.00001 0.00001 0.20674 0.20485
503.60000 0.00003 0.00016 0.00001 0.00001 0.20710 0.20517
503.70000 0.00003 0.00016 0.00001 0.00001 0.20745 0.20549
503.80000 0.00003 0.00015 0.00001 0.00001 0.20781 0.20581
503.90000 0.00003 0.00015 0.00001 0.00001 0.20816 0.20613
504.00000 0.00003 0.00014 0.00001 0.00001 0.20852 0.20645
504.10000 0.00003 0.00014 0.00001 0.00001 0.20888 0.20678
504.20000 0.00003 0.00014 0.00001 0.00001 0.20923 0.20710
504.30000 0.00003 0.00013 0.00001 0.00001 0.20959 0.20743
504.40000 0.00003 0.00013 0.00001 0.00001 0.20994 0.20776
504.50000 0.00003 0.00013 0.00001 0.00001 0.21030 0.20809
504.60000 0.00003 0.00012 0.00001 0.00001 0.21065 0.20842
504.70000 0.00003 0.00012 0.00001 0.00001 0.21101 0.20875
504.80000 0.00003 0.00012 0.00001 0.00001 0.21137 0.20908
504.90000 0.00003 0.00012 0.00001 0.00001 0.21172 0.20941
505.00000 0.00003 0.00011 0.00001 0.00001 0.21208 0.20974
505.10000 0.00003 0.00011 0.00001 0.00001 0.21243 0.21007
505.20000 0.00003 0.00011 0.00001 0.00001 0.21279 0.21040
505.30000 0.00003 0.00011 0.00001 0.00001 0.21314 0.21074
505.40000 0.00002 0.00010 0.00001 0.00001 0.21350 0.21107
505.50000 0.00002 0.00010 0.00001 0.00001 0.21385 0.21141
505.60000 0.00002 0.00010 0.00001 0.00001 0.21421 0.21174
505.70000 0.00002 0.00010 0.00001 0.00001 0.21457 0.21208
505.80000 0.00002 0.00010 0.00001 0.00001 0.21492 0.21242
505.90000 0.00002 0.00009 0.00001 0.00001 0.21528 0.21275
506.00000 0.00002 0.00009 0.00001 0.00001 0.21563 0.21309
506.10000 0.00002 0.00009 0.00001 0.00001 0.21599 0.21343
506.20000 0.00002 0.00009 0.00001 0.00001 0.21634 0.21376
506.30000 0.00002 0.00009 0.00001 0.00001 0.21670 0.21410
506.40000 0.00002 0.00009 0.00001 0.00001 0.21705 0.21444
506.50000 0.00002 0.00009 0.00001 0.00001 0.21741 0.21478
506.60000 0.00002 0.00008 0.00001 0.00001 0.21777 0.21512
506.70000 0.00002 0.00008 0.00001 0.00001 0.21812 0.21546
506.80000 0.00002 0.00008 0.00001 0.00001 0.21848 0.21580
506.90000 0.00002 0.00008 0.00001 0.00001 0.21883 0.21614
507.00000 0.00002 0.00008 0.00001 0.00001 0.21919 0.21648
507.10000 0.00002 0.00008 0.00001 0.00001 0.21954 0.21682
507.20000 0.00002 0.00008 0.00001 0.00001 0.21990 0.21716
507.30000 0.00002 0.00007 0.00001 0.00001 0.22026 0.21750
507.40000 0.00002 0.00007 0.00001 0.00001 0.22061 0.21784
507.50000 0.00002 0.00007 0.00001 0.00001 0.22097 0.21818
507.60000 0.00002 0.00007 0.00001 0.00001 0.22132 0.21852
507.70000 0.00002 0.00007 0.00001 0.00001 0.22168 0.21886
507.80000 0.00002 0.00007 0.00001 0.00001 0.22203 0.21921
507.90000 0.00002 0.00007 0.00001 0.00001 0.22239 0.21955
508.00000 0.00002 0.00007 0.00001 0.00001 0.22274 0.21989
508.10000 0.00002 0.00007 0.00001 0.00001 0.22310 0.22023
508.20000 0.00002 0.00007 0.00001 0.00001 0.22346 0.22057
508.30000 0.00002 0.00006 0.00001 0.00001 0.22381 0.22092
508.40000 0.00002 0.00006 0.00001 0.00001 0.22417 0.22126
508.50000 0.00002 0.00006 0.00001 0.00001 0.22452 0.22160
508.60000 0.00002 0.00006 0.00001 0.00001 0.22488 0.22195
508.70000 0.00002 0.00006 0.00001 0.00001 0.22523 0.22229
508.80000 0.00002 0.00006 0.00001 0.00001 0.22559 0.22263
508.90000 0.00002 0.00006 0.00001 0.00001 0.22595 0.22297
509.00000 0.00002 0.00006 0.00001 0.00001 0.22630 0.22332
509.10000 0.00002 0.00006 0.00001 0.00001 0.22666 0.22366
509.20000 0.00002 0.00006 0.00001 0.00001 0.22701 0.22401
509.30000 0.00002 0.00006 0.00001 0.00001 0.22737 0.22435
509.40000 0.00002 0.00006 0.00001 0.00001 0.22772 0.22469
509.50000 0.00002 0.00006 0.00001 0.00001 0.22808 0.22504
509.60000 0.00002 0.00005 0.00001 0.00001 0.22843 0.22538
509.70000 0.00002 0.00005 0.00001 0.00001 0.22879 0.22573
509.80000 0.00002 0.00005 0.00001 0.00001 0.22915 0.22607
509.90000 0.00002 0.00005 0.00001 0.00001 0.22950 0.22642
510.00000 0.00002 0.00005 0.00001 0.00001 0.22986 0.22676
