0.00000
0.00014
0.00029
0.00044
0.00060
0.00076
0.00094
0.00112
0.00131
0.00151
0.00172
0.00194
0.00218
0.00242
0.00269
0.00296
0.00325
0.00357
0.00390
0.00425
0.00463
0.00504
0.00547
0.00595
0.00647
0.00704
0.00764
0.00832
0.00906
0.00989
0.01083
0.01189
0.01311
0.01453
0.01621
0.01822
0.02065
0.02366
0.02738
0.03205
0.03790
0.04525
0.05445
0.06586
0.07986
0.09684
0.11710
0.14086
0.16818
0.19894
0.23274
0.26898
0.30679
0.34503
0.38246
0.41766
0.44939
0.47647
0.49808
0.51371
0.52330
0.52715
0.52590
0.52054
0.51209
0.50162
0.48994
0.47789
0.46589
0.45420
0.44282
0.43172
0.42082
0.41008
0.39962
0.38963
0.38045
0.37248
0.36618
0.36197
0.36018
0.36102
0.36455
0.37073
0.37939
0.39025
0.40312
0.41776
0.43401
0.45177
0.47114
0.49222
0.51529
0.54061
0.56846
0.59904
0.63238
0.66834
0.70646
0.74610
0.78636
0.82618
0.86423
0.89932
0.93027
0.95611
0.97615
0.99004
0.99786
1.00000
0.99722
0.99053
0.98100
0.96974
0.95779
0.94597
0.93487
0.92471
0.91548
0.90684
0.89828
0.88920
0.87885
0.86657
0.85176
0.83402
0.81317
0.78922
0.76239
0.73314
0.70197
0.66955
0.63663
0.60380
0.57163
0.54073
0.51144
0.48410
0.45884
0.43577
0.41487
0.39606
0.37921
0.36421
0.35092
0.33916
0.32880
0.31975
0.31184
0.30501
0.29918
0.29427
0.29018
0.28689
0.28432
0.28241
0.28111
0.28035
0.28008
0.28019
0.28064
0.28138
0.28230
0.28333
0.28439
0.28539
0.28626
0.28697
0.28749
0.28777
0.28778
0.28754
0.28706
0.28640
0.28556
0.28464
0.28365
0.28265
0.28169
0.28078
0.27996
0.27927
0.27873
0.27832
0.27807
0.27796
0.27800
0.27815
0.27846
0.27887
0.27937
0.27996
0.28064
0.28140
0.28222
0.28311
0.28401
0.28496
0.28595
0.28696
0.28798
0.28901
0.29003
0.29104
0.29202
0.29298
0.29392
0.29483
0.29571
0.29656
0.29740
0.29822
0.29903
0.29984
0.30065
0.30147
0.30231
0.30316
0.30403
0.30491
0.30582
0.30675
0.30770
0.30866
0.30964
0.31063
0.31164
0.31265
0.31368
0.31471
0.31575
0.31679
0.31784
0.31889
0.31995
0.32100
0.32206
0.32312
0.32419
0.32525
0.32632
0.32738
0.32845
0.32952
0.33059
0.33166
0.33273
0.33380
0.33487
0.33595
0.33703
0.33811
0.33919
0.34027
0.34135
0.34243
0.34352
0.34460
0.34569
0.34677
0.34786
0.34895
0.35004
0.35113
0.35222
0.35331
0.35440
0.35549
0.35659
0.35768
0.35877
0.35987
0.36096
0.36206
0.36316
0.36425
0.36535
0.36645
0.36755
0.36865
0.36974
0.37084
0.37194
0.37304
0.37414
0.37524
0.37635
0.37745
0.37855
0.37965
0.38075
0.38186
0.38296
0.38406
0.38517
0.38627
0.38737
0.38848
0.38958
0.39069
0.39179
