-20.00000 0.05994
-19.95000 0.06042
-19.90000 0.06090
-19.85000 0.06138
-19.80000 0.06187
-19.75000 0.06236
-19.70000 0.06285
-19.65000 0.06334
-19.60000 0.06384
-19.55000 0.06433
-19.50000 0.06483
-19.45000 0.06532
-19.40000 0.06582
-19.35000 0.06631
-19.30000 0.06681
-19.25000 0.06731
-19.20000 0.06780
-19.15000 0.06829
-19.10000 0.06878
-19.05000 0.06927
-19.00000 0.06976
-18.95000 0.07025
-18.90000 0.07073
-18.85000 0.07121
-18.80000 0.07169
-18.75000 0.07216
-18.70000 0.07263
-18.65000 0.07310
-18.60000 0.07357
-18.55000 0.07403
-18.50000 0.07449
-18.45000 0.07494
-18.40000 0.07539
-18.35000 0.07584
-18.30000 0.07629
-18.25000 0.07673
-18.20000 0.07717
-18.15000 0.07761
-18.10000 0.07805
-18.05000 0.07848
-18.00000 0.07891
-17.95000 0.07935
-17.90000 0.07978
-17.85000 0.08020
-17.80000 0.08063
-17.75000 0.08106
-17.70000 0.08149
-17.65000 0.08192
-17.60000 0.08236
-17.55000 0.08279
-17.50000 0.08323
-17.45000 0.08367
-17.40000 0.08411
-17.35000 0.08456
-17.30000 0.08501
-17.25000 0.08547
-17.20000 0.08594
-17.15000 0.08641
-17.10000 0.08688
-17.05000 0.08737
-17.00000 0.08786
-16.95000 0.08836
-16.90000 0.08887
-16.85000 0.08939
-16.80000 0.08992
-16.75000 0.09046
-16.70000 0.09101
-16.65000 0.09158
-16.60000 0.09215
-16.55000 0.09274
-16.50000 0.09334
-16.45000 0.09395
-16.40000 0.09458
-16.35000 0.09522
-16.30000 0.09587
-16.25000 0.09654
-16.20000 0.09723
-16.15000 0.09792
-16.10000 0.09864
-16.05000 0.09937
-16.00000 0.10011
-15.95000 0.10088
-15.90000 0.10166
-15.85000 0.10245
-15.80000 0.10326
-15.75000 0.10409
-15.70000 0.10494
-15.65000 0.10580
-15.60000 0.10668
-15.55000 0.10758
-15.50000 0.10850
-15.45000 0.10944
-15.40000 0.11039
-15.35000 0.11136
-15.30000 0.11235
-15.25000 0.11336
-15.20000 0.11439
-15.15000 0.11544
-15.10000 0.11651
-15.05000 0.11760
-15.00000 0.11871
-14.95000 0.11983
-14.90000 0.12098
-14.85000 0.12215
-14.80000 0.12334
-14.75000 0.12456
-14.70000 0.12579
-14.65000 0.12704
-14.60000 0.12832
-14.55000 0.12962
-14.50000 0.13095
-14.45000 0.13230
-14.40000 0.13367
-14.35000 0.13506
-14.30000 0.13649
-14.25000 0.13793
-14.20000 0.13941
-14.15000 0.14091
-14.10000 0.14244
-14.05000 0.14400
-14.00000 0.14558
-13.95000 0.14720
-13.90000 0.14885
-13.85000 0.15053
-13.80000 0.15225
-13.75000 0.15399
-13.70000 0.15578
-13.65000 0.15759
-13.60000 0.15945
-13.55000 0.16135
-13.50000 0.16328
-13.45000 0.16526
-13.40000 0.16727
-13.35000 0.16934
-13.30000 0.17144
-13.25000 0.17360
-13.20000 0.17580
-13.15000 0.17806
-13.10000 0.18036
-13.05000 0.18272
-13.00000 0.18514
-12.95000 0.18762
-12.90000 0.19015
-12.85000 0.19275
-12.80000 0.19542
-12.75000 0.19815
-12.70000 0.20096
-12.65000 0.20384
-12.60000 0.20680
-12.55000 0.20984
-12.50000 0.21296
-12.45000 0.21618
-12.40000 0.21950
-12.35000 0.22291
-12.30000 0.22643
-12.25000 0.23006
-12.20000 0.23382
-12.15000 0.23770
-12.10000 0.24171
-12.05000 0.24586
-12.00000 0.25017
-11.95000 0.25464
-11.90000 0.25929
-11.85000 0.26412
-11.80000 0.26914
-11.75000 0.27438
-11.70000 0.27985
-11.65000 0.28556
-11.60000 0.29153
-11.55000 0.29778
-11.50000 0.30433
-11.45000 0.31120
-11.40000 0.31841
-11.35000 0.32600
-11.30000 0.33398
-11.25000 0.34238
-11.20000 0.35123
-11.15000 0.36057
-11.10000 0.37042
-11.05000 0.38082
-11.00000 0.39180
-10.95000 0.40341
-10.90000 0.41568
-10.85000 0.42864
-10.80000 0.44235
-10.75000 0.45685
-10.70000 0.47217
-10.65000 0.48837
-10.60000 0.50549
-10.55000 0.52358
-10.50000 0.54268
-10.45000 0.56284
-10.40000 0.58412
-10.35000 0.60656
-10.30000 0.63021
-10.25000 0.65512
-10.20000 0.68133
-10.15000 0.70890
-10.10000 0.73786
-10.05000 0.76828
-10.00000 0.80018
-9.95000 0.83361
-9.90000 0.86861
-9.85000 0.90523
-9.80000 0.94349
-9.75000 0.98344
-9.70000 1.02510
-9.65000 1.06850
-9.60000 1.11367
-9.55000 1.16064
-9.50000 1.20942
-9.45000 1.26002
-9.40000 1.31248
-9.35000 1.36679
-9.30000 1.42296
-9.25000 1.48101
-9.20000 1.54092
-9.15000 1.60270
-9.10000 1.66634
-9.05000 1.73183
-9.00000 1.79917
-8.95000 1.86834
-8.90000 1.93931
-8.85000 2.01208
-8.80000 2.08662
-8.75000 2.16289
-8.70000 2.24089
-8.65000 2.32057
-8.60000 2.40190
-8.55000 2.48485
-8.50000 2.56938
-8.45000 2.65546
-8.40000 2.74303
-8.35000 2.83205
-8.30000 2.92249
-8.25000 3.01429
-8.20000 3.10739
-8.15000 3.20174
-8.10000 3.29729
-8.05000 3.39396
-8.00000 3.49169
-7.95000 3.59042
-7.90000 3.69005
-7.85000 3.79051
-7.80000 3.89170
-7.75000 3.99353
-7.70000 4.09589
-7.65000 4.19867
-7.60000 4.30173
-7.55000 4.40496
-7.50000 4.50819
-7.45000 4.61128
-7.40000 4.71405
-7.35000 4.81633
-7.30000 4.91792
-7.25000 5.01862
-7.20000 5.11820
-7.15000 5.21643
-7.10000 5.31308
-7.05000 5.40788
-7.00000 5.50056
-6.95000 5.59085
-6.90000 5.67847
-6.85000 5.76310
-6.80000 5.84446
-6.75000 5.92223
-6.70000 5.99611
-6.65000 6.06579
-6.60000 6.13095
-6.55000 6.19129
-6.50000 6.24651
-6.45000 6.29633
-6.40000 6.34046
-6.35000 6.37865
-6.30000 6.41064
-6.25000 6.43622
-6.20000 6.45517
-6.15000 6.46733
-6.10000 6.47254
-6.05000 6.47067
-6.00000 6.46165
-5.95000 6.44541
-5.90000 6.42193
-5.85000 6.39123
-5.80000 6.35334
-5.75000 6.30836
-5.70000 6.25641
-5.65000 6.19764
-5.60000 6.13224
-5.55000 6.06044
-5.50000 5.98250
-5.45000 5.89870
-5.40000 5.80936
-5.35000 5.71481
-5.30000 5.61543
-5.25000 5.51161
-5.20000 5.40373
-5.15000 5.29222
-5.10000 5.17750
-5.05000 5.06002
-5.00000 4.94021
-4.95000 4.81851
-4.90000 4.69536
-4.85000 4.57118
-4.80000 4.44642
-4.75000 4.32148
-4.70000 4.19675
-4.65000 4.07263
-4.60000 3.94947
-4.55000 3.82763
-4.50000 3.70742
-4.45000 3.58914
-4.40000 3.47308
-4.35000 3.35948
-4.30000 3.24856
-4.25000 3.14052
-4.20000 3.03554
-4.15000 2.93377
-4.10000 2.83532
-4.05000 2.74029
-4.00000 2.64875
-3.95000 2.56077
-3.90000 2.47636
-3.85000 2.39553
-3.80000 2.31828
-3.75000 2.24458
-3.70000 2.17438
-3.65000 2.10763
-3.60000 2.04425
-3.55000 1.98416
-3.50000 1.92728
-3.45000 1.87349
-3.40000 1.82269
-3.35000 1.77477
-3.30000 1.72960
-3.25000 1.68707
-3.20000 1.64705
-3.15000 1.60942
-3.10000 1.57405
-3.05000 1.54081
-3.00000 1.50959
-2.95000 1.48026
-2.90000 1.45270
-2.85000 1.42680
-2.80000 1.40245
-2.75000 1.37954
-2.70000 1.35797
-2.65000 1.33763
-2.60000 1.31844
-2.55000 1.30029
-2.50000 1.28312
-2.45000 1.26684
-2.40000 1.25138
-2.35000 1.23666
-2.30000 1.22262
-2.25000 1.20919
-2.20000 1.19633
-2.15000 1.18398
-2.10000 1.17209
-2.05000 1.16062
-2.00000 1.14953
-1.95000 1.13878
-1.90000 1.12833
-1.85000 1.11817
-1.80000 1.10826
-1.75000 1.09857
-1.70000 1.08909
-1.65000 1.07980
-1.60000 1.07068
-1.55000 1.06172
-1.50000 1.05291
-1.45000 1.04424
-1.40000 1.03569
-1.35000 1.02727
-1.30000 1.01896
-1.25000 1.01078
-1.20000 1.00270
-1.15000 0.99475
-1.10000 0.98690
-1.05000 0.97917
-1.00000 0.97156
-0.95000 0.96407
-0.90000 0.95671
-0.85000 0.94947
-0.80000 0.94237
-0.75000 0.93541
-0.70000 0.92860
-0.65000 0.92194
-0.60000 0.91544
-0.55000 0.90911
-0.50000 0.90295
-0.45000 0.89697
-0.40000 0.89117
-0.35000 0.88557
-0.30000 0.88017
-0.25000 0.87497
-0.20000 0.86998
-0.15000 0.86521
-0.10000 0.86067
-0.05000 0.85635
0.00000 0.85227
0.05000 0.84842
0.10000 0.84482
0.15000 0.84146
0.20000 0.83835
0.25000 0.83550
0.30000 0.83290
0.35000 0.83056
0.40000 0.82847
0.45000 0.82664
0.50000 0.82508
0.55000 0.82377
0.60000 0.82272
0.65000 0.82193
0.70000 0.82140
0.75000 0.82112
0.80000 0.82109
0.85000 0.82130
0.90000 0.82177
0.95000 0.82246
1.00000 0.82340
1.05000 0.82456
1.10000 0.82594
1.15000 0.82754
1.20000 0.82934
1.25000 0.83135
1.30000 0.83354
1.35000 0.83592
1.40000 0.83847
1.45000 0.84118
1.50000 0.84404
1.55000 0.84704
1.60000 0.85017
1.65000 0.85342
1.70000 0.85677
1.75000 0.86021
1.80000 0.86373
1.85000 0.86731
1.90000 0.87094
1.95000 0.87460
2.00000 0.87828
2.05000 0.88197
2.10000 0.88565
2.15000 0.88930
2.20000 0.89291
2.25000 0.89646
2.30000 0.89994
2.35000 0.90333
2.40000 0.90662
2.45000 0.90979
2.50000 0.91282
2.55000 0.91570
2.60000 0.91841
2.65000 0.92095
2.70000 0.92329
2.75000 0.92542
2.80000 0.92734
2.85000 0.92902
2.90000 0.93045
2.95000 0.93163
3.00000 0.93254
3.05000 0.93317
3.10000 0.93351
3.15000 0.93356
3.20000 0.93330
3.25000 0.93274
3.30000 0.93186
3.35000 0.93065
3.40000 0.92912
3.45000 0.92726
3.50000 0.92507
3.55000 0.92255
3.60000 0.91970
3.65000 0.91651
3.70000 0.91299
3.75000 0.90914
3.80000 0.90497
3.85000 0.90048
3.90000 0.89567
3.95000 0.89055
4.00000 0.88512
4.05000 0.87940
4.10000 0.87339
4.15000 0.86711
4.20000 0.86055
4.25000 0.85373
4.30000 0.84667
4.35000 0.83936
4.40000 0.83183
4.45000 0.82409
4.50000 0.81614
4.55000 0.80800
4.60000 0.79969
4.65000 0.79121
4.70000 0.78258
4.75000 0.77381
4.80000 0.76492
4.85000 0.75591
4.90000 0.74681
4.95000 0.73761
5.00000 0.72835
5.05000 0.71902
5.10000 0.70965
5.15000 0.70023
5.20000 0.69080
5.25000 0.68134
5.30000 0.67189
5.35000 0.66244
5.40000 0.65301
5.45000 0.64361
5.50000 0.63424
5.55000 0.62492
5.60000 0.61565
5.65000 0.60644
5.70000 0.59730
5.75000 0.58824
5.80000 0.57926
5.85000 0.57036
5.90000 0.56156
5.95000 0.55286
6.00000 0.54426
6.05000 0.53577
6.10000 0.52739
6.15000 0.51912
6.20000 0.51097
6.25000 0.50294
6.30000 0.49503
6.35000 0.48724
6.40000 0.47958
6.45000 0.47204
6.50000 0.46464
6.55000 0.45735
6.60000 0.45020
6.65000 0.44318
6.70000 0.43628
6.75000 0.42951
6.80000 0.42286
6.85000 0.41634
6.90000 0.40995
6.95000 0.40368
7.00000 0.39753
7.05000 0.39151
7.10000 0.38560
7.15000 0.37981
7.20000 0.37414
7.25000 0.36859
7.30000 0.36314
7.35000 0.35781
7.40000 0.35259
7.45000 0.34748
7.50000 0.34247
7.55000 0.33756
7.60000 0.33276
7.65000 0.32805
7.70000 0.32345
7.75000 0.31894
7.80000 0.31452
7.85000 0.31019
7.90000 0.30596
7.95000 0.30181
8.00000 0.29775
8.05000 0.29377
8.10000 0.28987
8.15000 0.28605
8.20000 0.28231
8.25000 0.27864
8.30000 0.27505
8.35000 0.27153
8.40000 0.26809
8.45000 0.26471
8.50000 0.26140
8.55000 0.25815
8.60000 0.25497
8.65000 0.25185
8.70000 0.24878
8.75000 0.24578
8.80000 0.24284
8.85000 0.23995
8.90000 0.23712
8.95000 0.23433
9.00000 0.23160
9.05000 0.22892
9.10000 0.22629
9.15000 0.22371
9.20000 0.22117
9.25000 0.21868
9.30000 0.21623
9.35000 0.21383
9.40000 0.21146
9.45000 0.20914
9.50000 0.20685
9.55000 0.20461
9.60000 0.20240
9.65000 0.20023
9.70000 0.19809
9.75000 0.19599
9.80000 0.19392
9.85000 0.19188
9.90000 0.18988
9.95000 0.18790
10.00000 0.18596
10.05000 0.18405
10.10000 0.18216
10.15000 0.18031
10.20000 0.17848
10.25000 0.17668
10.30000 0.17490
10.35000 0.17315
10.40000 0.17143
10.45000 0.16973
10.50000 0.16806
10.55000 0.16641
10.60000 0.16478
10.65000 0.16317
10.70000 0.16159
10.75000 0.16003
10.80000 0.15849
10.85000 0.15697
10.90000 0.15547
10.95000 0.15399
11.00000 0.15253
11.05000 0.15109
11.10000 0.14967
11.15000 0.14827
11.20000 0.14689
11.25000 0.14552
11.30000 0.14418
11.35000 0.14285
11.40000 0.14153
11.45000 0.14024
11.50000 0.13896
11.55000 0.13769
11.60000 0.13644
11.65000 0.13521
11.70000 0.13400
11.75000 0.13279
11.80000 0.13161
11.85000 0.13044
11.90000 0.12928
11.95000 0.12814
12.00000 0.12701
12.05000 0.12589
12.10000 0.12479
12.15000 0.12370
12.20000 0.12263
12.25000 0.12156
12.30000 0.12051
12.35000 0.11948
12.40000 0.11845
12.45000 0.11744
12.50000 0.11644
12.55000 0.11546
12.60000 0.11448
12.65000 0.11352
12.70000 0.11257
12.75000 0.11163
12.80000 0.11070
12.85000 0.10979
12.90000 0.10888
12.95000 0.10799
13.00000 0.10711
13.05000 0.10624
13.10000 0.10538
13.15000 0.10453
13.20000 0.10369
13.25000 0.10286
13.30000 0.10205
13.35000 0.10124
13.40000 0.10045
13.45000 0.09966
13.50000 0.09889
13.55000 0.09813
13.60000 0.09738
13.65000 0.09663
13.70000 0.09590
13.75000 0.09518
13.80000 0.09447
13.85000 0.09377
13.90000 0.09307
13.95000 0.09239
14.00000 0.09172
14.05000 0.09106
14.10000 0.09041
14.15000 0.08976
14.20000 0.08913
14.25000 0.08851
14.30000 0.08789
14.35000 0.08729
14.40000 0.08669
14.45000 0.08611
14.50000 0.08553
14.55000 0.08496
14.60000 0.08440
14.65000 0.08385
14.70000 0.08330
14.75000 0.08277
14.80000 0.08224
14.85000 0.08173
14.90000 0.08122
14.95000 0.08072
15.00000 0.08022
15.05000 0.07974
15.10000 0.07926
15.15000 0.07879
15.20000 0.07833
15.25000 0.07787
15.30000 0.07742
15.35000 0.07698
15.40000 0.07655
15.45000 0.07612
15.50000 0.07570
15.55000 0.07529
15.60000 0.07488
15.65000 0.07448
15.70000 0.07409
15.75000 0.07370
15.80000 0.07332
15.85000 0.07295
15.90000 0.07258
15.95000 0.07222
16.00000 0.07186
16.05000 0.07151
16.10000 0.07116
16.15000 0.07082
16.20000 0.07048
16.25000 0.07015
16.30000 0.06983
16.35000 0.06951
16.40000 0.06919
16.45000 0.06888
16.50000 0.06857
16.55000 0.06827
16.60000 0.06797
16.65000 0.06767
16.70000 0.06738
16.75000 0.06709
16.80000 0.06680
16.85000 0.06652
16.90000 0.06624
16.95000 0.06597
17.00000 0.06569
17.05000 0.06542
17.10000 0.06515
17.15000 0.06489
17.20000 0.06462
17.25000 0.06436
17.30000 0.06410
17.35000 0.06384
17.40000 0.06358
17.45000 0.06333
17.50000 0.06307
17.55000 0.06281
17.60000 0.06256
17.65000 0.06231
17.70000 0.06205
17.75000 0.06180
17.80000 0.06155
17.85000 0.06129
17.90000 0.06104
17.95000 0.06078
18.00000 0.06053
18.05000 0.06027
18.10000 0.06001
18.15000 0.05975
18.20000 0.05949
18.25000 0.05923
18.30000 0.05897
18.35000 0.05871
18.40000 0.05844
18.45000 0.05818
18.50000 0.05791
18.55000 0.05764
18.60000 0.05736
18.65000 0.05709
18.70000 0.05681
18.75000 0.05654
18.80000 0.05626
18.85000 0.05597
18.90000 0.05569
18.95000 0.05540
19.00000 0.05512
19.05000 0.05483
19.10000 0.05454
19.15000 0.05424
19.20000 0.05395
19.25000 0.05365
19.30000 0.05335
19.35000 0.05305
19.40000 0.05275
19.45000 0.05245
19.50000 0.05215
19.55000 0.05184
19.60000 0.05154
19.65000 0.05123
19.70000 0.05093
19.75000 0.05062
19.80000 0.05031
19.85000 0.05000
19.90000 0.04969
19.95000 0.04938
20.00000 0.04907
