0.00000
0.00014
0.00028
0.00043
0.00059
0.00076
0.00093
0.00111
0.00130
0.00150
0.00171
0.00193
0.00216
0.00240
0.00266
0.00293
0.00322
0.00353
0.00386
0.00421
0.00459
0.00500
0.00543
0.00590
0.00642
0.00698
0.00758
0.00826
0.00900
0.00983
0.01077
0.01184
0.01307
0.01451
0.01622
0.01826
0.02076
0.02385
0.02770
0.03254
0.03862
0.04627
0.05585
0.06772
0.08225
0.09980
0.12063
0.14488
0.17249
0.20324
0.23658
0.27178
0.30788
0.34367
0.37797
0.40949
0.43722
0.46029
0.47826
0.49101
0.49878
0.50209
0.50165
0.49831
0.49281
0.48578
0.47758
0.46854
0.45870
0.44807
0.43659
0.42434
0.41152
0.39846
0.38572
0.37391
0.36372
0.35583
0.35078
0.34902
0.35074
0.35590
0.36425
0.37536
0.38862
0.40336
0.41903
0.43511
0.45131
0.46754
0.48404
0.50121
0.51975
0.54038
0.56382
0.59067
0.62128
0.65563
0.69332
0.73358
0.77530
0.81714
0.85748
0.89483
0.92778
0.95519
0.97625
0.99060
0.99836
1.00000
0.99642
0.98877
0.97825
0.96609
0.95341
0.94109
0.92975
0.91960
0.91063
0.90244
0.89449
0.88615
0.87661
0.86517
0.85123
0.83434
0.81430
0.79109
0.76492
0.73621
0.70545
0.67330
0.64047
0.60757
0.57516
0.54386
0.51404
0.48606
0.46009
0.43626
0.41461
0.39508
0.37760
0.36206
0.34838
0.33640
0.32600
0.31710
0.30954
0.30323
0.29809
0.29400
0.29085
0.28856
0.28702
0.28614
0.28582
0.28595
0.28644
0.28717
0.28805
0.28901
0.28992
0.29073
0.29134
0.29171
0.29179
0.29158
0.29111
0.29039
0.28943
0.28828
0.28701
0.28567
0.28431
0.28300
0.28177
0.28065
0.27966
0.27882
0.27815
0.27764
0.27732
0.27714
0.27712
0.27725
0.27751
0.27787
0.27836
0.27895
0.27960
0.28032
0.28111
0.28197
0.28287
0.28382
0.28477
0.28574
0.28675
0.28774
0.28874
0.28971
0.29066
0.29158
0.29247
0.29333
0.29416
0.29497
0.29576
0.29654
0.29731
0.29808
0.29886
0.29966
0.30047
0.30130
0.30216
0.30303
0.30393
0.30485
0.30579
0.30675
0.30772
0.30871
0.30971
0.31072
0.31174
0.31277
0.31381
0.31485
0.31589
0.31694
0.31799
0.31904
0.32010
0.32116
0.32222
0.32328
0.32435
0.32541
0.32648
0.32754
0.32861
0.32968
0.33075
0.33183
0.33290
0.33398
0.33505
0.33613
0.33721
0.33829
0.33937
0.34046
0.34154
0.34262
0.34371
0.34480
0.34588
0.34697
0.34806
0.34915
0.35024
0.35133
0.35242
0.35351
0.35460
0.35570
0.35679
0.35788
0.35898
0.36007
0.36117
0.36227
0.36336
0.36446
0.36556
0.36666
0.36776
0.36886
0.36996
0.37106
0.37216
0.37326
0.37436
0.37546
0.37656
0.37766
0.37877
0.37987
0.38097
0.38207
0.38318
0.38428
0.38538
0.38649
0.38759
0.38870
0.38980
0.39091
0.39201
