-5.00000 0.00068 0.00073
-4.90000 0.00070 0.00075
-4.80000 0.00072 0.00077
-4.70000 0.00074 0.00080
-4.60000 0.00076 0.00082
-4.50000 0.00078 0.00085
-4.40000 0.00081 0.00087
-4.30000 0.00083 0.00090
-4.20000 0.00086 0.00092
-4.10000 0.00088 0.00095
-4.00000 0.00091 0.00098
-3.90000 0.00093 0.00101
-3.80000 0.00096 0.00104
-3.70000 0.00099 0.00107
-3.60000 0.00102 0.00110
-3.50000 0.00105 0.00113
-3.40000 0.00108 0.00117
-3.30000 0.00111 0.00120
-3.20000 0.00114 0.00124
-3.10000 0.00118 0.00127
-3.00000 0.00121 0.00131
-2.90000 0.00125 0.00135
-2.80000 0.00129 0.00139
-2.70000 0.00133 0.00144
-2.60000 0.00137 0.00148
-2.50000 0.00141 0.00153
-2.40000 0.00146 0.00157
-2.30000 0.00150 0.00162
-2.20000 0.00155 0.00167
-2.10000 0.00160 0.00173
-2.00000 0.00165 0.00178
-1.90000 0.00170 0.00184
-1.80000 0.00176 0.00190
-1.70000 0.00181 0.00196
-1.60000 0.00187 0.00202
-1.50000 0.00193 0.00209
-1.40000 0.00200 0.00216
-1.30000 0.00207 0.00223
-1.20000 0.00214 0.00231
-1.10000 0.00221 0.00239
-1.00000 0.00229 0.00247
-0.90000 0.00237 0.00256
-0.80000 0.00245 0.00265
-0.70000 0.00254 0.00274
-0.60000 0.00263 0.00284
-0.50000 0.00273 0.00294
-0.40000 0.00283 0.00305
-0.30000 0.00294 0.00317
-0.20000 0.00305 0.00329
-0.10000 0.00317 0.00341
0.00000 0.00329 0.00355
0.10000 0.00342 0.00369
0.20000 0.00356 0.00384
0.30000 0.00371 0.00400
0.40000 0.00387 0.00416
0.50000 0.00403 0.00434
0.60000 0.00421 0.00453
0.70000 0.00440 0.00473
0.80000 0.00460 0.00494
0.90000 0.00481 0.00517
1.00000 0.00504 0.00541
1.10000 0.00529 0.00568
1.20000 0.00556 0.00596
1.30000 0.00584 0.00626
1.40000 0.00615 0.00659
1.50000 0.00649 0.00695
1.60000 0.00686 0.00734
1.70000 0.00727 0.00776
1.80000 0.00771 0.00823
1.90000 0.00821 0.00875
2.00000 0.00876 0.00933
2.10000 0.00937 0.00997
2.20000 0.01006 0.01069
2.30000 0.01085 0.01151
2.40000 0.01174 0.01244
2.50000 0.01276 0.01351
2.60000 0.01394 0.01473
2.70000 0.01531 0.01615
2.80000 0.01689 0.01779
2.90000 0.01874 0.01970
3.00000 0.02090 0.02192
3.10000 0.02342 0.02452
3.20000 0.02637 0.02756
3.30000 0.02982 0.03111
3.40000 0.03383 0.03524
3.50000 0.03849 0.04004
3.60000 0.04389 0.04558
3.70000 0.05010 0.05197
3.80000 0.05721 0.05929
3.90000 0.06529 0.06761
4.00000 0.07443 0.07702
4.10000 0.08466 0.08756
4.20000 0.09602 0.09928
4.30000 0.10854 0.11221
4.40000 0.12219 0.12631
4.50000 0.13692 0.14156
4.60000 0.15265 0.15787
4.70000 0.16926 0.17511
4.80000 0.18658 0.19314
4.90000 0.20442 0.21175
5.00000 0.22255 0.23071
5.10000 0.24070 0.24976
5.20000 0.25860 0.26860
5.30000 0.27593 0.28695
5.40000 0.29240 0.30448
5.50000 0.30771 0.32091
5.60000 0.32159 0.33594
5.70000 0.33377 0.34933
5.80000 0.34405 0.36085
5.90000 0.35225 0.37033
6.00000 0.35824 0.37764
6.10000 0.36197 0.38272
6.20000 0.36342 0.38555
6.30000 0.36263 0.38617
6.40000 0.35968 0.38466
6.50000 0.35472 0.38116
6.60000 0.34791 0.37582
6.70000 0.33944 0.36884
6.80000 0.32954 0.36041
6.90000 0.31843 0.35075
7.00000 0.30634 0.34005
7.10000 0.29349 0.32853
7.20000 0.28010 0.31636
7.30000 0.26636 0.30371
7.40000 0.25245 0.29073
7.50000 0.23852 0.27754
7.60000 0.22472 0.26425
7.70000 0.21114 0.25095
7.80000 0.19789 0.23771
7.90000 0.18504 0.22460
8.00000 0.17264 0.21165
8.10000 0.16073 0.19892
8.20000 0.14935 0.18645
8.30000 0.13851 0.17426
8.40000 0.12821 0.16240
8.50000 0.11847 0.15090
8.60000 0.10927 0.13979
8.70000 0.10061 0.12910
8.80000 0.09248 0.11886
8.90000 0.08485 0.10909
9.00000 0.07772 0.09983
9.10000 0.07107 0.09108
9.20000 0.06489 0.08286
9.30000 0.05914 0.07518
9.40000 0.05382 0.06804
9.50000 0.04890 0.06144
9.60000 0.04438 0.05537
9.70000 0.04022 0.04982
9.80000 0.03642 0.04477
9.90000 0.03294 0.04020
10.00000 0.02979 0.03608
10.10000 0.02693 0.03238
10.20000 0.02434 0.02908
10.30000 0.02202 0.02614
10.40000 0.01993 0.02353
10.50000 0.01806 0.02122
10.60000 0.01639 0.01918
10.70000 0.01491 0.01739
10.80000 0.01359 0.01581
10.90000 0.01243 0.01443
11.00000 0.01139 0.01321
11.10000 0.01047 0.01213
11.20000 0.00966 0.01119
11.30000 0.00894 0.01035
11.40000 0.00830 0.00961
11.50000 0.00773 0.00896
11.60000 0.00722 0.00837
11.70000 0.00677 0.00785
11.80000 0.00636 0.00737
11.90000 0.00599 0.00695
12.00000 0.00566 0.00656
12.10000 0.00536 0.00621
12.20000 0.00508 0.00589
12.30000 0.00483 0.00560
12.40000 0.00459 0.00533
12.50000 0.00438 0.00508
12.60000 0.00418 0.00484
12.70000 0.00399 0.00463
12.80000 0.00382 0.00443
12.90000 0.00366 0.00424
13.00000 0.00351 0.00406
13.10000 0.00336 0.00389
13.20000 0.00323 0.00374
13.30000 0.00310 0.00359
13.40000 0.00299 0.00345
13.50000 0.00287 0.00332
13.60000 0.00277 0.00320
13.70000 0.00266 0.00308
13.80000 0.00257 0.00297
13.90000 0.00248 0.00286
14.00000 0.00239 0.00276
14.10000 0.00231 0.00266
14.20000 0.00223 0.00257
14.30000 0.00215 0.00248
14.40000 0.00208 0.00240
14.50000 0.00201 0.00232
14.60000 0.00195 0.00224
14.70000 0.00188 0.00217
14.80000 0.00182 0.00210
14.90000 0.00176 0.00203
15.00000 0.00171 0.00196
15.10000 0.00165 0.00190
15.20000 0.00160 0.00184
15.30000 0.00155 0.00178
15.40000 0.00150 0.00173
15.50000 0.00146 0.00167
15.60000 0.00141 0.00162
15.70000 0.00137 0.00157
15.80000 0.00133 0.00153
15.90000 0.00129 0.00148
16.00000 0.00125 0.00144
16.10000 0.00121 0.00139
16.20000 0.00118 0.00135
16.30000 0.00114 0.00131
16.40000 0.00111 0.00127
16.50000 0.00108 0.00124
16.60000 0.00105 0.00120
16.70000 0.00102 0.00116
16.80000 0.00099 0.00113
16.90000 0.00096 0.00110
17.00000 0.00093 0.00107
17.10000 0.00090 0.00103
17.20000 0.00088 0.00100
17.30000 0.00085 0.00098
17.40000 0.00083 0.00095
17.50000 0.00081 0.00092
17.60000 0.00078 0.00089
17.70000 0.00076 0.00087
17.80000 0.00074 0.00084
17.90000 0.00072 0.00082
18.00000 0.00070 0.00080
18.10000 0.00068 0.00077
18.20000 0.00066 0.00075
18.30000 0.00064 0.00073
18.40000 0.00062 0.00071
18.50000 0.00060 0.00069
18.60000 0.00058 0.00067
18.70000 0.00057 0.00065
18.80000 0.00055 0.00063
18.90000 0.00053 0.00061
19.00000 0.00052 0.00059
19.10000 0.00050 0.00057
19.20000 0.00049 0.00056
19.30000 0.00047 0.00054
19.40000 0.00046 0.00052
19.50000 0.00044 0.00051
19.60000 0.00043 0.00049
19.70000 0.00042 0.00048
19.80000 0.00041 0.00046
19.90000 0.00039 0.00045
20.00000 0.00038 0.00043
20.10000 0.00037 0.00042
20.20000 0.00036 0.00041
20.30000 0.00034 0.00039
20.40000 0.00033 0.00038
20.50000 0.00032 0.00037
20.60000 0.00031 0.00035
20.70000 0.00030 0.00034
20.80000 0.00029 0.00033
20.90000 0.00028 0.00032
21.00000 0.00027 0.00031
21.10000 0.00026 0.00030
21.20000 0.00025 0.00029
21.30000 0.00024 0.00028
21.40000 0.00023 0.00027
21.50000 0.00022 0.00026
21.60000 0.00022 0.00025
21.70000 0.00021 0.00024
21.80000 0.00020 0.00023
21.90000 0.00019 0.00022
22.00000 0.00018 0.00021
22.10000 0.00017 0.00020
22.20000 0.00017 0.00019
22.30000 0.00016 0.00018
22.40000 0.00015 0.00017
22.50000 0.00014 0.00016
22.60000 0.00014 0.00016
22.70000 0.00013 0.00015
22.80000 0.00012 0.00014
22.90000 0.00012 0.00013
23.00000 0.00011 0.00013
23.10000 0.00010 0.00012
23.20000 0.00010 0.00011
23.30000 0.00009 0.00010
23.40000 0.00008 0.00010
23.50000 0.00008 0.00009
23.60000 0.00007 0.00008
23.70000 0.00007 0.00008
23.80000 0.00006 0.00007
23.90000 0.00006 0.00006
24.00000 0.00005 0.00006
24.10000 0.00004 0.00005
24.20000 0.00004 0.00004
24.30000 0.00003 0.00004
24.40000 0.00003 0.00003
24.50000 0.00002 0.00003
24.60000 0.00002 0.00002
24.70000 0.00001 0.00002
24.80000 0.00001 0.00001
24.90000 0.00000 0.00001
25.00000 0.00000 0.00000
