-5.00000 0.00018
-4.90000 0.00019
-4.80000 0.00020
-4.70000 0.00020
-4.60000 0.00021
-4.50000 0.00022
-4.40000 0.00023
-4.30000 0.00024
-4.20000 0.00025
-4.10000 0.00026
-4.00000 0.00027
-3.90000 0.00028
-3.80000 0.00029
-3.70000 0.00030
-3.60000 0.00032
-3.50000 0.00033
-3.40000 0.00035
-3.30000 0.00036
-3.20000 0.00038
-3.10000 0.00040
-3.00000 0.00042
-2.90000 0.00044
-2.80000 0.00047
-2.70000 0.00049
-2.60000 0.00052
-2.50000 0.00056
-2.40000 0.00059
-2.30000 0.00063
-2.20000 0.00067
-2.10000 0.00072
-2.00000 0.00077
-1.90000 0.00083
-1.80000 0.00090
-1.70000 0.00098
-1.60000 0.00107
-1.50000 0.00118
-1.40000 0.00131
-1.30000 0.00147
-1.20000 0.00166
-1.10000 0.00190
-1.00000 0.00220
-0.90000 0.00258
-0.80000 0.00305
-0.70000 0.00365
-0.60000 0.00439
-0.50000 0.00531
-0.40000 0.00644
-0.30000 0.00780
-0.20000 0.00942
-0.10000 0.01131
0.00000 0.01347
0.10000 0.01589
0.20000 0.01854
0.30000 0.02136
0.40000 0.02428
0.50000 0.02721
0.60000 0.03007
0.70000 0.03275
0.80000 0.03516
0.90000 0.03724
1.00000 0.03892
1.10000 0.04018
1.20000 0.04102
1.30000 0.04143
1.40000 0.04147
1.50000 0.04116
1.60000 0.04055
1.70000 0.03967
1.80000 0.03854
1.90000 0.03719
2.00000 0.03563
2.10000 0.03387
2.20000 0.03194
2.30000 0.02986
2.40000 0.02767
2.50000 0.02541
2.60000 0.02314
2.70000 0.02091
2.80000 0.01877
2.90000 0.01677
3.00000 0.01495
3.10000 0.01332
3.20000 0.01190
3.30000 0.01067
3.40000 0.00962
3.50000 0.00874
3.60000 0.00798
3.70000 0.00734
3.80000 0.00678
3.90000 0.00627
4.00000 0.00581
4.10000 0.00537
4.20000 0.00494
4.30000 0.00453
4.40000 0.00414
4.50000 0.00375
4.60000 0.00338
4.70000 0.00303
4.80000 0.00270
4.90000 0.00239
5.00000 0.00212
5.10000 0.00187
5.20000 0.00165
5.30000 0.00146
5.40000 0.00129
5.50000 0.00115
5.60000 0.00103
5.70000 0.00093
5.80000 0.00084
5.90000 0.00077
6.00000 0.00070
6.10000 0.00065
6.20000 0.00060
6.30000 0.00056
6.40000 0.00053
6.50000 0.00050
6.60000 0.00048
6.70000 0.00046
6.80000 0.00045
6.90000 0.00043
7.00000 0.00042
7.10000 0.00042
7.20000 0.00041
7.30000 0.00041
7.40000 0.00041
7.50000 0.00041
7.60000 0.00042
7.70000 0.00042
7.80000 0.00042
7.90000 0.00042
8.00000 0.00043
8.10000 0.00043
8.20000 0.00043
8.30000 0.00043
8.40000 0.00043
8.50000 0.00043
8.60000 0.00042
8.70000 0.00042
8.80000 0.00041
8.90000 0.00040
9.00000 0.00039
9.10000 0.00038
9.20000 0.00037
9.30000 0.00036
9.40000 0.00035
9.50000 0.00034
9.60000 0.00032
9.70000 0.00031
9.80000 0.00030
9.90000 0.00029
10.00000 0.00028
10.10000 0.00027
10.20000 0.00026
10.30000 0.00024
10.40000 0.00023
10.50000 0.00022
10.60000 0.00021
10.70000 0.00019
10.80000 0.00018
10.90000 0.00017
11.00000 0.00016
11.10000 0.00015
11.20000 0.00014
11.30000 0.00013
11.40000 0.00012
11.50000 0.00012
11.60000 0.00011
11.70000 0.00010
11.80000 0.00010
11.90000 0.00009
12.00000 0.00009
12.10000 0.00009
12.20000 0.00008
12.30000 0.00008
12.40000 0.00008
12.50000 0.00007
12.60000 0.00007
12.70000 0.00007
12.80000 0.00007
12.90000 0.00007
13.00000 0.00007
13.10000 0.00006
13.20000 0.00006
13.30000 0.00006
13.40000 0.00006
13.50000 0.00006
13.60000 0.00006
13.70000 0.00006
13.80000 0.00006
13.90000 0.00006
14.00000 0.00006
14.10000 0.00006
14.20000 0.00007
14.30000 0.00007
14.40000 0.00007
14.50000 0.00007
14.60000 0.00008
14.70000 0.00008
14.80000 0.00009
14.90000 0.00009
15.00000 0.00010
15.10000 0.00010
15.20000 0.00011
15.30000 0.00011
15.40000 0.00012
15.50000 0.00013
15.60000 0.00013
15.70000 0.00013
15.80000 0.00014
15.90000 0.00014
16.00000 0.00014
16.10000 0.00013
16.20000 0.00013
16.30000 0.00013
16.40000 0.00012
16.50000 0.00012
16.60000 0.00011
16.70000 0.00010
16.80000 0.00009
16.90000 0.00009
17.00000 0.00008
17.10000 0.00007
17.20000 0.00007
17.30000 0.00006
17.40000 0.00006
17.50000 0.00005
17.60000 0.00005
17.70000 0.00005
17.80000 0.00005
17.90000 0.00005
18.00000 0.00005
18.10000 0.00005
18.20000 0.00005
18.30000 0.00005
18.40000 0.00005
18.50000 0.00005
18.60000 0.00005
18.70000 0.00005
18.80000 0.00005
18.90000 0.00005
19.00000 0.00005
19.10000 0.00005
19.20000 0.00005
19.30000 0.00005
19.40000 0.00005
19.50000 0.00005
19.60000 0.00005
19.70000 0.00005
19.80000 0.00004
19.90000 0.00004
20.00000 0.00004
20.10000 0.00004
20.20000 0.00004
20.30000 0.00004
20.40000 0.00004
20.50000 0.00004
20.60000 0.00004
20.70000 0.00003
20.80000 0.00003
20.90000 0.00003
21.00000 0.00003
21.10000 0.00003
21.20000 0.00003
21.30000 0.00002
21.40000 0.00002
21.50000 0.00002
21.60000 0.00002
21.70000 0.00002
21.80000 0.00001
21.90000 0.00001
22.00000 0.00001
22.10000 0.00001
22.20000 0.00001
22.30000 0.00001
22.40000 0.00001
22.50000 0.00001
22.60000 0.00001
22.70000 0.00001
22.80000 0.00001
22.90000 0.00001
23.00000 0.00001
23.10000 0.00001
23.20000 0.00000
23.30000 0.00000
23.40000 0.00000
23.50000 0.00000
23.60000 0.00000
23.70000 0.00000
23.80000 0.00000
23.90000 0.00000
24.00000 0.00000
24.10000 0.00000
24.20000 0.00000
24.30000 0.00000
24.40000 0.00000
24.50000 0.00000
24.60000 0.00000
24.70000 0.00000
24.80000 0.00000
24.90000 0.00000
25.00000 0.00000
