-20.00000 0.01064
-19.95000 0.01073
-19.90000 0.01082
-19.85000 0.01090
-19.80000 0.01099
-19.75000 0.01107
-19.70000 0.01116
-19.65000 0.01125
-19.60000 0.01133
-19.55000 0.01141
-19.50000 0.01150
-19.45000 0.01158
-19.40000 0.01166
-19.35000 0.01174
-19.30000 0.01181
-19.25000 0.01189
-19.20000 0.01197
-19.15000 0.01204
-19.10000 0.01211
-19.05000 0.01218
-19.00000 0.01224
-18.95000 0.01231
-18.90000 0.01237
-18.85000 0.01243
-18.80000 0.01249
-18.75000 0.01254
-18.70000 0.01260
-18.65000 0.01265
-18.60000 0.01269
-18.55000 0.01274
-18.50000 0.01278
-18.45000 0.01282
-18.40000 0.01285
-18.35000 0.01288
-18.30000 0.01291
-18.25000 0.01294
-18.20000 0.01297
-18.15000 0.01299
-18.10000 0.01301
-18.05000 0.01302
-18.00000 0.01304
-17.95000 0.01305
-17.90000 0.01306
-17.85000 0.01306
-17.80000 0.01307
-17.75000 0.01307
-17.70000 0.01307
-17.65000 0.01307
-17.60000 0.01307
-17.55000 0.01307
-17.50000 0.01306
-17.45000 0.01305
-17.40000 0.01305
-17.35000 0.01304
-17.30000 0.01303
-17.25000 0.01302
-17.20000 0.01301
-17.15000 0.01300
-17.10000 0.01299
-17.05000 0.01298
-17.00000 0.01298
-16.95000 0.01297
-16.90000 0.01296
-16.85000 0.01295
-16.80000 0.01295
-16.75000 0.01294
-16.70000 0.01294
-16.65000 0.01293
-16.60000 0.01293
-16.55000 0.01293
-16.50000 0.01293
-16.45000 0.01294
-16.40000 0.01294
-16.35000 0.01295
-16.30000 0.01295
-16.25000 0.01296
-16.20000 0.01298
-16.15000 0.01299
-16.10000 0.01300
-16.05000 0.01302
-16.00000 0.01304
-15.95000 0.01306
-15.90000 0.01308
-15.85000 0.01310
-15.80000 0.01313
-15.75000 0.01316
-15.70000 0.01319
-15.65000 0.01322
-15.60000 0.01325
-15.55000 0.01329
-15.50000 0.01332
-15.45000 0.01336
-15.40000 0.01340
-15.35000 0.01345
-15.30000 0.01349
-15.25000 0.01354
-15.20000 0.01358
-15.15000 0.01363
-15.10000 0.01368
-15.05000 0.01373
-15.00000 0.01379
-14.95000 0.01384
-14.90000 0.01390
-14.85000 0.01396
-14.80000 0.01402
-14.75000 0.01408
-14.70000 0.01414
-14.65000 0.01421
-14.60000 0.01427
-14.55000 0.01434
-14.50000 0.01441
-14.45000 0.01447
-14.40000 0.01455
-14.35000 0.01462
-14.30000 0.01469
-14.25000 0.01477
-14.20000 0.01484
-14.15000 0.01492
-14.10000 0.01500
-14.05000 0.01508
-14.00000 0.01516
-13.95000 0.01524
-13.90000 0.01532
-13.85000 0.01541
-13.80000 0.01549
-13.75000 0.01558
-13.70000 0.01567
-13.65000 0.01576
-13.60000 0.01585
-13.55000 0.01594
-13.50000 0.01604
-13.45000 0.01613
-13.40000 0.01623
-13.35000 0.01633
-13.30000 0.01643
-13.25000 0.01653
-13.20000 0.01663
-13.15000 0.01674
-13.10000 0.01684
-13.05000 0.01695
-13.00000 0.01706
-12.95000 0.01717
-12.90000 0.01728
-12.85000 0.01739
-12.80000 0.01750
-12.75000 0.01762
-12.70000 0.01774
-12.65000 0.01786
-12.60000 0.01798
-12.55000 0.01810
-12.50000 0.01823
-12.45000 0.01835
-12.40000 0.01848
-12.35000 0.01861
-12.30000 0.01874
-12.25000 0.01887
-12.20000 0.01901
-12.15000 0.01914
-12.10000 0.01928
-12.05000 0.01942
-12.00000 0.01956
-11.95000 0.01971
-11.90000 0.01985
-11.85000 0.02000
-11.80000 0.02015
-11.75000 0.02030
-11.70000 0.02046
-11.65000 0.02061
-11.60000 0.02077
-11.55000 0.02093
-11.50000 0.02109
-11.45000 0.02126
-11.40000 0.02142
-11.35000 0.02159
-11.30000 0.02176
-11.25000 0.02194
-11.20000 0.02211
-11.15000 0.02229
-11.10000 0.02247
-11.05000 0.02266
-11.00000 0.02285
-10.95000 0.02303
-10.90000 0.02323
-10.85000 0.02342
-10.80000 0.02362
-10.75000 0.02382
-10.70000 0.02403
-10.65000 0.02424
-10.60000 0.02445
-10.55000 0.02466
-10.50000 0.02488
-10.45000 0.02510
-10.40000 0.02533
-10.35000 0.02556
-10.30000 0.02579
-10.25000 0.02603
-10.20000 0.02627
-10.15000 0.02652
-10.10000 0.02677
-10.05000 0.02702
-10.00000 0.02728
-9.95000 0.02755
-9.90000 0.02781
-9.85000 0.02809
-9.80000 0.02837
-9.75000 0.02865
-9.70000 0.02894
-9.65000 0.02923
-9.60000 0.02953
-9.55000 0.02984
-9.50000 0.03015
-9.45000 0.03047
-9.40000 0.03079
-9.35000 0.03112
-9.30000 0.03146
-9.25000 0.03180
-9.20000 0.03215
-9.15000 0.03251
-9.10000 0.03287
-9.05000 0.03325
-9.00000 0.03362
-8.95000 0.03401
-8.90000 0.03441
-8.85000 0.03481
-8.80000 0.03522
-8.75000 0.03564
-8.70000 0.03607
-8.65000 0.03650
-8.60000 0.03695
-8.55000 0.03740
-8.50000 0.03787
-8.45000 0.03834
-8.40000 0.03882
-8.35000 0.03932
-8.30000 0.03982
-8.25000 0.04033
-8.20000 0.04086
-8.15000 0.04140
-8.10000 0.04194
-8.05000 0.04250
-8.00000 0.04307
-7.95000 0.04365
-7.90000 0.04425
-7.85000 0.04485
-7.80000 0.04547
-7.75000 0.04610
-7.70000 0.04674
-7.65000 0.04740
-7.60000 0.04806
-7.55000 0.04874
-7.50000 0.04944
-7.45000 0.05014
-7.40000 0.05086
-7.35000 0.05159
-7.30000 0.05234
-7.25000 0.05309
-7.20000 0.05386
-7.15000 0.05464
-7.10000 0.05543
-7.05000 0.05624
-7.00000 0.05705
-6.95000 0.05788
-6.90000 0.05872
-6.85000 0.05956
-6.80000 0.06042
-6.75000 0.06128
-6.70000 0.06216
-6.65000 0.06304
-6.60000 0.06392
-6.55000 0.06482
-6.50000 0.06571
-6.45000 0.06661
-6.40000 0.06752
-6.35000 0.06842
-6.30000 0.06933
-6.25000 0.07023
-6.20000 0.07113
-6.15000 0.07203
-6.10000 0.07293
-6.05000 0.07382
-6.00000 0.07470
-5.95000 0.07557
-5.90000 0.07643
-5.85000 0.07728
-5.80000 0.07811
-5.75000 0.07893
-5.70000 0.07974
-5.65000 0.08053
-5.60000 0.08130
-5.55000 0.08205
-5.50000 0.08277
-5.45000 0.08348
-5.40000 0.08416
-5.35000 0.08482
-5.30000 0.08546
-5.25000 0.08606
-5.20000 0.08665
-5.15000 0.08720
-5.10000 0.08773
-5.05000 0.08823
-5.00000 0.08871
-4.95000 0.08916
-4.90000 0.08958
-4.85000 0.08997
-4.80000 0.09034
-4.75000 0.09069
-4.70000 0.09101
-4.65000 0.09130
-4.60000 0.09158
-4.55000 0.09183
-4.50000 0.09206
-4.45000 0.09227
-4.40000 0.09247
-4.35000 0.09265
-4.30000 0.09281
-4.25000 0.09296
-4.20000 0.09310
-4.15000 0.09323
-4.10000 0.09336
-4.05000 0.09347
-4.00000 0.09358
-3.95000 0.09369
-3.90000 0.09380
-3.85000 0.09391
-3.80000 0.09403
-3.75000 0.09414
-3.70000 0.09426
-3.65000 0.09440
-3.60000 0.09454
-3.55000 0.09469
-3.50000 0.09485
-3.45000 0.09503
-3.40000 0.09522
-3.35000 0.09543
-3.30000 0.09565
-3.25000 0.09590
-3.20000 0.09616
-3.15000 0.09645
-3.10000 0.09676
-3.05000 0.09709
-3.00000 0.09744
-2.95000 0.09783
-2.90000 0.09823
-2.85000 0.09867
-2.80000 0.09913
-2.75000 0.09962
-2.70000 0.10014
-2.65000 0.10069
-2.60000 0.10127
-2.55000 0.10188
-2.50000 0.10252
-2.45000 0.10320
-2.40000 0.10390
-2.35000 0.10464
-2.30000 0.10542
-2.25000 0.10623
-2.20000 0.10707
-2.15000 0.10795
-2.10000 0.10887
-2.05000 0.10982
-2.00000 0.11081
-1.95000 0.11184
-1.90000 0.11291
-1.85000 0.11402
-1.80000 0.11516
-1.75000 0.11635
-1.70000 0.11757
-1.65000 0.11884
-1.60000 0.12015
-1.55000 0.12151
-1.50000 0.12290
-1.45000 0.12435
-1.40000 0.12583
-1.35000 0.12736
-1.30000 0.12894
-1.25000 0.13057
-1.20000 0.13225
-1.15000 0.13397
-1.10000 0.13574
-1.05000 0.13757
-1.00000 0.13945
-0.95000 0.14138
-0.90000 0.14336
-0.85000 0.14540
-0.80000 0.14750
-0.75000 0.14965
-0.70000 0.15186
-0.65000 0.15414
-0.60000 0.15647
-0.55000 0.15886
-0.50000 0.16132
-0.45000 0.16384
-0.40000 0.16643
-0.35000 0.16908
-0.30000 0.17180
-0.25000 0.17460
-0.20000 0.17746
-0.15000 0.18039
-0.10000 0.18340
-0.05000 0.18648
0.00000 0.18964
0.05000 0.19288
0.10000 0.19619
0.15000 0.19958
0.20000 0.20306
0.25000 0.20661
0.30000 0.21025
0.35000 0.21397
0.40000 0.21778
0.45000 0.22167
0.50000 0.22565
0.55000 0.22972
0.60000 0.23388
0.65000 0.23812
0.70000 0.24246
0.75000 0.24688
0.80000 0.25139
0.85000 0.25600
0.90000 0.26069
0.95000 0.26547
1.00000 0.27034
1.05000 0.27529
1.10000 0.28033
1.15000 0.28546
1.20000 0.29067
1.25000 0.29596
1.30000 0.30133
1.35000 0.30678
1.40000 0.31230
1.45000 0.31789
1.50000 0.32355
1.55000 0.32927
1.60000 0.33505
1.65000 0.34089
1.70000 0.34677
1.75000 0.35270
1.80000 0.35866
1.85000 0.36465
1.90000 0.37067
1.95000 0.37670
2.00000 0.38275
2.05000 0.38879
2.10000 0.39483
2.15000 0.40085
2.20000 0.40684
2.25000 0.41280
2.30000 0.41872
2.35000 0.42458
2.40000 0.43037
2.45000 0.43608
2.50000 0.44171
2.55000 0.44724
2.60000 0.45265
2.65000 0.45795
2.70000 0.46311
2.75000 0.46813
2.80000 0.47299
2.85000 0.47768
2.90000 0.48220
2.95000 0.48653
3.00000 0.49065
3.05000 0.49457
3.10000 0.49826
3.15000 0.50173
3.20000 0.50496
3.25000 0.50794
3.30000 0.51066
3.35000 0.51313
3.40000 0.51532
3.45000 0.51724
3.50000 0.51889
3.55000 0.52024
3.60000 0.52131
3.65000 0.52209
3.70000 0.52258
3.75000 0.52277
3.80000 0.52267
3.85000 0.52228
3.90000 0.52159
3.95000 0.52062
4.00000 0.51935
4.05000 0.51781
4.10000 0.51598
4.15000 0.51389
4.20000 0.51152
4.25000 0.50889
4.30000 0.50601
4.35000 0.50289
4.40000 0.49953
4.45000 0.49593
4.50000 0.49212
4.55000 0.48810
4.60000 0.48388
4.65000 0.47947
4.70000 0.47488
4.75000 0.47012
4.80000 0.46520
4.85000 0.46014
4.90000 0.45494
4.95000 0.44962
5.00000 0.44419
5.05000 0.43865
5.10000 0.43302
5.15000 0.42731
5.20000 0.42152
5.25000 0.41568
5.30000 0.40979
5.35000 0.40385
5.40000 0.39788
5.45000 0.39189
5.50000 0.38589
5.55000 0.37988
5.60000 0.37387
5.65000 0.36788
5.70000 0.36190
5.75000 0.35594
5.80000 0.35001
5.85000 0.34412
5.90000 0.33827
5.95000 0.33247
6.00000 0.32671
6.05000 0.32102
6.10000 0.31538
6.15000 0.30981
6.20000 0.30430
6.25000 0.29887
6.30000 0.29351
6.35000 0.28822
6.40000 0.28301
6.45000 0.27788
6.50000 0.27283
6.55000 0.26786
6.60000 0.26298
6.65000 0.25818
6.70000 0.25346
6.75000 0.24883
6.80000 0.24428
6.85000 0.23982
6.90000 0.23545
6.95000 0.23115
7.00000 0.22695
7.05000 0.22282
7.10000 0.21878
7.15000 0.21482
7.20000 0.21095
7.25000 0.20715
7.30000 0.20344
7.35000 0.19980
7.40000 0.19624
7.45000 0.19275
7.50000 0.18935
7.55000 0.18601
7.60000 0.18275
7.65000 0.17956
7.70000 0.17644
7.75000 0.17339
7.80000 0.17041
7.85000 0.16749
7.90000 0.16464
7.95000 0.16185
8.00000 0.15913
8.05000 0.15646
8.10000 0.15385
8.15000 0.15131
8.20000 0.14882
8.25000 0.14638
8.30000 0.14400
8.35000 0.14167
8.40000 0.13940
8.45000 0.13717
8.50000 0.13500
8.55000 0.13287
8.60000 0.13079
8.65000 0.12875
8.70000 0.12676
8.75000 0.12482
8.80000 0.12292
8.85000 0.12105
8.90000 0.11923
8.95000 0.11745
9.00000 0.11571
9.05000 0.11400
9.10000 0.11234
9.15000 0.11070
9.20000 0.10911
9.25000 0.10754
9.30000 0.10601
9.35000 0.10451
9.40000 0.10304
9.45000 0.10161
9.50000 0.10020
9.55000 0.09882
9.60000 0.09747
9.65000 0.09615
9.70000 0.09485
9.75000 0.09358
9.80000 0.09234
9.85000 0.09112
9.90000 0.08993
9.95000 0.08875
10.00000 0.08761
10.05000 0.08648
10.10000 0.08538
10.15000 0.08429
10.20000 0.08323
10.25000 0.08219
10.30000 0.08117
10.35000 0.08016
10.40000 0.07918
10.45000 0.07821
10.50000 0.07726
10.55000 0.07633
10.60000 0.07542
10.65000 0.07452
10.70000 0.07364
10.75000 0.07278
10.80000 0.07193
10.85000 0.07109
10.90000 0.07027
10.95000 0.06947
11.00000 0.06867
11.05000 0.06790
11.10000 0.06713
11.15000 0.06638
11.20000 0.06564
11.25000 0.06492
11.30000 0.06421
11.35000 0.06351
11.40000 0.06282
11.45000 0.06214
11.50000 0.06148
11.55000 0.06082
11.60000 0.06018
11.65000 0.05955
11.70000 0.05893
11.75000 0.05832
11.80000 0.05772
11.85000 0.05713
11.90000 0.05655
11.95000 0.05598
12.00000 0.05542
12.05000 0.05487
12.10000 0.05433
12.15000 0.05380
12.20000 0.05328
12.25000 0.05276
12.30000 0.05226
12.35000 0.05176
12.40000 0.05128
12.45000 0.05080
12.50000 0.05033
12.55000 0.04987
12.60000 0.04941
12.65000 0.04897
12.70000 0.04853
12.75000 0.04810
12.80000 0.04768
12.85000 0.04727
12.90000 0.04686
12.95000 0.04646
13.00000 0.04607
13.05000 0.04569
13.10000 0.04531
13.15000 0.04494
13.20000 0.04457
13.25000 0.04422
13.30000 0.04387
13.35000 0.04353
13.40000 0.04319
13.45000 0.04286
13.50000 0.04254
13.55000 0.04222
13.60000 0.04191
13.65000 0.04160
13.70000 0.04130
13.75000 0.04101
13.80000 0.04072
13.85000 0.04044
13.90000 0.04017
13.95000 0.03990
14.00000 0.03963
14.05000 0.03937
14.10000 0.03912
14.15000 0.03887
14.20000 0.03863
14.25000 0.03839
14.30000 0.03816
14.35000 0.03793
14.40000 0.03771
14.45000 0.03749
14.50000 0.03728
14.55000 0.03707
14.60000 0.03687
14.65000 0.03667
14.70000 0.03648
14.75000 0.03629
14.80000 0.03610
14.85000 0.03592
14.90000 0.03574
14.95000 0.03557
15.00000 0.03540
15.05000 0.03524
15.10000 0.03508
15.15000 0.03492
15.20000 0.03477
15.25000 0.03462
15.30000 0.03448
15.35000 0.03434
15.40000 0.03420
15.45000 0.03407
15.50000 0.03394
15.55000 0.03381
15.60000 0.03369
15.65000 0.03357
15.70000 0.03345
15.75000 0.03334
15.80000 0.03323
15.85000 0.03312
15.90000 0.03302
15.95000 0.03292
16.00000 0.03282
16.05000 0.03272
16.10000 0.03263
16.15000 0.03254
16.20000 0.03245
16.25000 0.03236
16.30000 0.03228
16.35000 0.03220
16.40000 0.03212
16.45000 0.03204
16.50000 0.03197
16.55000 0.03190
16.60000 0.03182
16.65000 0.03175
16.70000 0.03168
16.75000 0.03162
16.80000 0.03155
16.85000 0.03149
16.90000 0.03142
16.95000 0.03136
17.00000 0.03129
17.05000 0.03123
17.10000 0.03117
17.15000 0.03111
17.20000 0.03104
17.25000 0.03098
17.30000 0.03092
17.35000 0.03086
17.40000 0.03079
17.45000 0.03073
17.50000 0.03066
17.55000 0.03060
17.60000 0.03053
17.65000 0.03046
17.70000 0.03039
17.75000 0.03032
17.80000 0.03024
17.85000 0.03017
17.90000 0.03009
17.95000 0.03001
18.00000 0.02993
18.05000 0.02984
18.10000 0.02975
18.15000 0.02966
18.20000 0.02957
18.25000 0.02948
18.30000 0.02938
18.35000 0.02928
18.40000 0.02917
18.45000 0.02906
18.50000 0.02895
18.55000 0.02884
18.60000 0.02872
18.65000 0.02860
18.70000 0.02848
18.75000 0.02835
18.80000 0.02822
18.85000 0.02808
18.90000 0.02795
18.95000 0.02781
19.00000 0.02766
19.05000 0.02752
19.10000 0.02737
19.15000 0.02722
19.20000 0.02706
19.25000 0.02690
19.30000 0.02674
19.35000 0.02658
19.40000 0.02641
19.45000 0.02624
19.50000 0.02607
19.55000 0.02590
19.60000 0.02573
19.65000 0.02555
19.70000 0.02537
19.75000 0.02519
19.80000 0.02501
19.85000 0.02482
19.90000 0.02464
19.95000 0.02445
20.00000 0.02427
