435.00000 0.00008 0.00001 0.00004 0.00001 -0.00176 0.00000
435.10000 0.00008 0.00001 0.00004 0.00001 -0.00174 0.00002
435.20000 0.00008 0.00001 0.00004 0.00001 -0.00172 0.00005
435.30000 0.00008 0.00001 0.00004 0.00001 -0.00171 0.00007
435.40000 0.00008 0.00001 0.00004 0.00001 -0.00169 0.00010
435.50000 0.00008 0.00001 0.00004 0.00001 -0.00167 0.00012
435.60000 0.00008 0.00001 0.00004 0.00001 -0.00165 0.00015
435.70000 0.00008 0.00001 0.00004 0.00001 -0.00164 0.00017
435.80000 0.00008 0.00001 0.00004 0.00001 -0.00162 0.00019
435.90000 0.00008 0.00001 0.00004 0.00001 -0.00160 0.00022
436.00000 0.00008 0.00001 0.00004 0.00001 -0.00158 0.00024
436.10000 0.00008 0.00001 0.00004 0.00001 -0.00157 0.00027
436.20000 0.00008 0.00001 0.00004 0.00001 -0.00155 0.00029
436.30000 0.00008 0.00001 0.00004 0.00001 -0.00153 0.00032
436.40000 0.00008 0.00001 0.00004 0.00001 -0.00151 0.00034
436.50000 0.00008 0.00001 0.00004 0.00001 -0.00150 0.00037
436.60000 0.00009 0.00001 0.00004 0.00001 -0.00148 0.00039
436.70000 0.00009 0.00001 0.00004 0.00001 -0.00146 0.00042
436.80000 0.00009 0.00001 0.00004 0.00001 -0.00144 0.00044
436.90000 0.00009 0.00001 0.00004 0.00001 -0.00143 0.00047
437.00000 0.00009 0.00001 0.00004 0.00001 -0.00141 0.00050
437.10000 0.00009 0.00001 0.00004 0.00001 -0.00139 0.00052
437.20000 0.00009 0.00001 0.00004 0.00001 -0.00137 0.00055
437.30000 0.00009 0.00001 0.00004 0.00001 -0.00136 0.00057
437.40000 0.00009 0.00001 0.00004 0.00001 -0.00134 0.00060
437.50000 0.00009 0.00001 0.00004 0.00001 -0.00132 0.00062
437.60000 0.00009 0.00001 0.00005 0.00001 -0.00130 0.00065
437.70000 0.00009 0.00001 0.00005 0.00001 -0.00128 0.00068
437.80000 0.00009 0.00001 0.00005 0.00001 -0.00127 0.00070
437.90000 0.00009 0.00001 0.00005 0.00001 -0.00125 0.00073
438.00000 0.00009 0.00001 0.00005 0.00001 -0.00123 0.00076
438.10000 0.00010 0.00001 0.00005 0.00001 -0.00121 0.00078
438.20000 0.00010 0.00001 0.00005 0.00001 -0.00120 0.00081
438.30000 0.00010 0.00001 0.00005 0.00001 -0.00118 0.00084
438.40000 0.00010 0.00001 0.00005 0.00001 -0.00116 0.00086
438.50000 0.00010 0.00001 0.00005 0.00001 -0.00114 0.00089
438.60000 0.00010 0.00001 0.00005 0.00002 -0.00113 0.00092
438.70000 0.00010 0.00001 0.00005 0.00002 -0.00111 0.00095
438.80000 0.00010 0.00001 0.00005 0.00002 -0.00109 0.00097
438.90000 0.00010 0.00001 0.00005 0.00002 -0.00107 0.00100
439.00000 0.00010 0.00001 0.00005 0.00002 -0.00106 0.00103
439.10000 0.00010 0.00001 0.00005 0.00002 -0.00104 0.00106
439.20000 0.00010 0.00001 0.00005 0.00002 -0.00102 0.00109
439.30000 0.00010 0.00001 0.00005 0.00002 -0.00100 0.00111
439.40000 0.00011 0.00001 0.00005 0.00002 -0.00099 0.00114
439.50000 0.00011 0.00001 0.00005 0.00002 -0.00097 0.00117
439.60000 0.00011 0.00001 0.00006 0.00002 -0.00095 0.00120
439.70000 0.00011 0.00001 0.00006 0.00002 -0.00093 0.00123
439.80000 0.00011 0.00002 0.00006 0.00002 -0.00092 0.00126
439.90000 0.00011 0.00002 0.00006 0.00002 -0.00090 0.00129
440.00000 0.00011 0.00002 0.00006 0.00002 -0.00088 0.00132
440.10000 0.00011 0.00002 0.00006 0.00002 -0.00086 0.00135
440.20000 0.00011 0.00002 0.00006 0.00002 -0.00084 0.00138
440.30000 0.00011 0.00002 0.00006 0.00002 -0.00083 0.00141
440.40000 0.00011 0.00002 0.00006 0.00002 -0.00081 0.00144
440.50000 0.00011 0.00002 0.00006 0.00002 -0.00079 0.00147
440.60000 0.00012 0.00002 0.00006 0.00002 -0.00077 0.00150
440.70000 0.00012 0.00002 0.00006 0.00002 -0.00076 0.00153
440.80000 0.00012 0.00002 0.00006 0.00002 -0.00074 0.00156
440.90000 0.00012 0.00002 0.00006 0.00002 -0.00072 0.00159
441.00000 0.00012 0.00002 0.00006 0.00002 -0.00070 0.00162
441.10000 0.00012 0.00002 0.00007 0.00002 -0.00069 0.00165
441.20000 0.00012 0.00002 0.00007 0.00002 -0.00067 0.00168
441.30000 0.00012 0.00002 0.00007 0.00002 -0.00065 0.00172
441.40000 0.00012 0.00002 0.00007 0.00002 -0.00063 0.00175
441.50000 0.00012 0.00002 0.00007 0.00002 -0.00062 0.00178
441.60000 0.00013 0.00002 0.00007 0.00002 -0.00060 0.00181
441.70000 0.00013 0.00002 0.00007 0.00002 -0.00058 0.00185
441.80000 0.00013 0.00002 0.00007 0.00002 -0.00056 0.00188
441.90000 0.00013 0.00002 0.00007 0.00002 -0.00055 0.00191
442.00000 0.00013 0.00002 0.00007 0.00002 -0.00053 0.00195
442.10000 0.00013 0.00002 0.00007 0.00002 -0.00051 0.00198
442.20000 0.00013 0.00002 0.00007 0.00002 -0.00049 0.00201
442.30000 0.00013 0.00002 0.00008 0.00002 -0.00048 0.00205
442.40000 0.00014 0.00002 0.00008 0.00002 -0.00046 0.00208
442.50000 0.00014 0.00002 0.00008 0.00002 -0.00044 0.00212
442.60000 0.00014 0.00002 0.00008 0.00002 -0.00042 0.00215
442.70000 0.00014 0.00002 0.00008 0.00002 -0.00040 0.00219
442.80000 0.00014 0.00002 0.00008 0.00002 -0.00039 0.00222
442.90000 0.00014 0.00002 0.00008 0.00002 -0.00037 0.00226
443.00000 0.00014 0.00002 0.00008 0.00002 -0.00035 0.00230
443.10000 0.00014 0.00002 0.00008 0.00002 -0.00033 0.00233
443.20000 0.00015 0.00002 0.00008 0.00002 -0.00032 0.00237
443.30000 0.00015 0.00002 0.00009 0.00002 -0.00030 0.00241
443.40000 0.00015 0.00002 0.00009 0.00002 -0.00028 0.00244
443.50000 0.00015 0.00002 0.00009 0.00002 -0.00026 0.00248
443.60000 0.00015 0.00002 0.00009 0.00002 -0.00025 0.00252
443.70000 0.00015 0.00002 0.00009 0.00002 -0.00023 0.00256
443.80000 0.00015 0.00002 0.00009 0.00002 -0.00021 0.00260
443.90000 0.00016 0.00002 0.00009 0.00002 -0.00019 0.00264
444.00000 0.00016 0.00002 0.00009 0.00002 -0.00018 0.00268
444.10000 0.00016 0.00002 0.00010 0.00002 -0.00016 0.00272
444.20000 0.00016 0.00002 0.00010 0.00002 -0.00014 0.00276
444.30000 0.00016 0.00002 0.00010 0.00002 -0.00012 0.00280
444.40000 0.00016 0.00002 0.00010 0.00002 -0.00011 0.00284
444.50000 0.00016 0.00002 0.00010 0.00003 -0.00009 0.00288
444.60000 0.00017 0.00002 0.00010 0.00003 -0.00007 0.00292
444.70000 0.00017 0.00002 0.00010 0.00003 -0.00005 0.00296
444.80000 0.00017 0.00002 0.00011 0.00003 -0.00004 0.00301
444.90000 0.00017 0.00002 0.00011 0.00003 -0.00002 0.00305
445.00000 0.00017 0.00002 0.00011 0.00003 -0.00000 0.00309
445.10000 0.00017 0.00002 0.00011 0.00003 0.00002 0.00314
445.20000 0.00018 0.00002 0.00011 0.00003 0.00004 0.00318
445.30000 0.00018 0.00002 0.00011 0.00003 0.00004 0.00322
445.40000 0.00018 0.00002 0.00012 0.00003 0.00005 0.00326
445.50000 0.00018 0.00002 0.00012 0.00003 0.00007 0.00330
445.60000 0.00018 0.00002 0.00012 0.00003 0.00008 0.00335
445.70000 0.00019 0.00002 0.00012 0.00003 0.00009 0.00339
445.80000 0.00019 0.00002 0.00012 0.00003 0.00010 0.00343
445.90000 0.00019 0.00002 0.00013 0.00003 0.00011 0.00347
446.00000 0.00019 0.00002 0.00013 0.00003 0.00012 0.00351
446.10000 0.00019 0.00002 0.00013 0.00003 0.00014 0.00356
446.20000 0.00020 0.00002 0.00013 0.00003 0.00015 0.00361
446.30000 0.00020 0.00002 0.00013 0.00003 0.00016 0.00365
446.40000 0.00020 0.00002 0.00014 0.00003 0.00017 0.00370
446.50000 0.00020 0.00002 0.00014 0.00003 0.00018 0.00374
446.60000 0.00020 0.00002 0.00014 0.00003 0.00019 0.00379
446.70000 0.00021 0.00002 0.00014 0.00003 0.00020 0.00384
446.80000 0.00021 0.00002 0.00015 0.00003 0.00021 0.00389
446.90000 0.00021 0.00002 0.00015 0.00003 0.00022 0.00393
447.00000 0.00021 0.00002 0.00015 0.00003 0.00023 0.00398
447.10000 0.00022 0.00002 0.00015 0.00003 0.00024 0.00403
447.20000 0.00022 0.00002 0.00016 0.00003 0.00026 0.00409
447.30000 0.00022 0.00002 0.00016 0.00003 0.00027 0.00415
447.40000 0.00022 0.00002 0.00016 0.00003 0.00029 0.00420
447.50000 0.00023 0.00002 0.00017 0.00004 0.00029 0.00426
447.60000 0.00023 0.00002 0.00017 0.00004 0.00030 0.00431
447.70000 0.00023 0.00002 0.00017 0.00004 0.00031 0.00437
447.80000 0.00023 0.00002 0.00017 0.00004 0.00032 0.00442
447.90000 0.00024 0.00002 0.00018 0.00004 0.00034 0.00449
448.00000 0.00024 0.00002 0.00018 0.00004 0.00036 0.00456
448.10000 0.00024 0.00002 0.00019 0.00004 0.00037 0.00462
448.20000 0.00025 0.00002 0.00019 0.00004 0.00038 0.00468
448.30000 0.00025 0.00002 0.00019 0.00004 0.00038 0.00474
448.40000 0.00025 0.00002 0.00020 0.00004 0.00039 0.00480
448.50000 0.00026 0.00002 0.00020 0.00004 0.00041 0.00488
448.60000 0.00026 0.00002 0.00021 0.00004 0.00043 0.00496
448.70000 0.00026 0.00002 0.00021 0.00004 0.00044 0.00503
448.80000 0.00027 0.00002 0.00021 0.00004 0.00045 0.00510
448.90000 0.00027 0.00002 0.00022 0.00004 0.00047 0.00518
449.00000 0.00027 0.00002 0.00022 0.00004 0.00049 0.00526
449.10000 0.00028 0.00002 0.00023 0.00004 0.00049 0.00533
449.20000 0.00028 0.00002 0.00023 0.00004 0.00050 0.00541
449.30000 0.00028 0.00002 0.00024 0.00004 0.00051 0.00549
449.40000 0.00029 0.00002 0.00024 0.00004 0.00051 0.00556
449.50000 0.00029 0.00002 0.00025 0.00005 0.00053 0.00565
449.60000 0.00029 0.00002 0.00026 0.00005 0.00054 0.00574
449.70000 0.00030 0.00002 0.00026 0.00005 0.00055 0.00583
449.80000 0.00030 0.00002 0.00027 0.00005 0.00056 0.00592
449.90000 0.00031 0.00002 0.00027 0.00005 0.00056 0.00600
450.00000 0.00031 0.00002 0.00028 0.00005 0.00056 0.00609
450.10000 0.00032 0.00002 0.00029 0.00005 0.00057 0.00619
450.20000 0.00032 0.00002 0.00030 0.00005 0.00058 0.00628
450.30000 0.00032 0.00002 0.00030 0.00005 0.00059 0.00639
450.40000 0.00033 0.00002 0.00031 0.00005 0.00060 0.00650
450.50000 0.00033 0.00002 0.00032 0.00005 0.00062 0.00662
450.60000 0.00034 0.00002 0.00033 0.00005 0.00064 0.00674
450.70000 0.00034 0.00002 0.00034 0.00005 0.00065 0.00686
450.80000 0.00035 0.00003 0.00035 0.00005 0.00066 0.00698
450.90000 0.00035 0.00003 0.00036 0.00006 0.00068 0.00710
451.00000 0.00036 0.00003 0.00037 0.00006 0.00069 0.00723
451.10000 0.00036 0.00003 0.00038 0.00006 0.00070 0.00737
451.20000 0.00037 0.00003 0.00039 0.00006 0.00071 0.00750
451.30000 0.00038 0.00003 0.00040 0.00006 0.00072 0.00765
451.40000 0.00038 0.00003 0.00041 0.00006 0.00074 0.00780
451.50000 0.00039 0.00003 0.00042 0.00006 0.00075 0.00795
451.60000 0.00039 0.00003 0.00044 0.00006 0.00076 0.00811
451.70000 0.00040 0.00003 0.00045 0.00006 0.00078 0.00829
451.80000 0.00041 0.00003 0.00047 0.00006 0.00080 0.00847
451.90000 0.00041 0.00003 0.00048 0.00006 0.00080 0.00864
452.00000 0.00042 0.00003 0.00050 0.00007 0.00081 0.00881
452.10000 0.00043 0.00003 0.00051 0.00007 0.00082 0.00901
452.20000 0.00043 0.00003 0.00053 0.00007 0.00084 0.00921
452.30000 0.00044 0.00003 0.00055 0.00007 0.00084 0.00942
452.40000 0.00045 0.00003 0.00057 0.00007 0.00085 0.00963
452.50000 0.00046 0.00003 0.00059 0.00007 0.00087 0.00987
452.60000 0.00046 0.00003 0.00061 0.00007 0.00090 0.01011
452.70000 0.00047 0.00003 0.00064 0.00007 0.00091 0.01037
452.80000 0.00048 0.00003 0.00066 0.00008 0.00093 0.01063
452.90000 0.00049 0.00003 0.00069 0.00008 0.00095 0.01092
453.00000 0.00050 0.00003 0.00071 0.00008 0.00097 0.01121
453.10000 0.00051 0.00003 0.00074 0.00008 0.00100 0.01153
453.20000 0.00052 0.00003 0.00078 0.00008 0.00103 0.01186
453.30000 0.00053 0.00003 0.00081 0.00008 0.00105 0.01221
453.40000 0.00054 0.00003 0.00084 0.00008 0.00107 0.01258
453.50000 0.00055 0.00003 0.00088 0.00009 0.00109 0.01296
453.60000 0.00056 0.00003 0.00092 0.00009 0.00111 0.01337
453.70000 0.00057 0.00003 0.00097 0.00009 0.00112 0.01379
453.80000 0.00058 0.00003 0.00102 0.00009 0.00114 0.01424
453.90000 0.00059 0.00003 0.00107 0.00009 0.00117 0.01474
454.00000 0.00060 0.00003 0.00112 0.00009 0.00120 0.01527
454.10000 0.00061 0.00003 0.00118 0.00010 0.00122 0.01584
454.20000 0.00063 0.00003 0.00125 0.00010 0.00125 0.01644
454.30000 0.00064 0.00003 0.00132 0.00010 0.00128 0.01711
454.40000 0.00065 0.00003 0.00140 0.00010 0.00132 0.01782
454.50000 0.00067 0.00003 0.00149 0.00010 0.00135 0.01859
454.60000 0.00068 0.00003 0.00158 0.00011 0.00138 0.01943
454.70000 0.00069 0.00003 0.00169 0.00011 0.00141 0.02035
454.80000 0.00071 0.00003 0.00180 0.00011 0.00144 0.02135
454.90000 0.00073 0.00003 0.00194 0.00011 0.00147 0.02247
455.00000 0.00074 0.00003 0.00208 0.00012 0.00150 0.02370
455.10000 0.00076 0.00003 0.00225 0.00012 0.00155 0.02511
455.20000 0.00078 0.00003 0.00245 0.00012 0.00159 0.02669
455.30000 0.00079 0.00003 0.00267 0.00012 0.00163 0.02850
455.40000 0.00081 0.00003 0.00293 0.00013 0.00167 0.03060
455.50000 0.00083 0.00003 0.00324 0.00013 0.00172 0.03307
455.60000 0.00085 0.00003 0.00362 0.00013 0.00177 0.03600
455.70000 0.00087 0.00003 0.00408 0.00014 0.00183 0.03955
455.80000 0.00090 0.00003 0.00464 0.00014 0.00190 0.04388
455.90000 0.00092 0.00003 0.00535 0.00014 0.00199 0.04924
456.00000 0.00094 0.00003 0.00623 0.00015 0.00207 0.05592
456.10000 0.00097 0.00003 0.00735 0.00015 0.00220 0.06433
456.20000 0.00099 0.00003 0.00876 0.00016 0.00232 0.07490
456.30000 0.00102 0.00003 0.01055 0.00016 0.00253 0.08826
456.40000 0.00105 0.00003 0.01280 0.00016 0.00273 0.10496
456.50000 0.00107 0.00003 0.01562 0.00017 0.00303 0.12583
456.60000 0.00110 0.00004 0.01909 0.00017 0.00334 0.15150
456.70000 0.00114 0.00004 0.02333 0.00018 0.00380 0.18286
456.80000 0.00117 0.00004 0.02842 0.00018 0.00426 0.22043
456.90000 0.00120 0.00004 0.03445 0.00019 0.00492 0.26489
457.00000 0.00124 0.00004 0.04143 0.00019 0.00558 0.31630
457.10000 0.00128 0.00004 0.04935 0.00020 0.00646 0.37476
457.20000 0.00132 0.00004 0.05814 0.00021 0.00734 0.43951
457.30000 0.00136 0.00004 0.06765 0.00021 0.00846 0.50970
457.40000 0.00140 0.00004 0.07765 0.00022 0.00958 0.58350
457.50000 0.00145 0.00004 0.08786 0.00023 0.01095 0.65902
457.60000 0.00150 0.00004 0.09791 0.00023 0.01232 0.73342
457.70000 0.00155 0.00004 0.10740 0.00024 0.01395 0.80405
457.80000 0.00160 0.00004 0.11592 0.00025 0.01558 0.86765
457.90000 0.00166 0.00004 0.12304 0.00026 0.01740 0.92144
458.00000 0.00172 0.00004 0.12843 0.00027 0.01923 0.96265
458.10000 0.00178 0.00004 0.13178 0.00027 0.02113 0.98930
458.20000 0.00185 0.00004 0.13293 0.00028 0.02303 1.00000
458.30000 0.00192 0.00004 0.13180 0.00030 0.02491 0.99428
458.40000 0.00200 0.00004 0.12847 0.00031 0.02679 0.97263
458.50000 0.00208 0.00004 0.12311 0.00032 0.02853 0.93623
458.60000 0.00216 0.00004 0.11600 0.00033 0.03026 0.88727
458.70000 0.00225 0.00004 0.10752 0.00034 0.03177 0.82817
458.80000 0.00235 0.00004 0.09807 0.00036 0.03328 0.76209
458.90000 0.00246 0.00004 0.08806 0.00037 0.03455 0.69184
459.00000 0.00257 0.00004 0.07790 0.00039 0.03581 0.62058
459.10000 0.00269 0.00004 0.06796 0.00040 0.03683 0.55067
459.20000 0.00282 0.00004 0.05852 0.00042 0.03785 0.48451
459.30000 0.00296 0.00004 0.04982 0.00044 0.03869 0.42354
459.40000 0.00311 0.00004 0.04199 0.00046 0.03953 0.36902
459.50000 0.00327 0.00004 0.03512 0.00048 0.04021 0.32136
459.60000 0.00345 0.00004 0.02922 0.00051 0.04090 0.28082
459.70000 0.00364 0.00004 0.02426 0.00053 0.04149 0.24707
459.80000 0.00385 0.00004 0.02015 0.00056 0.04208 0.21969
459.90000 0.00408 0.00004 0.01682 0.00059 0.04259 0.19793
460.00000 0.00432 0.00004 0.01414 0.00063 0.04309 0.18112
460.10000 0.00460 0.00004 0.01202 0.00066 0.04357 0.16847
460.20000 0.00490 0.00004 0.01034 0.00070 0.04406 0.15927
460.30000 0.00522 0.00004 0.00902 0.00074 0.04451 0.15285
460.40000 0.00559 0.00005 0.00797 0.00079 0.04496 0.14867
460.50000 0.00598 0.00005 0.00713 0.00084 0.04541 0.14628
460.60000 0.00642 0.00005 0.00644 0.00090 0.04586 0.14533
460.70000 0.00691 0.00005 0.00586 0.00097 0.04631 0.14554
460.80000 0.00744 0.00005 0.00536 0.00104 0.04677 0.14674
460.90000 0.00802 0.00005 0.00491 0.00113 0.04725 0.14882
461.00000 0.00866 0.00005 0.00451 0.00122 0.04773 0.15170
461.10000 0.00937 0.00005 0.00413 0.00133 0.04824 0.15539
461.20000 0.01013 0.00005 0.00379 0.00147 0.04875 0.15987
461.30000 0.01096 0.00005 0.00347 0.00162 0.04930 0.16522
461.40000 0.01186 0.00005 0.00317 0.00181 0.04986 0.17146
461.50000 0.01282 0.00005 0.00290 0.00204 0.05047 0.17869
461.60000 0.01384 0.00005 0.00265 0.00232 0.05109 0.18693
461.70000 0.01492 0.00005 0.00243 0.00267 0.05178 0.19633
461.80000 0.01604 0.00005 0.00223 0.00312 0.05248 0.20692
461.90000 0.01720 0.00005 0.00206 0.00367 0.05327 0.21888
462.00000 0.01838 0.00005 0.00191 0.00438 0.05406 0.23224
462.10000 0.01957 0.00005 0.00178 0.00528 0.05495 0.24727
462.20000 0.02075 0.00005 0.00168 0.00640 0.05585 0.26404
462.30000 0.02189 0.00005 0.00160 0.00781 0.05688 0.28286
462.40000 0.02298 0.00005 0.00153 0.00955 0.05790 0.30384
462.50000 0.02399 0.00005 0.00149 0.01166 0.05906 0.32730
462.60000 0.02491 0.00005 0.00146 0.01421 0.06022 0.35330
462.70000 0.02571 0.00005 0.00145 0.01722 0.06151 0.38209
462.80000 0.02639 0.00005 0.00146 0.02071 0.06280 0.41355
462.90000 0.02693 0.00005 0.00149 0.02467 0.06424 0.44769
463.00000 0.02732 0.00006 0.00154 0.02907 0.06567 0.48405
463.10000 0.02757 0.00006 0.00160 0.03382 0.06721 0.52220
463.20000 0.02767 0.00006 0.00169 0.03883 0.06875 0.56125
463.30000 0.02764 0.00006 0.00180 0.04393 0.07042 0.60033
463.40000 0.02749 0.00006 0.00193 0.04896 0.07208 0.63811
463.50000 0.02722 0.00006 0.00208 0.05370 0.07382 0.67332
463.60000 0.02687 0.00006 0.00226 0.05796 0.07556 0.70451
463.70000 0.02644 0.00006 0.00246 0.06152 0.07736 0.73039
463.80000 0.02595 0.00006 0.00268 0.06421 0.07915 0.74970
463.90000 0.02543 0.00006 0.00292 0.06589 0.08099 0.76158
464.00000 0.02488 0.00006 0.00317 0.06647 0.08282 0.76538
464.10000 0.02432 0.00006 0.00343 0.06590 0.08466 0.76091
464.20000 0.02376 0.00006 0.00368 0.06423 0.08649 0.74843
464.30000 0.02321 0.00006 0.00392 0.06155 0.08826 0.72850
464.40000 0.02266 0.00006 0.00414 0.05800 0.09004 0.70216
464.50000 0.02212 0.00006 0.00433 0.05376 0.09173 0.67055
464.60000 0.02158 0.00006 0.00447 0.04903 0.09342 0.63516
464.70000 0.02105 0.00006 0.00455 0.04403 0.09503 0.59735
464.80000 0.02051 0.00006 0.00459 0.03895 0.09664 0.55857
464.90000 0.01997 0.00006 0.00456 0.03398 0.09814 0.51996
465.00000 0.01942 0.00007 0.00447 0.02926 0.09964 0.48269
465.10000 0.01886 0.00007 0.00432 0.02491 0.10103 0.44745
465.20000 0.01828 0.00007 0.00412 0.02100 0.10243 0.41493
465.30000 0.01769 0.00007 0.00388 0.01756 0.10372 0.38536
465.40000 0.01709 0.00007 0.00361 0.01461 0.10501 0.35899
465.50000 0.01648 0.00007 0.00332 0.01213 0.10620 0.33567
465.60000 0.01586 0.00007 0.00302 0.01008 0.10739 0.31536
465.70000 0.01524 0.00007 0.00272 0.00841 0.10849 0.29773
465.80000 0.01463 0.00007 0.00243 0.00707 0.10959 0.28259
465.90000 0.01402 0.00007 0.00215 0.00601 0.11061 0.26955
466.00000 0.01343 0.00007 0.00190 0.00517 0.11163 0.25839
466.10000 0.01286 0.00007 0.00167 0.00451 0.11257 0.24875
466.20000 0.01231 0.00007 0.00147 0.00399 0.11352 0.24046
466.30000 0.01179 0.00007 0.00129 0.00356 0.11438 0.23321
466.40000 0.01129 0.00007 0.00114 0.00322 0.11525 0.22689
466.50000 0.01083 0.00007 0.00101 0.00293 0.11607 0.22130
466.60000 0.01039 0.00008 0.00090 0.00268 0.11688 0.21636
466.70000 0.00999 0.00008 0.00081 0.00246 0.11765 0.21192
466.80000 0.00961 0.00008 0.00074 0.00225 0.11841 0.20797
466.90000 0.00927 0.00008 0.00068 0.00207 0.11913 0.20440
467.00000 0.00895 0.00008 0.00063 0.00189 0.11986 0.20120
467.10000 0.00866 0.00008 0.00059 0.00173 0.12054 0.19833
467.20000 0.00840 0.00008 0.00055 0.00158 0.12123 0.19578
467.30000 0.00816 0.00008 0.00053 0.00145 0.12188 0.19352
467.40000 0.00794 0.00008 0.00051 0.00132 0.12253 0.19155
467.50000 0.00775 0.00008 0.00049 0.00121 0.12315 0.18984
467.60000 0.00758 0.00008 0.00048 0.00111 0.12377 0.18842
467.70000 0.00743 0.00008 0.00047 0.00103 0.12437 0.18725
467.80000 0.00730 0.00008 0.00047 0.00095 0.12497 0.18634
467.90000 0.00719 0.00009 0.00047 0.00089 0.12555 0.18568
468.00000 0.00710 0.00009 0.00047 0.00084 0.12614 0.18527
468.10000 0.00703 0.00009 0.00048 0.00080 0.12673 0.18512
468.20000 0.00698 0.00009 0.00049 0.00077 0.12732 0.18521
468.30000 0.00696 0.00009 0.00051 0.00074 0.12789 0.18553
468.40000 0.00695 0.00009 0.00054 0.00073 0.12845 0.18610
468.50000 0.00695 0.00009 0.00057 0.00073 0.12901 0.18693
468.60000 0.00698 0.00009 0.00061 0.00073 0.12958 0.18801
468.70000 0.00702 0.00009 0.00066 0.00075 0.13015 0.18936
468.80000 0.00708 0.00009 0.00073 0.00077 0.13072 0.19098
468.90000 0.00715 0.00009 0.00080 0.00080 0.13128 0.19286
469.00000 0.00724 0.00010 0.00090 0.00085 0.13184 0.19501
469.10000 0.00733 0.00010 0.00101 0.00090 0.13241 0.19745
469.20000 0.00743 0.00010 0.00114 0.00096 0.13297 0.20016
469.30000 0.00753 0.00010 0.00130 0.00104 0.13355 0.20315
469.40000 0.00763 0.00010 0.00148 0.00113 0.13412 0.20639
469.50000 0.00773 0.00010 0.00169 0.00123 0.13470 0.20988
469.60000 0.00782 0.00010 0.00192 0.00134 0.13527 0.21358
469.70000 0.00790 0.00010 0.00218 0.00146 0.13585 0.21748
469.80000 0.00796 0.00010 0.00247 0.00159 0.13644 0.22152
469.90000 0.00801 0.00011 0.00279 0.00172 0.13702 0.22568
470.00000 0.00804 0.00011 0.00314 0.00184 0.13761 0.22989
470.10000 0.00804 0.00011 0.00351 0.00196 0.13821 0.23411
470.20000 0.00803 0.00011 0.00391 0.00207 0.13882 0.23827
470.30000 0.00799 0.00011 0.00433 0.00216 0.13942 0.24231
470.40000 0.00794 0.00011 0.00477 0.00223 0.14002 0.24618
470.50000 0.00786 0.00011 0.00522 0.00228 0.14062 0.24981
470.60000 0.00776 0.00011 0.00569 0.00229 0.14122 0.25316
470.70000 0.00765 0.00012 0.00615 0.00228 0.14184 0.25619
470.80000 0.00752 0.00012 0.00661 0.00223 0.14245 0.25885
470.90000 0.00738 0.00012 0.00705 0.00216 0.14309 0.26111
471.00000 0.00723 0.00012 0.00746 0.00206 0.14372 0.26293
471.10000 0.00708 0.00012 0.00783 0.00194 0.14435 0.26425
471.20000 0.00692 0.00012 0.00814 0.00181 0.14499 0.26504
471.30000 0.00676 0.00012 0.00839 0.00166 0.14563 0.26528
471.40000 0.00661 0.00013 0.00855 0.00151 0.14627 0.26493
471.50000 0.00646 0.00013 0.00863 0.00136 0.14691 0.26397
471.60000 0.00632 0.00013 0.00862 0.00121 0.14756 0.26239
471.70000 0.00618 0.00013 0.00850 0.00108 0.14821 0.26021
471.80000 0.00605 0.00013 0.00829 0.00095 0.14887 0.25747
471.90000 0.00593 0.00013 0.00798 0.00083 0.14952 0.25420
472.00000 0.00581 0.00014 0.00759 0.00073 0.15018 0.25048
472.10000 0.00571 0.00014 0.00713 0.00065 0.15084 0.24641
472.20000 0.00561 0.00014 0.00662 0.00057 0.15150 0.24209
472.30000 0.00551 0.00014 0.00607 0.00051 0.15215 0.23763
472.40000 0.00542 0.00014 0.00551 0.00045 0.15279 0.23315
472.50000 0.00533 0.00015 0.00494 0.00041 0.15344 0.22875
472.60000 0.00525 0.00015 0.00439 0.00037 0.15409 0.22454
472.70000 0.00516 0.00015 0.00387 0.00034 0.15474 0.22058
472.80000 0.00508 0.00015 0.00339 0.00031 0.15539 0.21694
472.90000 0.00499 0.00015 0.00295 0.00029 0.15603 0.21365
473.00000 0.00490 0.00016 0.00257 0.00028 0.15667 0.21073
473.10000 0.00481 0.00016 0.00223 0.00026 0.15729 0.20817
473.20000 0.00472 0.00016 0.00194 0.00025 0.15791 0.20597
473.30000 0.00462 0.00016 0.00171 0.00024 0.15854 0.20412
473.40000 0.00452 0.00016 0.00152 0.00024 0.15916 0.20259
473.50000 0.00442 0.00017 0.00136 0.00024 0.15978 0.20133
473.60000 0.00431 0.00017 0.00125 0.00023 0.16040 0.20033
473.70000 0.00420 0.00017 0.00116 0.00023 0.16101 0.19953
473.80000 0.00409 0.00017 0.00110 0.00024 0.16163 0.19892
473.90000 0.00398 0.00018 0.00106 0.00024 0.16223 0.19845
474.00000 0.00387 0.00018 0.00103 0.00025 0.16283 0.19810
474.10000 0.00375 0.00018 0.00101 0.00026 0.16342 0.19784
474.20000 0.00364 0.00019 0.00100 0.00027 0.16402 0.19765
474.30000 0.00353 0.00019 0.00100 0.00028 0.16461 0.19752
474.40000 0.00343 0.00019 0.00099 0.00031 0.16519 0.19742
474.50000 0.00332 0.00019 0.00097 0.00033 0.16579 0.19736
474.60000 0.00322 0.00020 0.00096 0.00036 0.16638 0.19733
474.70000 0.00312 0.00020 0.00093 0.00040 0.16697 0.19733
474.80000 0.00303 0.00020 0.00090 0.00045 0.16757 0.19737
474.90000 0.00294 0.00021 0.00086 0.00051 0.16815 0.19745
475.00000 0.00286 0.00021 0.00081 0.00057 0.16873 0.19759
475.10000 0.00278 0.00021 0.00076 0.00065 0.16933 0.19782
475.20000 0.00271 0.00022 0.00071 0.00074 0.16992 0.19815
475.30000 0.00264 0.00022 0.00065 0.00084 0.17052 0.19860
475.40000 0.00258 0.00022 0.00059 0.00096 0.17111 0.19918
475.50000 0.00252 0.00023 0.00054 0.00109 0.17171 0.19992
475.60000 0.00246 0.00023 0.00049 0.00124 0.17232 0.20082
475.70000 0.00241 0.00024 0.00044 0.00139 0.17293 0.20188
475.80000 0.00237 0.00024 0.00039 0.00157 0.17354 0.20311
475.90000 0.00233 0.00024 0.00035 0.00176 0.17416 0.20451
476.00000 0.00229 0.00025 0.00032 0.00195 0.17478 0.20605
476.10000 0.00225 0.00025 0.00029 0.00217 0.17541 0.20774
476.20000 0.00221 0.00026 0.00027 0.00238 0.17603 0.20954
476.30000 0.00218 0.00026 0.00025 0.00261 0.17666 0.21145
476.40000 0.00215 0.00027 0.00023 0.00284 0.17729 0.21342
476.50000 0.00211 0.00027 0.00022 0.00308 0.17793 0.21543
476.60000 0.00208 0.00028 0.00021 0.00330 0.17856 0.21745
476.70000 0.00205 0.00028 0.00021 0.00352 0.17920 0.21942
476.80000 0.00201 0.00029 0.00020 0.00373 0.17984 0.22130
476.90000 0.00198 0.00029 0.00020 0.00391 0.18049 0.22305
477.00000 0.00194 0.00030 0.00020 0.00407 0.18114 0.22461
477.10000 0.00191 0.00031 0.00020 0.00419 0.18180 0.22593
477.20000 0.00187 0.00031 0.00021 0.00428 0.18246 0.22696
477.30000 0.00183 0.00032 0.00021 0.00432 0.18312 0.22766
477.40000 0.00179 0.00033 0.00021 0.00431 0.18379 0.22800
477.50000 0.00174 0.00033 0.00021 0.00425 0.18445 0.22798
477.60000 0.00170 0.00034 0.00021 0.00414 0.18512 0.22760
477.70000 0.00165 0.00035 0.00021 0.00399 0.18577 0.22686
477.80000 0.00161 0.00035 0.00021 0.00379 0.18643 0.22581
477.90000 0.00156 0.00036 0.00021 0.00357 0.18709 0.22450
478.00000 0.00151 0.00037 0.00021 0.00331 0.18775 0.22300
478.10000 0.00146 0.00038 0.00021 0.00304 0.18842 0.22138
478.20000 0.00142 0.00039 0.00020 0.00275 0.18909 0.21969
478.30000 0.00137 0.00040 0.00020 0.00247 0.18975 0.21799
478.40000 0.00132 0.00041 0.00020 0.00220 0.19041 0.21636
478.50000 0.00128 0.00042 0.00019 0.00194 0.19106 0.21483
478.60000 0.00124 0.00043 0.00019 0.00170 0.19172 0.21345
478.70000 0.00119 0.00044 0.00019 0.00148 0.19236 0.21224
478.80000 0.00115 0.00045 0.00018 0.00128 0.19301 0.21123
478.90000 0.00111 0.00046 0.00018 0.00111 0.19364 0.21041
479.00000 0.00107 0.00047 0.00018 0.00097 0.19428 0.20978
479.10000 0.00103 0.00048 0.00018 0.00085 0.19490 0.20934
479.20000 0.00100 0.00050 0.00017 0.00076 0.19553 0.20907
479.30000 0.00096 0.00051 0.00017 0.00068 0.19616 0.20896
479.40000 0.00093 0.00052 0.00017 0.00062 0.19679 0.20900
479.50000 0.00090 0.00054 0.00016 0.00058 0.19741 0.20914
479.60000 0.00087 0.00055 0.00016 0.00055 0.19803 0.20939
479.70000 0.00084 0.00057 0.00016 0.00053 0.19865 0.20972
479.80000 0.00082 0.00058 0.00015 0.00052 0.19927 0.21011
479.90000 0.00079 0.00060 0.00014 0.00051 0.19989 0.21055
480.00000 0.00076 0.00062 0.00014 0.00050 0.20051 0.21102
480.10000 0.00074 0.00064 0.00013 0.00050 0.20111 0.21150
480.20000 0.00072 0.00066 0.00012 0.00049 0.20171 0.21199
480.30000 0.00070 0.00068 0.00012 0.00049 0.20230 0.21246
480.40000 0.00068 0.00070 0.00011 0.00048 0.20289 0.21293
480.50000 0.00066 0.00072 0.00010 0.00047 0.20348 0.21340
480.60000 0.00064 0.00075 0.00010 0.00045 0.20407 0.21385
480.70000 0.00062 0.00077 0.00009 0.00043 0.20466 0.21430
480.80000 0.00061 0.00080 0.00009 0.00041 0.20525 0.21475
480.90000 0.00059 0.00083 0.00008 0.00038 0.20584 0.21520
481.00000 0.00058 0.00086 0.00008 0.00035 0.20644 0.21566
481.10000 0.00056 0.00089 0.00007 0.00033 0.20703 0.21613
481.20000 0.00055 0.00092 0.00007 0.00030 0.20762 0.21662
481.30000 0.00053 0.00096 0.00007 0.00027 0.20821 0.21714
481.40000 0.00052 0.00100 0.00007 0.00024 0.20880 0.21770
481.50000 0.00051 0.00104 0.00007 0.00022 0.20939 0.21829
481.60000 0.00050 0.00108 0.00006 0.00020 0.20998 0.21892
481.70000 0.00049 0.00113 0.00006 0.00018 0.21058 0.21961
481.80000 0.00047 0.00118 0.00006 0.00016 0.21118 0.22034
481.90000 0.00046 0.00123 0.00006 0.00015 0.21179 0.22113
482.00000 0.00045 0.00128 0.00006 0.00013 0.21239 0.22197
482.10000 0.00044 0.00134 0.00006 0.00012 0.21300 0.22286
482.20000 0.00044 0.00141 0.00006 0.00012 0.21362 0.22381
482.30000 0.00043 0.00148 0.00006 0.00011 0.21423 0.22481
482.40000 0.00042 0.00155 0.00007 0.00011 0.21484 0.22587
482.50000 0.00041 0.00164 0.00007 0.00010 0.21544 0.22698
482.60000 0.00040 0.00172 0.00007 0.00010 0.21605 0.22816
482.70000 0.00039 0.00182 0.00007 0.00010 0.21668 0.22944
482.80000 0.00039 0.00192 0.00008 0.00010 0.21732 0.23079
482.90000 0.00038 0.00204 0.00008 0.00010 0.21795 0.23222
483.00000 0.00037 0.00216 0.00009 0.00010 0.21859 0.23373
483.10000 0.00037 0.00230 0.00009 0.00010 0.21925 0.23536
483.20000 0.00036 0.00245 0.00010 0.00011 0.21991 0.23708
483.30000 0.00035 0.00261 0.00010 0.00011 0.22057 0.23892
483.40000 0.00035 0.00279 0.00011 0.00011 0.22124 0.24088
483.50000 0.00034 0.00299 0.00011 0.00011 0.22193 0.24299
483.60000 0.00034 0.00321 0.00012 0.00011 0.22262 0.24524
483.70000 0.00033 0.00345 0.00012 0.00011 0.22334 0.24767
483.80000 0.00032 0.00372 0.00013 0.00011 0.22406 0.25026
483.90000 0.00032 0.00401 0.00013 0.00010 0.22480 0.25306
484.00000 0.00031 0.00433 0.00013 0.00010 0.22554 0.25606
484.10000 0.00031 0.00468 0.00013 0.00010 0.22631 0.25929
484.20000 0.00030 0.00507 0.00012 0.00010 0.22708 0.26274
484.30000 0.00030 0.00548 0.00012 0.00010 0.22790 0.26646
484.40000 0.00029 0.00593 0.00011 0.00010 0.22871 0.27041
484.50000 0.00029 0.00641 0.00011 0.00009 0.22955 0.27462
484.60000 0.00029 0.00692 0.00010 0.00009 0.23039 0.27905
484.70000 0.00028 0.00746 0.00010 0.00009 0.23128 0.28373
484.80000 0.00028 0.00802 0.00009 0.00009 0.23217 0.28857
484.90000 0.00027 0.00860 0.00008 0.00009 0.23310 0.29358
485.00000 0.00027 0.00919 0.00008 0.00009 0.23402 0.29867
485.10000 0.00027 0.00979 0.00007 0.00009 0.23498 0.30382
485.20000 0.00026 0.01037 0.00006 0.00008 0.23593 0.30893
485.30000 0.00026 0.01094 0.00006 0.00008 0.23694 0.31396
485.40000 0.00025 0.01149 0.00006 0.00008 0.23794 0.31880
485.50000 0.00025 0.01200 0.00005 0.00008 0.23896 0.32339
485.60000 0.00025 0.01245 0.00005 0.00008 0.23998 0.32764
485.70000 0.00024 0.01286 0.00005 0.00007 0.24104 0.33152
485.80000 0.00024 0.01320 0.00004 0.00007 0.24209 0.33493
485.90000 0.00024 0.01346 0.00004 0.00007 0.24316 0.33786
486.00000 0.00023 0.01366 0.00004 0.00006 0.24424 0.34027
486.10000 0.00023 0.01378 0.00004 0.00006 0.24533 0.34217
486.20000 0.00023 0.01384 0.00004 0.00005 0.24641 0.34355
486.30000 0.00023 0.01382 0.00004 0.00005 0.24751 0.34445
486.40000 0.00022 0.01374 0.00004 0.00005 0.24860 0.34491
486.50000 0.00022 0.01361 0.00004 0.00005 0.24969 0.34497
486.60000 0.00022 0.01343 0.00004 0.00004 0.25078 0.34470
486.70000 0.00021 0.01322 0.00003 0.00004 0.25186 0.34416
486.80000 0.00021 0.01298 0.00003 0.00004 0.25294 0.34343
486.90000 0.00021 0.01271 0.00003 0.00004 0.25399 0.34253
487.00000 0.00021 0.01244 0.00003 0.00004 0.25504 0.34155
487.10000 0.00020 0.01216 0.00003 0.00003 0.25609 0.34053
487.20000 0.00020 0.01188 0.00003 0.00003 0.25714 0.33950
487.30000 0.00020 0.01160 0.00003 0.00003 0.25818 0.33847
487.40000 0.00020 0.01133 0.00003 0.00003 0.25921 0.33748
487.50000 0.00020 0.01106 0.00003 0.00003 0.26021 0.33647
487.60000 0.00019 0.01079 0.00003 0.00003 0.26121 0.33548
487.70000 0.00019 0.01052 0.00003 0.00003 0.26218 0.33447
487.80000 0.00019 0.01026 0.00003 0.00003 0.26314 0.33346
487.90000 0.00019 0.00999 0.00003 0.00003 0.26409 0.33242
488.00000 0.00018 0.00971 0.00003 0.00003 0.26504 0.33134
488.10000 0.00018 0.00943 0.00003 0.00003 0.26598 0.33020
488.20000 0.00018 0.00914 0.00003 0.00003 0.26691 0.32902
488.30000 0.00018 0.00885 0.00003 0.00003 0.26782 0.32777
488.40000 0.00018 0.00854 0.00003 0.00004 0.26874 0.32647
488.50000 0.00017 0.00824 0.00003 0.00004 0.26962 0.32512
488.60000 0.00017 0.00793 0.00003 0.00004 0.27050 0.32375
488.70000 0.00017 0.00762 0.00003 0.00004 0.27136 0.32236
488.80000 0.00017 0.00731 0.00003 0.00004 0.27223 0.32098
488.90000 0.00017 0.00701 0.00003 0.00005 0.27308 0.31963
489.00000 0.00017 0.00672 0.00003 0.00005 0.27392 0.31832
489.10000 0.00016 0.00643 0.00003 0.00005 0.27475 0.31707
489.20000 0.00016 0.00616 0.00003 0.00005 0.27557 0.31590
489.30000 0.00016 0.00589 0.00003 0.00006 0.27640 0.31482
489.40000 0.00016 0.00565 0.00003 0.00006 0.27722 0.31383
489.50000 0.00016 0.00541 0.00003 0.00006 0.27801 0.31292
489.60000 0.00016 0.00520 0.00003 0.00006 0.27880 0.31212
489.70000 0.00015 0.00499 0.00003 0.00006 0.27958 0.31141
489.80000 0.00015 0.00481 0.00003 0.00006 0.28035 0.31080
489.90000 0.00015 0.00463 0.00003 0.00006 0.28113 0.31029
490.00000 0.00015 0.00448 0.00002 0.00006 0.28190 0.30988
490.10000 0.00015 0.00433 0.00002 0.00006 0.28267 0.30956
490.20000 0.00015 0.00420 0.00002 0.00006 0.28343 0.30932
490.30000 0.00015 0.00408 0.00002 0.00005 0.28418 0.30915
490.40000 0.00014 0.00397 0.00002 0.00005 0.28493 0.30907
490.50000 0.00014 0.00388 0.00002 0.00005 0.28568 0.30907
490.60000 0.00014 0.00379 0.00002 0.00004 0.28643 0.30914
490.70000 0.00014 0.00372 0.00002 0.00004 0.28717 0.30929
490.80000 0.00014 0.00365 0.00002 0.00004 0.28792 0.30952
490.90000 0.00014 0.00360 0.00002 0.00004 0.28865 0.30981
491.00000 0.00014 0.00355 0.00002 0.00003 0.28938 0.31017
491.10000 0.00013 0.00352 0.00002 0.00003 0.29010 0.31060
491.20000 0.00013 0.00349 0.00002 0.00003 0.29083 0.31110
491.30000 0.00013 0.00348 0.00002 0.00003 0.29155 0.31167
491.40000 0.00013 0.00347 0.00002 0.00002 0.29227 0.31232
491.50000 0.00013 0.00348 0.00002 0.00002 0.29297 0.31301
491.60000 0.00013 0.00349 0.00002 0.00002 0.29367 0.31378
491.70000 0.00013 0.00351 0.00002 0.00002 0.29438 0.31461
491.80000 0.00013 0.00354 0.00002 0.00002 0.29508 0.31549
491.90000 0.00013 0.00358 0.00002 0.00002 0.29578 0.31643
492.00000 0.00012 0.00362 0.00002 0.00002 0.29648 0.31740
492.10000 0.00012 0.00367 0.00002 0.00002 0.29719 0.31842
492.20000 0.00012 0.00372 0.00002 0.00002 0.29790 0.31945
492.30000 0.00012 0.00377 0.00002 0.00002 0.29860 0.32049
492.40000 0.00012 0.00382 0.00002 0.00002 0.29930 0.32152
492.50000 0.00012 0.00387 0.00002 0.00002 0.30000 0.32255
492.60000 0.00012 0.00391 0.00002 0.00002 0.30070 0.32355
492.70000 0.00012 0.00395 0.00002 0.00002 0.30141 0.32451
492.80000 0.00012 0.00398 0.00002 0.00002 0.30212 0.32542
492.90000 0.00011 0.00400 0.00002 0.00002 0.30281 0.32626
493.00000 0.00011 0.00402 0.00002 0.00002 0.30351 0.32704
493.10000 0.00011 0.00402 0.00002 0.00002 0.30420 0.32773
493.20000 0.00011 0.00402 0.00002 0.00002 0.30489 0.32834
493.30000 0.00011 0.00400 0.00002 0.00002 0.30559 0.32888
493.40000 0.00011 0.00397 0.00002 0.00002 0.30628 0.32934
493.50000 0.00011 0.00393 0.00002 0.00002 0.30697 0.32972
493.60000 0.00011 0.00388 0.00002 0.00002 0.30766 0.33004
493.70000 0.00011 0.00382 0.00002 0.00002 0.30837 0.33030
493.80000 0.00011 0.00376 0.00002 0.00001 0.30907 0.33051
493.90000 0.00011 0.00369 0.00002 0.00001 0.30976 0.33067
494.00000 0.00010 0.00361 0.00002 0.00001 0.31045 0.33081
494.10000 0.00010 0.00354 0.00002 0.00001 0.31114 0.33091
494.20000 0.00010 0.00346 0.00002 0.00001 0.31183 0.33101
494.30000 0.00010 0.00338 0.00002 0.00001 0.31252 0.33111
494.40000 0.00010 0.00330 0.00002 0.00001 0.31320 0.33122
494.50000 0.00010 0.00323 0.00002 0.00001 0.31388 0.33133
494.60000 0.00010 0.00316 0.00002 0.00001 0.31456 0.33147
494.70000 0.00010 0.00309 0.00002 0.00001 0.31524 0.33163
494.80000 0.00010 0.00303 0.00002 0.00001 0.31592 0.33182
494.90000 0.00010 0.00296 0.00002 0.00001 0.31661 0.33204
495.00000 0.00010 0.00291 0.00002 0.00001 0.31730 0.33229
495.10000 0.00010 0.00285 0.00002 0.00001 0.31799 0.33258
495.20000 0.00010 0.00280 0.00002 0.00001 0.31868 0.33288
495.30000 0.00009 0.00276 0.00002 0.00001 0.31936 0.33320
495.40000 0.00009 0.00271 0.00002 0.00001 0.32005 0.33353
495.50000 0.00009 0.00267 0.00002 0.00001 0.32072 0.33386
495.60000 0.00009 0.00262 0.00002 0.00001 0.32139 0.33420
495.70000 0.00009 0.00258 0.00002 0.00001 0.32208 0.33455
495.80000 0.00009 0.00254 0.00002 0.00001 0.32276 0.33491
495.90000 0.00009 0.00250 0.00002 0.00001 0.32343 0.33525
496.00000 0.00009 0.00245 0.00002 0.00001 0.32411 0.33557
496.10000 0.00009 0.00241 0.00002 0.00001 0.32478 0.33590
496.20000 0.00009 0.00236 0.00002 0.00001 0.32546 0.33622
496.30000 0.00009 0.00231 0.00002 0.00001 0.32615 0.33653
496.40000 0.00009 0.00226 0.00002 0.00001 0.32683 0.33683
496.50000 0.00009 0.00221 0.00002 0.00001 0.32752 0.33712
496.60000 0.00009 0.00215 0.00002 0.00001 0.32821 0.33740
496.70000 0.00009 0.00210 0.00002 0.00001 0.32888 0.33765
496.80000 0.00008 0.00204 0.00002 0.00001 0.32956 0.33791
496.90000 0.00008 0.00199 0.00002 0.00001 0.33023 0.33815
497.00000 0.00008 0.00193 0.00002 0.00001 0.33090 0.33840
497.10000 0.00008 0.00188 0.00002 0.00001 0.33158 0.33865
497.20000 0.00008 0.00182 0.00002 0.00001 0.33225 0.33890
497.30000 0.00008 0.00177 0.00002 0.00001 0.33294 0.33917
497.40000 0.00008 0.00171 0.00002 0.00001 0.33364 0.33946
497.50000 0.00008 0.00166 0.00002 0.00001 0.33430 0.33972
497.60000 0.00008 0.00161 0.00002 0.00001 0.33497 0.34000
497.70000 0.00008 0.00156 0.00002 0.00001 0.33565 0.34031
497.80000 0.00008 0.00152 0.00001 0.00001 0.33633 0.34064
497.90000 0.00008 0.00147 0.00001 0.00001 0.33700 0.34097
498.00000 0.00008 0.00143 0.00001 0.00001 0.33767 0.34132
498.10000 0.00008 0.00139 0.00001 0.00001 0.33835 0.34170
498.20000 0.00008 0.00135 0.00001 0.00001 0.33903 0.34209
498.30000 0.00008 0.00132 0.00001 0.00001 0.33971 0.34250
498.40000 0.00008 0.00129 0.00001 0.00001 0.34039 0.34293
498.50000 0.00008 0.00126 0.00001 0.00001 0.34107 0.34338
498.60000 0.00007 0.00123 0.00001 0.00001 0.34176 0.34385
498.70000 0.00007 0.00121 0.00001 0.00001 0.34243 0.34432
498.80000 0.00007 0.00118 0.00001 0.00001 0.34311 0.34481
498.90000 0.00007 0.00116 0.00001 0.00001 0.34378 0.34530
499.00000 0.00007 0.00114 0.00001 0.00001 0.34444 0.34580
499.10000 0.00007 0.00112 0.00001 0.00001 0.34511 0.34632
499.20000 0.00007 0.00111 0.00001 0.00001 0.34578 0.34684
499.30000 0.00007 0.00109 0.00001 0.00001 0.34645 0.34736
499.40000 0.00007 0.00107 0.00001 0.00001 0.34712 0.34790
499.50000 0.00007 0.00106 0.00001 0.00001 0.34779 0.34842
499.60000 0.00007 0.00104 0.00001 0.00001 0.34845 0.34895
499.70000 0.00007 0.00102 0.00001 0.00001 0.34912 0.34948
499.80000 0.00007 0.00101 0.00001 0.00001 0.34979 0.35001
499.90000 0.00007 0.00099 0.00001 0.00001 0.35046 0.35053
500.00000 0.00007 0.00097 0.00001 0.00001 0.35113 0.35105
500.10000 0.00007 0.00095 0.00001 0.00001 0.35180 0.35156
500.20000 0.00007 0.00093 0.00001 0.00001 0.35247 0.35207
500.30000 0.00007 0.00091 0.00001 0.00001 0.35314 0.35258
500.40000 0.00007 0.00089 0.00001 0.00001 0.35381 0.35307
500.50000 0.00007 0.00087 0.00001 0.00001 0.35448 0.35356
500.60000 0.00007 0.00085 0.00001 0.00001 0.35514 0.35405
500.70000 0.00007 0.00083 0.00001 0.00001 0.35581 0.35454
500.80000 0.00007 0.00080 0.00001 0.00001 0.35648 0.35502
500.90000 0.00006 0.00078 0.00001 0.00001 0.35715 0.35550
501.00000 0.00006 0.00076 0.00001 0.00001 0.35782 0.35597
501.10000 0.00006 0.00073 0.00001 0.00001 0.35849 0.35645
501.20000 0.00006 0.00071 0.00001 0.00001 0.35916 0.35693
501.30000 0.00006 0.00069 0.00001 0.00001 0.35983 0.35741
501.40000 0.00006 0.00066 0.00001 0.00001 0.36049 0.35789
501.50000 0.00006 0.00064 0.00001 0.00001 0.36116 0.35838
501.60000 0.00006 0.00062 0.00001 0.00001 0.36183 0.35887
501.70000 0.00006 0.00060 0.00001 0.00001 0.36250 0.35936
501.80000 0.00006 0.00058 0.00001 0.00001 0.36317 0.35986
501.90000 0.00006 0.00056 0.00001 0.00001 0.36384 0.36037
502.00000 0.00006 0.00054 0.00001 0.00001 0.36451 0.36087
502.10000 0.00006 0.00052 0.00001 0.00001 0.36517 0.36139
502.20000 0.00006 0.00050 0.00001 0.00001 0.36584 0.36191
502.30000 0.00006 0.00048 0.00001 0.00001 0.36651 0.36243
502.40000 0.00006 0.00047 0.00001 0.00001 0.36718 0.36297
502.50000 0.00006 0.00045 0.00001 0.00001 0.36785 0.36350
502.60000 0.00006 0.00044 0.00001 0.00001 0.36852 0.36404
502.70000 0.00006 0.00042 0.00001 0.00001 0.36919 0.36459
502.80000 0.00006 0.00041 0.00001 0.00001 0.36986 0.36514
502.90000 0.00006 0.00039 0.00001 0.00001 0.37052 0.36570
503.00000 0.00006 0.00038 0.00001 0.00001 0.37119 0.36626
503.10000 0.00006 0.00037 0.00001 0.00001 0.37186 0.36682
503.20000 0.00006 0.00036 0.00001 0.00001 0.37253 0.36739
503.30000 0.00006 0.00035 0.00001 0.00001 0.37320 0.36797
503.40000 0.00006 0.00034 0.00001 0.00001 0.37387 0.36854
503.50000 0.00006 0.00033 0.00001 0.00001 0.37454 0.36912
503.60000 0.00006 0.00032 0.00001 0.00001 0.37521 0.36971
503.70000 0.00005 0.00031 0.00001 0.00001 0.37587 0.37029
503.80000 0.00005 0.00030 0.00001 0.00001 0.37654 0.37088
503.90000 0.00005 0.00030 0.00001 0.00001 0.37721 0.37147
504.00000 0.00005 0.00029 0.00001 0.00001 0.37788 0.37207
504.10000 0.00005 0.00028 0.00001 0.00001 0.37855 0.37267
504.20000 0.00005 0.00027 0.00001 0.00001 0.37922 0.37326
504.30000 0.00005 0.00027 0.00001 0.00001 0.37989 0.37387
504.40000 0.00005 0.00026 0.00001 0.00001 0.38056 0.37447
504.50000 0.00005 0.00025 0.00001 0.00001 0.38122 0.37508
504.60000 0.00005 0.00025 0.00001 0.00001 0.38189 0.37568
504.70000 0.00005 0.00024 0.00001 0.00001 0.38256 0.37629
504.80000 0.00005 0.00024 0.00001 0.00001 0.38323 0.37690
504.90000 0.00005 0.00023 0.00001 0.00001 0.38390 0.37752
505.00000 0.00005 0.00023 0.00001 0.00001 0.38457 0.37813
505.10000 0.00005 0.00022 0.00001 0.00001 0.38524 0.37875
505.20000 0.00005 0.00022 0.00001 0.00001 0.38591 0.37936
505.30000 0.00005 0.00021 0.00001 0.00001 0.38657 0.37998
505.40000 0.00005 0.00021 0.00001 0.00001 0.38724 0.38060
505.50000 0.00005 0.00020 0.00001 0.00001 0.38791 0.38122
505.60000 0.00005 0.00020 0.00001 0.00001 0.38858 0.38184
505.70000 0.00005 0.00020 0.00001 0.00001 0.38925 0.38246
505.80000 0.00005 0.00019 0.00001 0.00001 0.38992 0.38309
505.90000 0.00005 0.00019 0.00001 0.00001 0.39059 0.38371
506.00000 0.00005 0.00019 0.00001 0.00001 0.39126 0.38433
506.10000 0.00005 0.00018 0.00001 0.00001 0.39192 0.38496
506.20000 0.00005 0.00018 0.00001 0.00001 0.39259 0.38559
506.30000 0.00005 0.00018 0.00001 0.00001 0.39326 0.38621
506.40000 0.00005 0.00017 0.00001 0.00001 0.39393 0.38684
506.50000 0.00005 0.00017 0.00001 0.00001 0.39460 0.38747
506.60000 0.00005 0.00017 0.00001 0.00001 0.39527 0.38810
506.70000 0.00005 0.00016 0.00001 0.00001 0.39594 0.38873
506.80000 0.00005 0.00016 0.00001 0.00001 0.39661 0.38936
506.90000 0.00005 0.00016 0.00001 0.00001 0.39727 0.38999
507.00000 0.00005 0.00016 0.00001 0.00001 0.39794 0.39062
507.10000 0.00005 0.00015 0.00001 0.00001 0.39861 0.39126
507.20000 0.00005 0.00015 0.00001 0.00001 0.39928 0.39189
507.30000 0.00005 0.00015 0.00001 0.00001 0.39995 0.39252
507.40000 0.00005 0.00015 0.00001 0.00001 0.40062 0.39316
507.50000 0.00004 0.00015 0.00001 0.00001 0.40129 0.39379
507.60000 0.00004 0.00014 0.00001 0.00001 0.40196 0.39443
507.70000 0.00004 0.00014 0.00001 0.00001 0.40262 0.39506
507.80000 0.00004 0.00014 0.00001 0.00001 0.40329 0.39570
507.90000 0.00004 0.00014 0.00001 0.00001 0.40396 0.39633
508.00000 0.00004 0.00013 0.00001 0.00001 0.40463 0.39697
508.10000 0.00004 0.00013 0.00001 0.00001 0.40530 0.39760
508.20000 0.00004 0.00013 0.00001 0.00001 0.40597 0.39824
508.30000 0.00004 0.00013 0.00001 0.00001 0.40664 0.39888
508.40000 0.00004 0.00013 0.00001 0.00001 0.40730 0.39952
508.50000 0.00004 0.00013 0.00001 0.00001 0.40797 0.40015
508.60000 0.00004 0.00012 0.00001 0.00001 0.40864 0.40079
508.70000 0.00004 0.00012 0.00001 0.00001 0.40931 0.40143
508.80000 0.00004 0.00012 0.00001 0.00001 0.40998 0.40207
508.90000 0.00004 0.00012 0.00001 0.00001 0.41065 0.40271
509.00000 0.00004 0.00012 0.00001 0.00001 0.41132 0.40335
509.10000 0.00004 0.00012 0.00001 0.00001 0.41199 0.40399
509.20000 0.00004 0.00011 0.00001 0.00001 0.41265 0.40463
509.30000 0.00004 0.00011 0.00001 0.00001 0.41332 0.40527
509.40000 0.00004 0.00011 0.00001 0.00001 0.41399 0.40591
509.50000 0.00004 0.00011 0.00001 0.00001 0.41466 0.40655
509.60000 0.00004 0.00011 0.00001 0.00001 0.41533 0.40719
509.70000 0.00004 0.00011 0.00001 0.00001 0.41600 0.40783
509.80000 0.00004 0.00011 0.00001 0.00001 0.41667 0.40847
509.90000 0.00004 0.00010 0.00001 0.00001 0.41734 0.40911
510.00000 0.00004 0.00010 0.00001 0.00001 0.41800 0.40976
