-5.00000 0.00028
-4.90000 0.00029
-4.80000 0.00030
-4.70000 0.00031
-4.60000 0.00032
-4.50000 0.00034
-4.40000 0.00035
-4.30000 0.00037
-4.20000 0.00038
-4.10000 0.00040
-4.00000 0.00041
-3.90000 0.00043
-3.80000 0.00045
-3.70000 0.00047
-3.60000 0.00049
-3.50000 0.00052
-3.40000 0.00054
-3.30000 0.00057
-3.20000 0.00060
-3.10000 0.00063
-3.00000 0.00066
-2.90000 0.00070
-2.80000 0.00074
-2.70000 0.00078
-2.60000 0.00083
-2.50000 0.00088
-2.40000 0.00094
-2.30000 0.00101
-2.20000 0.00108
-2.10000 0.00116
-2.00000 0.00125
-1.90000 0.00136
-1.80000 0.00148
-1.70000 0.00161
-1.60000 0.00178
-1.50000 0.00197
-1.40000 0.00220
-1.30000 0.00247
-1.20000 0.00280
-1.10000 0.00321
-1.00000 0.00370
-0.90000 0.00429
-0.80000 0.00500
-0.70000 0.00587
-0.60000 0.00689
-0.50000 0.00811
-0.40000 0.00952
-0.30000 0.01114
-0.20000 0.01296
-0.10000 0.01498
0.00000 0.01717
0.10000 0.01948
0.20000 0.02188
0.30000 0.02429
0.40000 0.02665
0.50000 0.02888
0.60000 0.03092
0.70000 0.03271
0.80000 0.03421
0.90000 0.03537
1.00000 0.03620
1.10000 0.03668
1.20000 0.03684
1.30000 0.03670
1.40000 0.03628
1.50000 0.03562
1.60000 0.03473
1.70000 0.03364
1.80000 0.03237
1.90000 0.03094
2.00000 0.02936
2.10000 0.02765
2.20000 0.02586
2.30000 0.02400
2.40000 0.02212
2.50000 0.02026
2.60000 0.01845
2.70000 0.01673
2.80000 0.01512
2.90000 0.01365
3.00000 0.01233
3.10000 0.01116
3.20000 0.01013
3.30000 0.00923
3.40000 0.00844
3.50000 0.00775
3.60000 0.00715
3.70000 0.00660
3.80000 0.00611
3.90000 0.00565
4.00000 0.00522
4.10000 0.00482
4.20000 0.00443
4.30000 0.00406
4.40000 0.00370
4.50000 0.00337
4.60000 0.00306
4.70000 0.00276
4.80000 0.00250
4.90000 0.00225
5.00000 0.00203
5.10000 0.00183
5.20000 0.00166
5.30000 0.00150
5.40000 0.00137
5.50000 0.00125
5.60000 0.00115
5.70000 0.00106
5.80000 0.00098
5.90000 0.00091
6.00000 0.00085
6.10000 0.00080
6.20000 0.00075
6.30000 0.00071
6.40000 0.00068
6.50000 0.00065
6.60000 0.00062
6.70000 0.00060
6.80000 0.00058
6.90000 0.00056
7.00000 0.00055
7.10000 0.00054
7.20000 0.00053
7.30000 0.00052
7.40000 0.00052
7.50000 0.00051
7.60000 0.00051
7.70000 0.00050
7.80000 0.00050
7.90000 0.00050
8.00000 0.00049
8.10000 0.00049
8.20000 0.00048
8.30000 0.00048
8.40000 0.00047
8.50000 0.00046
8.60000 0.00045
8.70000 0.00044
8.80000 0.00043
8.90000 0.00042
9.00000 0.00041
9.10000 0.00040
9.20000 0.00039
9.30000 0.00037
9.40000 0.00036
9.50000 0.00035
9.60000 0.00034
9.70000 0.00033
9.80000 0.00032
9.90000 0.00030
10.00000 0.00029
10.10000 0.00028
10.20000 0.00027
10.30000 0.00026
10.40000 0.00025
10.50000 0.00023
10.60000 0.00022
10.70000 0.00021
10.80000 0.00020
10.90000 0.00019
11.00000 0.00018
11.10000 0.00017
11.20000 0.00016
11.30000 0.00016
11.40000 0.00015
11.50000 0.00014
11.60000 0.00014
11.70000 0.00013
11.80000 0.00013
11.90000 0.00012
12.00000 0.00012
12.10000 0.00011
12.20000 0.00011
12.30000 0.00011
12.40000 0.00010
12.50000 0.00010
12.60000 0.00010
12.70000 0.00010
12.80000 0.00009
12.90000 0.00009
13.00000 0.00009
13.10000 0.00009
13.20000 0.00009
13.30000 0.00009
13.40000 0.00009
13.50000 0.00009
13.60000 0.00009
13.70000 0.00009
13.80000 0.00009
13.90000 0.00009
14.00000 0.00009
14.10000 0.00009
14.20000 0.00009
14.30000 0.00009
14.40000 0.00009
14.50000 0.00010
14.60000 0.00010
14.70000 0.00010
14.80000 0.00011
14.90000 0.00011
15.00000 0.00011
15.10000 0.00012
15.20000 0.00012
15.30000 0.00012
15.40000 0.00012
15.50000 0.00013
15.60000 0.00013
15.70000 0.00013
15.80000 0.00013
15.90000 0.00012
16.00000 0.00012
16.10000 0.00012
16.20000 0.00012
16.30000 0.00011
16.40000 0.00011
16.50000 0.00010
16.60000 0.00010
16.70000 0.00009
16.80000 0.00009
16.90000 0.00008
17.00000 0.00008
17.10000 0.00007
17.20000 0.00007
17.30000 0.00007
17.40000 0.00006
17.50000 0.00006
17.60000 0.00006
17.70000 0.00006
17.80000 0.00006
17.90000 0.00006
18.00000 0.00005
18.10000 0.00005
18.20000 0.00005
18.30000 0.00005
18.40000 0.00005
18.50000 0.00005
18.60000 0.00005
18.70000 0.00005
18.80000 0.00005
18.90000 0.00005
19.00000 0.00005
19.10000 0.00005
19.20000 0.00005
19.30000 0.00005
19.40000 0.00005
19.50000 0.00005
19.60000 0.00005
19.70000 0.00004
19.80000 0.00004
19.90000 0.00004
20.00000 0.00004
20.10000 0.00004
20.20000 0.00004
20.30000 0.00004
20.40000 0.00004
20.50000 0.00004
20.60000 0.00003
20.70000 0.00003
20.80000 0.00003
20.90000 0.00003
21.00000 0.00003
21.10000 0.00003
21.20000 0.00002
21.30000 0.00002
21.40000 0.00002
21.50000 0.00002
21.60000 0.00002
21.70000 0.00002
21.80000 0.00002
21.90000 0.00002
22.00000 0.00001
22.10000 0.00001
22.20000 0.00001
22.30000 0.00001
22.40000 0.00001
22.50000 0.00001
22.60000 0.00001
22.70000 0.00001
22.80000 0.00001
22.90000 0.00001
23.00000 0.00001
23.10000 0.00001
23.20000 0.00001
23.30000 0.00001
23.40000 0.00001
23.50000 0.00000
23.60000 0.00000
23.70000 0.00000
23.80000 0.00000
23.90000 0.00000
24.00000 0.00000
24.10000 0.00000
24.20000 0.00000
24.30000 0.00000
24.40000 0.00000
24.50000 0.00000
24.60000 0.00000
24.70000 0.00000
24.80000 0.00000
24.90000 0.00000
25.00000 0.00000
