-5.00000 0.00000 0.00000
-4.90000 0.00001 0.00007
-4.80000 0.00001 0.00014
-4.70000 0.00002 0.00021
-4.60000 0.00003 0.00029
-4.50000 0.00003 0.00037
-4.40000 0.00004 0.00045
-4.30000 0.00005 0.00054
-4.20000 0.00005 0.00063
-4.10000 0.00006 0.00073
-4.00000 0.00007 0.00083
-3.90000 0.00007 0.00094
-3.80000 0.00008 0.00105
-3.70000 0.00008 0.00116
-3.60000 0.00009 0.00129
-3.50000 0.00010 0.00142
-3.40000 0.00010 0.00156
-3.30000 0.00011 0.00171
-3.20000 0.00012 0.00186
-3.10000 0.00012 0.00203
-3.00000 0.00013 0.00221
-2.90000 0.00014 0.00240
-2.80000 0.00014 0.00261
-2.70000 0.00015 0.00283
-2.60000 0.00015 0.00306
-2.50000 0.00016 0.00333
-2.40000 0.00016 0.00361
-2.30000 0.00017 0.00393
-2.20000 0.00018 0.00428
-2.10000 0.00019 0.00467
-2.00000 0.00019 0.00510
-1.90000 0.00021 0.00560
-1.80000 0.00021 0.00618
-1.70000 0.00022 0.00686
-1.60000 0.00022 0.00768
-1.50000 0.00024 0.00871
-1.40000 0.00024 0.01001
-1.30000 0.00025 0.01170
-1.20000 0.00026 0.01395
-1.10000 0.00028 0.01699
-1.00000 0.00030 0.02111
-0.90000 0.00032 0.02667
-0.80000 0.00034 0.03413
-0.70000 0.00038 0.04399
-0.60000 0.00043 0.05682
-0.50000 0.00050 0.07315
-0.40000 0.00060 0.09341
-0.30000 0.00078 0.11792
-0.20000 0.00105 0.14669
-0.10000 0.00141 0.17941
0.00000 0.00192 0.21538
0.10000 0.00261 0.25354
0.20000 0.00354 0.29244
0.30000 0.00468 0.33036
0.40000 0.00602 0.36550
0.50000 0.00755 0.39619
0.60000 0.00933 0.42115
0.70000 0.01120 0.43944
0.80000 0.01318 0.45085
0.90000 0.01525 0.45580
1.00000 0.01747 0.45532
1.10000 0.01973 0.45066
1.20000 0.02202 0.44326
1.30000 0.02437 0.43454
1.40000 0.02671 0.42546
1.50000 0.02909 0.41664
1.60000 0.03144 0.40813
1.70000 0.03377 0.39964
1.80000 0.03598 0.39054
1.90000 0.03815 0.38034
2.00000 0.04025 0.36860
2.10000 0.04230 0.35523
2.20000 0.04424 0.34048
2.30000 0.04614 0.32505
2.40000 0.04791 0.30976
2.50000 0.04964 0.29578
2.60000 0.05130 0.28416
2.70000 0.05295 0.27589
2.80000 0.05459 0.27165
2.90000 0.05629 0.27189
3.00000 0.05795 0.27651
3.10000 0.05964 0.28526
3.20000 0.06142 0.29755
3.30000 0.06327 0.31247
3.40000 0.06517 0.32894
3.50000 0.06708 0.34587
3.60000 0.06907 0.36236
3.70000 0.07109 0.37767
3.80000 0.07318 0.39151
3.90000 0.07531 0.40403
4.00000 0.07750 0.41588
4.10000 0.07965 0.42801
4.20000 0.08184 0.44189
4.30000 0.08408 0.45902
4.40000 0.08635 0.48078
4.50000 0.08860 0.50822
4.60000 0.09094 0.54205
4.70000 0.09329 0.58221
4.80000 0.09574 0.62810
4.90000 0.09825 0.67841
5.00000 0.10086 0.73133
5.10000 0.10359 0.78465
5.20000 0.10642 0.83599
5.30000 0.10939 0.88303
5.40000 0.11254 0.92374
5.50000 0.11580 0.95646
5.60000 0.11919 0.98020
5.70000 0.12261 0.99455
5.80000 0.12617 1.00000
5.90000 0.12976 0.99746
6.00000 0.13339 0.98845
6.10000 0.13703 0.97477
6.20000 0.14065 0.95834
6.30000 0.14432 0.94111
6.40000 0.14793 0.92458
6.50000 0.15149 0.90997
6.60000 0.15506 0.89804
6.70000 0.15862 0.88902
6.80000 0.16202 0.88248
6.90000 0.16549 0.87793
7.00000 0.16882 0.87421
7.10000 0.17211 0.87024
7.20000 0.17532 0.86482
7.30000 0.17840 0.85679
7.40000 0.18141 0.84531
7.50000 0.18424 0.82968
7.60000 0.18696 0.80966
7.70000 0.18959 0.78532
7.80000 0.19209 0.75697
7.90000 0.19448 0.72522
8.00000 0.19673 0.69083
8.10000 0.19886 0.65474
8.20000 0.20095 0.61794
8.30000 0.20293 0.58126
8.40000 0.20483 0.54552
8.50000 0.20664 0.51137
8.60000 0.20838 0.47935
8.70000 0.21006 0.44978
8.80000 0.21170 0.42288
8.90000 0.21331 0.39874
9.00000 0.21487 0.37729
9.10000 0.21644 0.35846
9.20000 0.21792 0.34200
9.30000 0.21939 0.32782
9.40000 0.22083 0.31570
9.50000 0.22230 0.30549
9.60000 0.22370 0.29696
9.70000 0.22508 0.28994
9.80000 0.22644 0.28433
9.90000 0.22778 0.27996
10.00000 0.22903 0.27662
10.10000 0.23034 0.27435
10.20000 0.23161 0.27292
10.30000 0.23286 0.27225
10.40000 0.23407 0.27221
10.50000 0.23527 0.27274
10.60000 0.23644 0.27371
10.70000 0.23761 0.27505
10.80000 0.23875 0.27663
10.90000 0.23993 0.27841
11.00000 0.24110 0.28022
11.10000 0.24225 0.28195
11.20000 0.24340 0.28352
11.30000 0.24458 0.28487
11.40000 0.24578 0.28590
11.50000 0.24701 0.28660
11.60000 0.24824 0.28691
11.70000 0.24945 0.28682
11.80000 0.25067 0.28640
11.90000 0.25188 0.28569
12.00000 0.25313 0.28480
12.10000 0.25433 0.28372
12.20000 0.25556 0.28260
12.30000 0.25677 0.28146
12.40000 0.25795 0.28034
12.50000 0.25913 0.27933
12.60000 0.26033 0.27848
12.70000 0.26151 0.27776
12.80000 0.26268 0.27721
12.90000 0.26384 0.27683
13.00000 0.26498 0.27661
13.10000 0.26608 0.27652
13.20000 0.26724 0.27668
13.30000 0.26834 0.27691
13.40000 0.26941 0.27726
13.50000 0.27053 0.27779
13.60000 0.27163 0.27840
13.70000 0.27271 0.27910
13.80000 0.27380 0.27988
13.90000 0.27491 0.28076
14.00000 0.27602 0.28170
14.10000 0.27716 0.28272
14.20000 0.27829 0.28377
14.30000 0.27942 0.28486
14.40000 0.28052 0.28594
14.50000 0.28166 0.28709
14.60000 0.28281 0.28826
14.70000 0.28398 0.28944
14.80000 0.28514 0.29062
14.90000 0.28631 0.29179
15.00000 0.28752 0.29297
15.10000 0.28873 0.29412
15.20000 0.28994 0.29523
15.30000 0.29115 0.29630
15.40000 0.29236 0.29734
15.50000 0.29357 0.29833
15.60000 0.29478 0.29928
15.70000 0.29599 0.30022
15.80000 0.29720 0.30113
15.90000 0.29841 0.30204
16.00000 0.29962 0.30294
16.10000 0.30083 0.30386
16.20000 0.30204 0.30479
16.30000 0.30324 0.30574
16.40000 0.30445 0.30672
16.50000 0.30566 0.30772
16.60000 0.30687 0.30875
16.70000 0.30808 0.30979
16.80000 0.30929 0.31086
16.90000 0.31050 0.31195
17.00000 0.31171 0.31306
17.10000 0.31292 0.31418
17.20000 0.31413 0.31531
17.30000 0.31534 0.31645
17.40000 0.31655 0.31760
17.50000 0.31776 0.31876
17.60000 0.31897 0.31992
17.70000 0.32018 0.32109
17.80000 0.32139 0.32226
17.90000 0.32260 0.32344
18.00000 0.32381 0.32461
18.10000 0.32502 0.32579
18.20000 0.32623 0.32697
18.30000 0.32744 0.32815
18.40000 0.32865 0.32933
18.50000 0.32986 0.33052
18.60000 0.33107 0.33170
18.70000 0.33228 0.33288
18.80000 0.33349 0.33406
18.90000 0.33470 0.33525
19.00000 0.33591 0.33643
19.10000 0.33712 0.33761
19.20000 0.33833 0.33880
19.30000 0.33954 0.33999
19.40000 0.34075 0.34117
19.50000 0.34196 0.34236
19.60000 0.34317 0.34355
19.70000 0.34438 0.34474
19.80000 0.34559 0.34593
19.90000 0.34680 0.34712
20.00000 0.34801 0.34831
20.10000 0.34922 0.34951
20.20000 0.35043 0.35070
20.30000 0.35164 0.35190
20.40000 0.35285 0.35309
20.50000 0.35406 0.35429
20.60000 0.35527 0.35549
20.70000 0.35647 0.35669
20.80000 0.35768 0.35788
20.90000 0.35889 0.35908
21.00000 0.36010 0.36028
21.10000 0.36131 0.36148
21.20000 0.36252 0.36268
21.30000 0.36373 0.36388
21.40000 0.36494 0.36508
21.50000 0.36615 0.36629
21.60000 0.36736 0.36749
21.70000 0.36857 0.36869
21.80000 0.36978 0.36989
21.90000 0.37099 0.37110
22.00000 0.37220 0.37230
22.10000 0.37341 0.37350
22.20000 0.37462 0.37471
22.30000 0.37583 0.37591
22.40000 0.37704 0.37712
22.50000 0.37825 0.37832
22.60000 0.37946 0.37953
22.70000 0.38067 0.38073
22.80000 0.38188 0.38194
22.90000 0.38309 0.38314
23.00000 0.38430 0.38435
23.10000 0.38551 0.38555
23.20000 0.38672 0.38676
23.30000 0.38793 0.38797
23.40000 0.38914 0.38917
23.50000 0.39035 0.39038
23.60000 0.39156 0.39159
23.70000 0.39277 0.39279
23.80000 0.39398 0.39400
23.90000 0.39519 0.39521
24.00000 0.39640 0.39641
24.10000 0.39761 0.39762
24.20000 0.39882 0.39883
24.30000 0.40003 0.40004
24.40000 0.40124 0.40124
24.50000 0.40245 0.40245
24.60000 0.40366 0.40366
24.70000 0.40487 0.40487
24.80000 0.40608 0.40608
24.90000 0.40729 0.40729
25.00000 0.40850 0.40850
