-5.00000 0.00301
-4.90000 0.00312
-4.80000 0.00323
-4.70000 0.00335
-4.60000 0.00348
-4.50000 0.00361
-4.40000 0.00375
-4.30000 0.00390
-4.20000 0.00406
-4.10000 0.00422
-4.00000 0.00440
-3.90000 0.00458
-3.80000 0.00478
-3.70000 0.00499
-3.60000 0.00521
-3.50000 0.00545
-3.40000 0.00571
-3.30000 0.00598
-3.20000 0.00628
-3.10000 0.00659
-3.00000 0.00694
-2.90000 0.00731
-2.80000 0.00771
-2.70000 0.00815
-2.60000 0.00863
-2.50000 0.00915
-2.40000 0.00973
-2.30000 0.01038
-2.20000 0.01110
-2.10000 0.01191
-2.00000 0.01283
-1.90000 0.01388
-1.80000 0.01510
-1.70000 0.01654
-1.60000 0.01825
-1.50000 0.02032
-1.40000 0.02286
-1.30000 0.02600
-1.20000 0.02993
-1.10000 0.03488
-1.00000 0.04113
-0.90000 0.04899
-0.80000 0.05886
-0.70000 0.07111
-0.60000 0.08616
-0.50000 0.10439
-0.40000 0.12609
-0.30000 0.15146
-0.20000 0.18050
-0.10000 0.21301
0.00000 0.24851
0.10000 0.28627
0.20000 0.32528
0.30000 0.36431
0.40000 0.40199
0.50000 0.43689
0.60000 0.46766
0.70000 0.49313
0.80000 0.51246
0.90000 0.52518
1.00000 0.53129
1.10000 0.53121
1.20000 0.52571
1.30000 0.51584
1.40000 0.50280
1.50000 0.48774
1.60000 0.47168
1.70000 0.45543
1.80000 0.43949
1.90000 0.42411
2.00000 0.40934
2.10000 0.39508
2.20000 0.38120
2.30000 0.36762
2.40000 0.35438
2.50000 0.34163
2.60000 0.32965
2.70000 0.31880
2.80000 0.30943
2.90000 0.30187
3.00000 0.29632
3.10000 0.29281
3.20000 0.29122
3.30000 0.29123
3.40000 0.29237
3.50000 0.29404
3.60000 0.29560
3.70000 0.29636
3.80000 0.29570
3.90000 0.29307
4.00000 0.28809
4.10000 0.28053
4.20000 0.27036
4.30000 0.25774
4.40000 0.24301
4.50000 0.22666
4.60000 0.20928
4.70000 0.19150
4.80000 0.17393
4.90000 0.15715
5.00000 0.14162
5.10000 0.12767
5.20000 0.11547
5.30000 0.10509
5.40000 0.09644
5.50000 0.08934
5.60000 0.08355
5.70000 0.07880
5.80000 0.07482
5.90000 0.07134
6.00000 0.06819
6.10000 0.06521
6.20000 0.06232
6.30000 0.05951
6.40000 0.05681
6.50000 0.05428
6.60000 0.05201
6.70000 0.05012
6.80000 0.04870
6.90000 0.04783
7.00000 0.04760
7.10000 0.04805
7.20000 0.04920
7.30000 0.05106
7.40000 0.05358
7.50000 0.05673
7.60000 0.06044
7.70000 0.06461
7.80000 0.06913
7.90000 0.07387
8.00000 0.07869
8.10000 0.08342
8.20000 0.08790
8.30000 0.09196
8.40000 0.09543
8.50000 0.09818
8.60000 0.10007
8.70000 0.10104
8.80000 0.10103
8.90000 0.10004
9.00000 0.09811
9.10000 0.09533
9.20000 0.09180
9.30000 0.08767
9.40000 0.08307
9.50000 0.07818
9.60000 0.07314
9.70000 0.06811
9.80000 0.06321
9.90000 0.05856
10.00000 0.05425
10.10000 0.05036
10.20000 0.04695
10.30000 0.04405
10.40000 0.04167
10.50000 0.03980
10.60000 0.03844
10.70000 0.03753
10.80000 0.03705
10.90000 0.03693
11.00000 0.03709
11.10000 0.03748
11.20000 0.03800
11.30000 0.03858
11.40000 0.03912
11.50000 0.03956
11.60000 0.03981
11.70000 0.03982
11.80000 0.03954
11.90000 0.03895
12.00000 0.03804
12.10000 0.03682
12.20000 0.03532
12.30000 0.03357
12.40000 0.03164
12.50000 0.02957
12.60000 0.02742
12.70000 0.02524
12.80000 0.02310
12.90000 0.02102
13.00000 0.01906
13.10000 0.01722
13.20000 0.01553
13.30000 0.01401
13.40000 0.01266
13.50000 0.01147
13.60000 0.01044
13.70000 0.00956
13.80000 0.00882
13.90000 0.00820
14.00000 0.00770
14.10000 0.00729
14.20000 0.00697
14.30000 0.00672
14.40000 0.00653
14.50000 0.00639
14.60000 0.00630
14.70000 0.00623
14.80000 0.00619
14.90000 0.00617
15.00000 0.00615
15.10000 0.00612
15.20000 0.00609
15.30000 0.00603
15.40000 0.00595
15.50000 0.00585
15.60000 0.00570
15.70000 0.00553
15.80000 0.00532
15.90000 0.00509
16.00000 0.00483
16.10000 0.00455
16.20000 0.00426
16.30000 0.00397
16.40000 0.00368
16.50000 0.00339
16.60000 0.00312
16.70000 0.00287
16.80000 0.00264
16.90000 0.00243
17.00000 0.00224
17.10000 0.00207
17.20000 0.00192
17.30000 0.00178
17.40000 0.00166
17.50000 0.00156
17.60000 0.00147
17.70000 0.00138
17.80000 0.00131
17.90000 0.00124
18.00000 0.00118
18.10000 0.00112
18.20000 0.00107
18.30000 0.00103
18.40000 0.00098
18.50000 0.00094
18.60000 0.00090
18.70000 0.00087
18.80000 0.00083
18.90000 0.00080
19.00000 0.00077
19.10000 0.00074
19.20000 0.00071
19.30000 0.00069
19.40000 0.00066
19.50000 0.00064
19.60000 0.00061
19.70000 0.00059
19.80000 0.00057
19.90000 0.00055
20.00000 0.00053
20.10000 0.00051
20.20000 0.00049
20.30000 0.00048
20.40000 0.00046
20.50000 0.00044
20.60000 0.00042
20.70000 0.00041
20.80000 0.00039
20.90000 0.00038
21.00000 0.00036
21.10000 0.00035
21.20000 0.00034
21.30000 0.00032
21.40000 0.00031
21.50000 0.00030
21.60000 0.00029
21.70000 0.00027
21.80000 0.00026
21.90000 0.00025
22.00000 0.00024
22.10000 0.00023
22.20000 0.00022
22.30000 0.00021
22.40000 0.00020
22.50000 0.00019
22.60000 0.00018
22.70000 0.00017
22.80000 0.00016
22.90000 0.00015
23.00000 0.00014
23.10000 0.00013
23.20000 0.00013
23.30000 0.00012
23.40000 0.00011
23.50000 0.00010
23.60000 0.00009
23.70000 0.00009
23.80000 0.00008
23.90000 0.00007
24.00000 0.00006
24.10000 0.00006
24.20000 0.00005
24.30000 0.00004
24.40000 0.00004
24.50000 0.00003
24.60000 0.00002
24.70000 0.00002
24.80000 0.00001
24.90000 0.00001
25.00000 0.00000
