-5.00000 0.00230
-4.90000 0.00238
-4.80000 0.00247
-4.70000 0.00256
-4.60000 0.00265
-4.50000 0.00275
-4.40000 0.00286
-4.30000 0.00297
-4.20000 0.00309
-4.10000 0.00322
-4.00000 0.00335
-3.90000 0.00349
-3.80000 0.00364
-3.70000 0.00380
-3.60000 0.00397
-3.50000 0.00415
-3.40000 0.00434
-3.30000 0.00455
-3.20000 0.00477
-3.10000 0.00501
-3.00000 0.00527
-2.90000 0.00554
-2.80000 0.00584
-2.70000 0.00617
-2.60000 0.00653
-2.50000 0.00692
-2.40000 0.00735
-2.30000 0.00782
-2.20000 0.00834
-2.10000 0.00892
-2.00000 0.00957
-1.90000 0.01031
-1.80000 0.01115
-1.70000 0.01211
-1.60000 0.01323
-1.50000 0.01455
-1.40000 0.01614
-1.30000 0.01809
-1.20000 0.02053
-1.10000 0.02362
-1.00000 0.02761
-0.90000 0.03283
-0.80000 0.03967
-0.70000 0.04863
-0.60000 0.06029
-0.50000 0.07528
-0.40000 0.09423
-0.30000 0.11769
-0.20000 0.14603
-0.10000 0.17937
0.00000 0.21743
0.10000 0.25950
0.20000 0.30437
0.30000 0.35037
0.40000 0.39543
0.50000 0.43728
0.60000 0.47364
0.70000 0.50249
0.80000 0.52231
0.90000 0.53238
1.00000 0.53283
1.10000 0.52475
1.20000 0.50994
1.30000 0.49075
1.40000 0.46963
1.50000 0.44879
1.60000 0.42983
1.70000 0.41357
1.80000 0.40001
1.90000 0.38848
2.00000 0.37790
2.10000 0.36712
2.20000 0.35523
2.30000 0.34179
2.40000 0.32692
2.50000 0.31124
2.60000 0.29574
2.70000 0.28156
2.80000 0.26977
2.90000 0.26118
3.00000 0.25627
3.10000 0.25512
3.20000 0.25743
3.30000 0.26259
3.40000 0.26972
3.50000 0.27780
3.60000 0.28571
3.70000 0.29229
3.80000 0.29648
3.90000 0.29735
4.00000 0.29420
4.10000 0.28664
4.20000 0.27466
4.30000 0.25860
4.40000 0.23919
4.50000 0.21741
4.60000 0.19446
4.70000 0.17153
4.80000 0.14974
4.90000 0.13003
5.00000 0.11303
5.10000 0.09906
5.20000 0.08817
5.30000 0.08012
5.40000 0.07450
5.50000 0.07076
5.60000 0.06831
5.70000 0.06658
5.80000 0.06508
5.90000 0.06342
6.00000 0.06136
6.10000 0.05879
6.20000 0.05573
6.30000 0.05230
6.40000 0.04870
6.50000 0.04516
6.60000 0.04190
6.70000 0.03915
6.80000 0.03706
6.90000 0.03578
7.00000 0.03539
7.10000 0.03591
7.20000 0.03736
7.30000 0.03971
7.40000 0.04291
7.50000 0.04689
7.60000 0.05159
7.70000 0.05692
7.80000 0.06279
7.90000 0.06906
8.00000 0.07558
8.10000 0.08215
8.20000 0.08851
8.30000 0.09440
8.40000 0.09951
8.50000 0.10357
8.60000 0.10634
8.70000 0.10766
8.80000 0.10747
8.90000 0.10579
9.00000 0.10275
9.10000 0.09853
9.20000 0.09335
9.30000 0.08747
9.40000 0.08115
9.50000 0.07460
9.60000 0.06805
9.70000 0.06169
9.80000 0.05567
9.90000 0.05014
10.00000 0.04519
10.10000 0.04090
10.20000 0.03732
10.30000 0.03446
10.40000 0.03233
10.50000 0.03088
10.60000 0.03009
10.70000 0.02989
10.80000 0.03024
10.90000 0.03105
11.00000 0.03227
11.10000 0.03379
11.20000 0.03551
11.30000 0.03729
11.40000 0.03900
11.50000 0.04047
11.60000 0.04157
11.70000 0.04219
11.80000 0.04224
11.90000 0.04168
12.00000 0.04054
12.10000 0.03886
12.20000 0.03673
12.30000 0.03427
12.40000 0.03159
12.50000 0.02880
12.60000 0.02600
12.70000 0.02326
12.80000 0.02066
12.90000 0.01823
13.00000 0.01601
13.10000 0.01401
13.20000 0.01225
13.30000 0.01073
13.40000 0.00943
13.50000 0.00834
13.60000 0.00745
13.70000 0.00673
13.80000 0.00616
13.90000 0.00573
14.00000 0.00540
14.10000 0.00516
14.20000 0.00500
14.30000 0.00491
14.40000 0.00487
14.50000 0.00488
14.60000 0.00493
14.70000 0.00502
14.80000 0.00514
14.90000 0.00528
15.00000 0.00543
15.10000 0.00557
15.20000 0.00569
15.30000 0.00576
15.40000 0.00579
15.50000 0.00574
15.60000 0.00562
15.70000 0.00543
15.80000 0.00516
15.90000 0.00484
16.00000 0.00447
16.10000 0.00407
16.20000 0.00367
16.30000 0.00327
16.40000 0.00290
16.50000 0.00256
16.60000 0.00226
16.70000 0.00200
16.80000 0.00177
16.90000 0.00159
17.00000 0.00143
17.10000 0.00130
17.20000 0.00120
17.30000 0.00111
17.40000 0.00103
17.50000 0.00097
17.60000 0.00091
17.70000 0.00086
17.80000 0.00082
17.90000 0.00078
18.00000 0.00074
18.10000 0.00071
18.20000 0.00068
18.30000 0.00065
18.40000 0.00063
18.50000 0.00060
18.60000 0.00058
18.70000 0.00056
18.80000 0.00054
18.90000 0.00052
19.00000 0.00050
19.10000 0.00048
19.20000 0.00046
19.30000 0.00045
19.40000 0.00043
19.50000 0.00042
19.60000 0.00040
19.70000 0.00039
19.80000 0.00037
19.90000 0.00036
20.00000 0.00035
20.10000 0.00033
20.20000 0.00032
20.30000 0.00031
20.40000 0.00030
20.50000 0.00029
20.60000 0.00028
20.70000 0.00027
20.80000 0.00026
20.90000 0.00025
21.00000 0.00024
21.10000 0.00023
21.20000 0.00022
21.30000 0.00021
21.40000 0.00021
21.50000 0.00020
21.60000 0.00019
21.70000 0.00018
21.80000 0.00017
21.90000 0.00017
22.00000 0.00016
22.10000 0.00015
22.20000 0.00015
22.30000 0.00014
22.40000 0.00013
22.50000 0.00013
22.60000 0.00012
22.70000 0.00011
22.80000 0.00011
22.90000 0.00010
23.00000 0.00009
23.10000 0.00009
23.20000 0.00008
23.30000 0.00008
23.40000 0.00007
23.50000 0.00007
23.60000 0.00006
23.70000 0.00006
23.80000 0.00005
23.90000 0.00005
24.00000 0.00004
24.10000 0.00004
24.20000 0.00003
24.30000 0.00003
24.40000 0.00002
24.50000 0.00002
24.60000 0.00002
24.70000 0.00001
24.80000 0.00001
24.90000 0.00000
25.00000 0.00000
