-5.00000 0.00047
-4.90000 0.00049
-4.80000 0.00051
-4.70000 0.00053
-4.60000 0.00055
-4.50000 0.00057
-4.40000 0.00060
-4.30000 0.00062
-4.20000 0.00065
-4.10000 0.00068
-4.00000 0.00071
-3.90000 0.00075
-3.80000 0.00079
-3.70000 0.00083
-3.60000 0.00087
-3.50000 0.00092
-3.40000 0.00098
-3.30000 0.00104
-3.20000 0.00111
-3.10000 0.00119
-3.00000 0.00128
-2.90000 0.00138
-2.80000 0.00150
-2.70000 0.00163
-2.60000 0.00179
-2.50000 0.00198
-2.40000 0.00220
-2.30000 0.00245
-2.20000 0.00275
-2.10000 0.00311
-2.00000 0.00352
-1.90000 0.00401
-1.80000 0.00459
-1.70000 0.00526
-1.60000 0.00604
-1.50000 0.00694
-1.40000 0.00797
-1.30000 0.00916
-1.20000 0.01050
-1.10000 0.01202
-1.00000 0.01371
-0.90000 0.01560
-0.80000 0.01767
-0.70000 0.01994
-0.60000 0.02240
-0.50000 0.02503
-0.40000 0.02782
-0.30000 0.03076
-0.20000 0.03382
-0.10000 0.03697
0.00000 0.04017
0.10000 0.04340
0.20000 0.04659
0.30000 0.04972
0.40000 0.05274
0.50000 0.05559
0.60000 0.05825
0.70000 0.06065
0.80000 0.06278
0.90000 0.06459
1.00000 0.06606
1.10000 0.06717
1.20000 0.06789
1.30000 0.06823
1.40000 0.06818
1.50000 0.06775
1.60000 0.06695
1.70000 0.06581
1.80000 0.06434
1.90000 0.06257
2.00000 0.06055
2.10000 0.05830
2.20000 0.05586
2.30000 0.05327
2.40000 0.05058
2.50000 0.04780
2.60000 0.04500
2.70000 0.04219
2.80000 0.03940
2.90000 0.03667
3.00000 0.03401
3.10000 0.03146
3.20000 0.02901
3.30000 0.02669
3.40000 0.02450
3.50000 0.02245
3.60000 0.02054
3.70000 0.01876
3.80000 0.01712
3.90000 0.01560
4.00000 0.01421
4.10000 0.01294
4.20000 0.01177
4.30000 0.01071
4.40000 0.00973
4.50000 0.00885
4.60000 0.00804
4.70000 0.00730
4.80000 0.00662
4.90000 0.00601
5.00000 0.00545
5.10000 0.00494
5.20000 0.00448
5.30000 0.00406
5.40000 0.00368
5.50000 0.00334
5.60000 0.00303
5.70000 0.00274
5.80000 0.00249
5.90000 0.00227
6.00000 0.00206
6.10000 0.00188
6.20000 0.00172
6.30000 0.00158
6.40000 0.00145
6.50000 0.00133
6.60000 0.00123
6.70000 0.00114
6.80000 0.00106
6.90000 0.00099
7.00000 0.00093
7.10000 0.00087
7.20000 0.00082
7.30000 0.00077
7.40000 0.00073
7.50000 0.00069
7.60000 0.00066
7.70000 0.00062
7.80000 0.00060
7.90000 0.00057
8.00000 0.00054
8.10000 0.00052
8.20000 0.00050
8.30000 0.00048
8.40000 0.00046
8.50000 0.00044
8.60000 0.00043
8.70000 0.00041
8.80000 0.00040
8.90000 0.00038
9.00000 0.00037
9.10000 0.00036
9.20000 0.00035
9.30000 0.00033
9.40000 0.00032
9.50000 0.00031
9.60000 0.00030
9.70000 0.00029
9.80000 0.00028
9.90000 0.00028
10.00000 0.00027
10.10000 0.00026
10.20000 0.00025
10.30000 0.00025
10.40000 0.00024
10.50000 0.00023
10.60000 0.00022
10.70000 0.00022
10.80000 0.00021
10.90000 0.00021
11.00000 0.00020
11.10000 0.00020
11.20000 0.00019
11.30000 0.00019
11.40000 0.00018
11.50000 0.00018
11.60000 0.00017
11.70000 0.00017
11.80000 0.00016
11.90000 0.00016
12.00000 0.00016
12.10000 0.00015
12.20000 0.00015
12.30000 0.00014
12.40000 0.00014
12.50000 0.00014
12.60000 0.00013
12.70000 0.00013
12.80000 0.00013
12.90000 0.00012
13.00000 0.00012
13.10000 0.00012
13.20000 0.00012
13.30000 0.00011
13.40000 0.00011
13.50000 0.00011
13.60000 0.00011
13.70000 0.00010
13.80000 0.00010
13.90000 0.00010
14.00000 0.00010
14.10000 0.00009
14.20000 0.00009
14.30000 0.00009
14.40000 0.00009
14.50000 0.00009
14.60000 0.00008
14.70000 0.00008
14.80000 0.00008
14.90000 0.00008
15.00000 0.00008
15.10000 0.00007
15.20000 0.00007
15.30000 0.00007
15.40000 0.00007
15.50000 0.00007
15.60000 0.00007
15.70000 0.00007
15.80000 0.00006
15.90000 0.00006
16.00000 0.00006
16.10000 0.00006
16.20000 0.00006
16.30000 0.00006
16.40000 0.00006
16.50000 0.00005
16.60000 0.00005
16.70000 0.00005
16.80000 0.00005
16.90000 0.00005
17.00000 0.00005
17.10000 0.00005
17.20000 0.00005
17.30000 0.00005
17.40000 0.00004
17.50000 0.00004
17.60000 0.00004
17.70000 0.00004
17.80000 0.00004
17.90000 0.00004
18.00000 0.00004
18.10000 0.00004
18.20000 0.00004
18.30000 0.00004
18.40000 0.00003
18.50000 0.00003
18.60000 0.00003
18.70000 0.00003
18.80000 0.00003
18.90000 0.00003
19.00000 0.00003
19.10000 0.00003
19.20000 0.00003
19.30000 0.00003
19.40000 0.00003
19.50000 0.00003
19.60000 0.00003
19.70000 0.00002
19.80000 0.00002
19.90000 0.00002
20.00000 0.00002
20.10000 0.00002
20.20000 0.00002
20.30000 0.00002
20.40000 0.00002
20.50000 0.00002
20.60000 0.00002
20.70000 0.00002
20.80000 0.00002
20.90000 0.00002
21.00000 0.00002
21.10000 0.00002
21.20000 0.00002
21.30000 0.00002
21.40000 0.00001
21.50000 0.00001
21.60000 0.00001
21.70000 0.00001
21.80000 0.00001
21.90000 0.00001
22.00000 0.00001
22.10000 0.00001
22.20000 0.00001
22.30000 0.00001
22.40000 0.00001
22.50000 0.00001
22.60000 0.00001
22.70000 0.00001
22.80000 0.00001
22.90000 0.00001
23.00000 0.00001
23.10000 0.00001
23.20000 0.00001
23.30000 0.00001
23.40000 0.00001
23.50000 0.00001
23.60000 0.00000
23.70000 0.00000
23.80000 0.00000
23.90000 0.00000
24.00000 0.00000
24.10000 0.00000
24.20000 0.00000
24.30000 0.00000
24.40000 0.00000
24.50000 0.00000
24.60000 0.00000
24.70000 0.00000
24.80000 0.00000
24.90000 0.00000
25.00000 0.00000
