-5.00000 0.00924
-4.90000 0.00958
-4.80000 0.00994
-4.70000 0.01031
-4.60000 0.01071
-4.50000 0.01113
-4.40000 0.01157
-4.30000 0.01203
-4.20000 0.01253
-4.10000 0.01305
-4.00000 0.01361
-3.90000 0.01420
-3.80000 0.01483
-3.70000 0.01550
-3.60000 0.01622
-3.50000 0.01698
-3.40000 0.01781
-3.30000 0.01870
-3.20000 0.01965
-3.10000 0.02069
-3.00000 0.02181
-2.90000 0.02303
-2.80000 0.02436
-2.70000 0.02582
-2.60000 0.02742
-2.50000 0.02919
-2.40000 0.03116
-2.30000 0.03336
-2.20000 0.03583
-2.10000 0.03864
-2.00000 0.04185
-1.90000 0.04556
-1.80000 0.04989
-1.70000 0.05498
-1.60000 0.06104
-1.50000 0.06830
-1.40000 0.07707
-1.30000 0.08770
-1.20000 0.10065
-1.10000 0.11639
-1.00000 0.13548
-0.90000 0.15849
-0.80000 0.18599
-0.70000 0.21848
-0.60000 0.25637
-0.50000 0.29986
-0.40000 0.34892
-0.30000 0.40318
-0.20000 0.46194
-0.10000 0.52408
0.00000 0.58813
0.10000 0.65231
0.20000 0.71462
0.30000 0.77296
0.40000 0.82534
0.50000 0.86997
0.60000 0.90550
0.70000 0.93109
0.80000 0.94648
0.90000 0.95203
1.00000 0.94864
1.10000 0.93763
1.20000 0.92058
1.30000 0.89914
1.40000 0.87487
1.50000 0.84909
1.60000 0.82280
1.70000 0.79667
1.80000 0.77106
1.90000 0.74610
2.00000 0.72182
2.10000 0.69821
2.20000 0.67537
2.30000 0.65347
2.40000 0.63283
2.50000 0.61384
2.60000 0.59693
2.70000 0.58247
2.80000 0.57071
2.90000 0.56171
3.00000 0.55533
3.10000 0.55119
3.20000 0.54870
3.30000 0.54712
3.40000 0.54558
3.50000 0.54318
3.60000 0.53908
3.70000 0.53252
3.80000 0.52292
3.90000 0.50992
4.00000 0.49340
4.10000 0.47349
4.20000 0.45057
4.30000 0.42521
4.40000 0.39813
4.50000 0.37015
4.60000 0.34209
4.70000 0.31473
4.80000 0.28876
4.90000 0.26471
5.00000 0.24293
5.10000 0.22361
5.20000 0.20676
5.30000 0.19225
5.40000 0.17986
5.50000 0.16927
5.60000 0.16018
5.70000 0.15225
5.80000 0.14521
5.90000 0.13884
6.00000 0.13299
6.10000 0.12758
6.20000 0.12259
6.30000 0.11807
6.40000 0.11408
6.50000 0.11074
6.60000 0.10814
6.70000 0.10640
6.80000 0.10559
6.90000 0.10577
7.00000 0.10697
7.10000 0.10919
7.20000 0.11239
7.30000 0.11649
7.40000 0.12139
7.50000 0.12696
7.60000 0.13303
7.70000 0.13943
7.80000 0.14594
7.90000 0.15235
8.00000 0.15842
8.10000 0.16395
8.20000 0.16870
8.30000 0.17250
8.40000 0.17517
8.50000 0.17660
8.60000 0.17673
8.70000 0.17552
8.80000 0.17302
8.90000 0.16931
9.00000 0.16452
9.10000 0.15881
9.20000 0.15235
9.30000 0.14537
9.40000 0.13805
9.50000 0.13060
9.60000 0.12322
9.70000 0.11605
9.80000 0.10926
9.90000 0.10296
10.00000 0.09724
10.10000 0.09217
10.20000 0.08777
10.30000 0.08407
10.40000 0.08105
10.50000 0.07868
10.60000 0.07689
10.70000 0.07563
10.80000 0.07480
10.90000 0.07431
11.00000 0.07406
11.10000 0.07394
11.20000 0.07384
11.30000 0.07367
11.40000 0.07334
11.50000 0.07276
11.60000 0.07187
11.70000 0.07064
11.80000 0.06904
11.90000 0.06707
12.00000 0.06476
12.10000 0.06213
12.20000 0.05925
12.30000 0.05616
12.40000 0.05294
12.50000 0.04965
12.60000 0.04636
12.70000 0.04311
12.80000 0.03997
12.90000 0.03697
13.00000 0.03415
13.10000 0.03152
13.20000 0.02912
13.30000 0.02693
13.40000 0.02496
13.50000 0.02322
13.60000 0.02167
13.70000 0.02032
13.80000 0.01915
13.90000 0.01814
14.00000 0.01727
14.10000 0.01653
14.20000 0.01590
14.30000 0.01537
14.40000 0.01492
14.50000 0.01453
14.60000 0.01419
14.70000 0.01389
14.80000 0.01362
14.90000 0.01336
15.00000 0.01310
15.10000 0.01283
15.20000 0.01255
15.30000 0.01224
15.40000 0.01191
15.50000 0.01155
15.60000 0.01115
15.70000 0.01073
15.80000 0.01029
15.90000 0.00982
16.00000 0.00934
16.10000 0.00886
16.20000 0.00838
16.30000 0.00790
16.40000 0.00744
16.50000 0.00700
16.60000 0.00658
16.70000 0.00618
16.80000 0.00581
16.90000 0.00547
17.00000 0.00515
17.10000 0.00486
17.20000 0.00460
17.30000 0.00435
17.40000 0.00413
17.50000 0.00392
17.60000 0.00373
17.70000 0.00356
17.80000 0.00339
17.90000 0.00324
18.00000 0.00311
18.10000 0.00298
18.20000 0.00285
18.30000 0.00274
18.40000 0.00263
18.50000 0.00253
18.60000 0.00243
18.70000 0.00234
18.80000 0.00226
18.90000 0.00217
19.00000 0.00210
19.10000 0.00202
19.20000 0.00195
19.30000 0.00188
19.40000 0.00181
19.50000 0.00175
19.60000 0.00169
19.70000 0.00163
19.80000 0.00157
19.90000 0.00151
20.00000 0.00146
20.10000 0.00141
20.20000 0.00136
20.30000 0.00131
20.40000 0.00126
20.50000 0.00122
20.60000 0.00117
20.70000 0.00113
20.80000 0.00109
20.90000 0.00105
21.00000 0.00101
21.10000 0.00097
21.20000 0.00093
21.30000 0.00090
21.40000 0.00086
21.50000 0.00083
21.60000 0.00079
21.70000 0.00076
21.80000 0.00073
21.90000 0.00070
22.00000 0.00067
22.10000 0.00064
22.20000 0.00061
22.30000 0.00058
22.40000 0.00055
22.50000 0.00052
22.60000 0.00050
22.70000 0.00047
22.80000 0.00045
22.90000 0.00042
23.00000 0.00040
23.10000 0.00037
23.20000 0.00035
23.30000 0.00033
23.40000 0.00030
23.50000 0.00028
23.60000 0.00026
23.70000 0.00024
23.80000 0.00022
23.90000 0.00020
24.00000 0.00018
24.10000 0.00016
24.20000 0.00014
24.30000 0.00012
24.40000 0.00010
24.50000 0.00009
24.60000 0.00007
24.70000 0.00005
24.80000 0.00003
24.90000 0.00002
25.00000 0.00000
