-5.00000 0.00000
-4.90000 0.00000
-4.80000 0.00000
-4.70000 0.00000
-4.60000 0.00000
-4.50000 0.00000
-4.40000 0.00000
-4.30000 0.00000
-4.20000 0.00000
-4.10000 0.00000
-4.00000 0.00000
-3.90000 0.00000
-3.80000 0.00000
-3.70000 0.00000
-3.60000 0.00000
-3.50000 0.00000
-3.40000 0.00000
-3.30000 0.00000
-3.20000 0.00000
-3.10000 0.00000
-3.00000 0.00000
-2.90000 0.00000
-2.80000 0.00001
-2.70000 0.00001
-2.60000 0.00001
-2.50000 0.00001
-2.40000 0.00001
-2.30000 0.00001
-2.20000 0.00001
-2.10000 0.00001
-2.00000 0.00001
-1.90000 0.00001
-1.80000 0.00001
-1.70000 0.00001
-1.60000 0.00001
-1.50000 0.00001
-1.40000 0.00001
-1.30000 0.00001
-1.20000 0.00001
-1.10000 0.00001
-1.00000 0.00001
-0.90000 0.00001
-0.80000 0.00001
-0.70000 0.00001
-0.60000 0.00001
-0.50000 0.00001
-0.40000 0.00001
-0.30000 0.00001
-0.20000 0.00001
-0.10000 0.00001
0.00000 0.00001
0.10000 0.00002
0.20000 0.00002
0.30000 0.00002
0.40000 0.00002
0.50000 0.00002
0.60000 0.00002
0.70000 0.00002
0.80000 0.00002
0.90000 0.00002
1.00000 0.00002
1.10000 0.00003
1.20000 0.00003
1.30000 0.00003
1.40000 0.00003
1.50000 0.00003
1.60000 0.00003
1.70000 0.00004
1.80000 0.00004
1.90000 0.00004
2.00000 0.00005
2.10000 0.00005
2.20000 0.00005
2.30000 0.00006
2.40000 0.00006
2.50000 0.00007
2.60000 0.00008
2.70000 0.00009
2.80000 0.00010
2.90000 0.00012
3.00000 0.00014
3.10000 0.00017
3.20000 0.00021
3.30000 0.00025
3.40000 0.00031
3.50000 0.00038
3.60000 0.00047
3.70000 0.00058
3.80000 0.00070
3.90000 0.00084
4.00000 0.00100
4.10000 0.00116
4.20000 0.00134
4.30000 0.00152
4.40000 0.00170
4.50000 0.00187
4.60000 0.00203
4.70000 0.00217
4.80000 0.00229
4.90000 0.00240
5.00000 0.00249
5.10000 0.00256
5.20000 0.00263
5.30000 0.00269
5.40000 0.00275
5.50000 0.00280
5.60000 0.00285
5.70000 0.00288
5.80000 0.00290
5.90000 0.00289
6.00000 0.00285
6.10000 0.00279
6.20000 0.00268
6.30000 0.00254
6.40000 0.00237
6.50000 0.00217
6.60000 0.00196
6.70000 0.00174
6.80000 0.00152
6.90000 0.00130
7.00000 0.00110
7.10000 0.00092
7.20000 0.00076
7.30000 0.00062
7.40000 0.00051
7.50000 0.00042
7.60000 0.00034
7.70000 0.00028
7.80000 0.00023
7.90000 0.00020
8.00000 0.00017
8.10000 0.00015
8.20000 0.00013
8.30000 0.00011
8.40000 0.00010
8.50000 0.00009
8.60000 0.00009
8.70000 0.00008
8.80000 0.00007
8.90000 0.00007
9.00000 0.00006
9.10000 0.00006
9.20000 0.00005
9.30000 0.00005
9.40000 0.00004
9.50000 0.00004
9.60000 0.00004
9.70000 0.00003
9.80000 0.00003
9.90000 0.00003
10.00000 0.00003
10.10000 0.00003
10.20000 0.00003
10.30000 0.00002
10.40000 0.00002
10.50000 0.00002
10.60000 0.00002
10.70000 0.00002
10.80000 0.00002
10.90000 0.00002
11.00000 0.00002
11.10000 0.00002
11.20000 0.00002
11.30000 0.00002
11.40000 0.00002
11.50000 0.00002
11.60000 0.00002
11.70000 0.00002
11.80000 0.00002
11.90000 0.00002
12.00000 0.00002
12.10000 0.00002
12.20000 0.00002
12.30000 0.00002
12.40000 0.00002
12.50000 0.00002
12.60000 0.00003
12.70000 0.00003
12.80000 0.00003
12.90000 0.00003
13.00000 0.00003
13.10000 0.00003
13.20000 0.00003
13.30000 0.00003
13.40000 0.00003
13.50000 0.00003
13.60000 0.00003
13.70000 0.00003
13.80000 0.00003
13.90000 0.00003
14.00000 0.00003
14.10000 0.00003
14.20000 0.00003
14.30000 0.00003
14.40000 0.00003
14.50000 0.00003
14.60000 0.00003
14.70000 0.00003
14.80000 0.00003
14.90000 0.00003
15.00000 0.00002
15.10000 0.00002
15.20000 0.00002
15.30000 0.00002
15.40000 0.00002
15.50000 0.00002
15.60000 0.00002
15.70000 0.00001
15.80000 0.00001
15.90000 0.00001
16.00000 0.00001
16.10000 0.00001
16.20000 0.00001
16.30000 0.00002
16.40000 0.00002
16.50000 0.00002
16.60000 0.00002
16.70000 0.00002
16.80000 0.00003
16.90000 0.00003
17.00000 0.00003
17.10000 0.00004
17.20000 0.00004
17.30000 0.00005
17.40000 0.00005
17.50000 0.00006
17.60000 0.00007
17.70000 0.00007
17.80000 0.00008
17.90000 0.00009
18.00000 0.00009
18.10000 0.00010
18.20000 0.00010
18.30000 0.00010
18.40000 0.00010
18.50000 0.00010
18.60000 0.00010
18.70000 0.00010
18.80000 0.00010
18.90000 0.00009
19.00000 0.00009
19.10000 0.00008
19.20000 0.00008
19.30000 0.00007
19.40000 0.00006
19.50000 0.00006
19.60000 0.00005
19.70000 0.00004
19.80000 0.00004
19.90000 0.00003
20.00000 0.00003
20.10000 0.00002
20.20000 0.00002
20.30000 0.00002
20.40000 0.00002
20.50000 0.00001
20.60000 0.00001
20.70000 0.00001
20.80000 0.00001
20.90000 0.00001
21.00000 0.00001
21.10000 0.00001
21.20000 0.00001
21.30000 0.00001
21.40000 0.00001
21.50000 0.00001
21.60000 0.00000
21.70000 0.00000
21.80000 0.00000
21.90000 0.00000
22.00000 0.00000
22.10000 0.00000
22.20000 0.00000
22.30000 0.00000
22.40000 0.00000
22.50000 0.00000
22.60000 0.00000
22.70000 0.00000
22.80000 0.00000
22.90000 0.00000
23.00000 0.00000
23.10000 0.00000
23.20000 0.00000
23.30000 0.00000
23.40000 0.00000
23.50000 0.00000
23.60000 0.00000
23.70000 0.00000
23.80000 0.00000
23.90000 0.00000
24.00000 0.00000
24.10000 0.00000
24.20000 0.00000
24.30000 0.00000
24.40000 0.00000
24.50000 0.00000
24.60000 0.00000
24.70000 0.00000
24.80000 0.00000
24.90000 0.00000
25.00000 0.00000
