-5.00000 0.00001
-4.90000 0.00001
-4.80000 0.00001
-4.70000 0.00001
-4.60000 0.00001
-4.50000 0.00001
-4.40000 0.00001
-4.30000 0.00001
-4.20000 0.00001
-4.10000 0.00001
-4.00000 0.00002
-3.90000 0.00002
-3.80000 0.00002
-3.70000 0.00002
-3.60000 0.00002
-3.50000 0.00002
-3.40000 0.00002
-3.30000 0.00002
-3.20000 0.00002
-3.10000 0.00002
-3.00000 0.00002
-2.90000 0.00002
-2.80000 0.00002
-2.70000 0.00002
-2.60000 0.00003
-2.50000 0.00003
-2.40000 0.00003
-2.30000 0.00003
-2.20000 0.00003
-2.10000 0.00003
-2.00000 0.00003
-1.90000 0.00003
-1.80000 0.00003
-1.70000 0.00004
-1.60000 0.00004
-1.50000 0.00004
-1.40000 0.00004
-1.30000 0.00004
-1.20000 0.00004
-1.10000 0.00004
-1.00000 0.00005
-0.90000 0.00005
-0.80000 0.00005
-0.70000 0.00005
-0.60000 0.00005
-0.50000 0.00006
-0.40000 0.00006
-0.30000 0.00006
-0.20000 0.00006
-0.10000 0.00007
0.00000 0.00007
0.10000 0.00007
0.20000 0.00008
0.30000 0.00008
0.40000 0.00008
0.50000 0.00009
0.60000 0.00009
0.70000 0.00009
0.80000 0.00010
0.90000 0.00010
1.00000 0.00011
1.10000 0.00012
1.20000 0.00012
1.30000 0.00013
1.40000 0.00014
1.50000 0.00014
1.60000 0.00015
1.70000 0.00016
1.80000 0.00017
1.90000 0.00018
2.00000 0.00019
2.10000 0.00021
2.20000 0.00022
2.30000 0.00024
2.40000 0.00025
2.50000 0.00027
2.60000 0.00030
2.70000 0.00032
2.80000 0.00035
2.90000 0.00039
3.00000 0.00043
3.10000 0.00047
3.20000 0.00053
3.30000 0.00060
3.40000 0.00068
3.50000 0.00079
3.60000 0.00092
3.70000 0.00109
3.80000 0.00130
3.90000 0.00156
4.00000 0.00187
4.10000 0.00225
4.20000 0.00269
4.30000 0.00320
4.40000 0.00375
4.50000 0.00434
4.60000 0.00494
4.70000 0.00552
4.80000 0.00606
4.90000 0.00653
5.00000 0.00691
5.10000 0.00721
5.20000 0.00743
5.30000 0.00759
5.40000 0.00770
5.50000 0.00780
5.60000 0.00791
5.70000 0.00805
5.80000 0.00820
5.90000 0.00838
6.00000 0.00853
6.10000 0.00865
6.20000 0.00867
6.30000 0.00858
6.40000 0.00836
6.50000 0.00799
6.60000 0.00749
6.70000 0.00688
6.80000 0.00619
6.90000 0.00547
7.00000 0.00475
7.10000 0.00407
7.20000 0.00344
7.30000 0.00289
7.40000 0.00241
7.50000 0.00201
7.60000 0.00168
7.70000 0.00141
7.80000 0.00120
7.90000 0.00103
8.00000 0.00090
8.10000 0.00079
8.20000 0.00070
8.30000 0.00063
8.40000 0.00057
8.50000 0.00052
8.60000 0.00047
8.70000 0.00043
8.80000 0.00040
8.90000 0.00037
9.00000 0.00034
9.10000 0.00032
9.20000 0.00029
9.30000 0.00027
9.40000 0.00025
9.50000 0.00023
9.60000 0.00022
9.70000 0.00020
9.80000 0.00019
9.90000 0.00018
10.00000 0.00017
10.10000 0.00016
10.20000 0.00015
10.30000 0.00014
10.40000 0.00014
10.50000 0.00013
10.60000 0.00012
10.70000 0.00012
10.80000 0.00011
10.90000 0.00011
11.00000 0.00010
11.10000 0.00010
11.20000 0.00010
11.30000 0.00009
11.40000 0.00009
11.50000 0.00009
11.60000 0.00009
11.70000 0.00008
11.80000 0.00008
11.90000 0.00008
12.00000 0.00008
12.10000 0.00008
12.20000 0.00008
12.30000 0.00008
12.40000 0.00009
12.50000 0.00009
12.60000 0.00009
12.70000 0.00009
12.80000 0.00009
12.90000 0.00010
13.00000 0.00010
13.10000 0.00010
13.20000 0.00010
13.30000 0.00010
13.40000 0.00011
13.50000 0.00011
13.60000 0.00011
13.70000 0.00011
13.80000 0.00011
13.90000 0.00011
14.00000 0.00011
14.10000 0.00011
14.20000 0.00011
14.30000 0.00011
14.40000 0.00011
14.50000 0.00011
14.60000 0.00011
14.70000 0.00011
14.80000 0.00010
14.90000 0.00010
15.00000 0.00010
15.10000 0.00009
15.20000 0.00009
15.30000 0.00008
15.40000 0.00008
15.50000 0.00007
15.60000 0.00007
15.70000 0.00007
15.80000 0.00006
15.90000 0.00006
16.00000 0.00006
16.10000 0.00006
16.20000 0.00006
16.30000 0.00006
16.40000 0.00006
16.50000 0.00007
16.60000 0.00007
16.70000 0.00007
16.80000 0.00008
16.90000 0.00008
17.00000 0.00009
17.10000 0.00010
17.20000 0.00011
17.30000 0.00012
17.40000 0.00013
17.50000 0.00014
17.60000 0.00015
17.70000 0.00017
17.80000 0.00018
17.90000 0.00020
18.00000 0.00021
18.10000 0.00023
18.20000 0.00024
18.30000 0.00025
18.40000 0.00026
18.50000 0.00027
18.60000 0.00027
18.70000 0.00028
18.80000 0.00028
18.90000 0.00027
19.00000 0.00026
19.10000 0.00025
19.20000 0.00024
19.30000 0.00023
19.40000 0.00021
19.50000 0.00020
19.60000 0.00018
19.70000 0.00017
19.80000 0.00015
19.90000 0.00014
20.00000 0.00012
20.10000 0.00011
20.20000 0.00010
20.30000 0.00009
20.40000 0.00008
20.50000 0.00007
20.60000 0.00006
20.70000 0.00006
20.80000 0.00005
20.90000 0.00005
21.00000 0.00004
21.10000 0.00004
21.20000 0.00004
21.30000 0.00003
21.40000 0.00003
21.50000 0.00003
21.60000 0.00003
21.70000 0.00002
21.80000 0.00002
21.90000 0.00002
22.00000 0.00002
22.10000 0.00002
22.20000 0.00002
22.30000 0.00001
22.40000 0.00001
22.50000 0.00001
22.60000 0.00001
22.70000 0.00001
22.80000 0.00001
22.90000 0.00001
23.00000 0.00001
23.10000 0.00001
23.20000 0.00001
23.30000 0.00001
23.40000 0.00001
23.50000 0.00001
23.60000 0.00000
23.70000 0.00000
23.80000 0.00000
23.90000 0.00000
24.00000 0.00000
24.10000 0.00000
24.20000 0.00000
24.30000 0.00000
24.40000 0.00000
24.50000 0.00000
24.60000 0.00000
24.70000 0.00000
24.80000 0.00000
24.90000 0.00000
25.00000 0.00000
