-5.00000 0.00122
-4.90000 0.00127
-4.80000 0.00132
-4.70000 0.00137
-4.60000 0.00142
-4.50000 0.00148
-4.40000 0.00154
-4.30000 0.00160
-4.20000 0.00167
-4.10000 0.00174
-4.00000 0.00182
-3.90000 0.00191
-3.80000 0.00200
-3.70000 0.00210
-3.60000 0.00220
-3.50000 0.00232
-3.40000 0.00245
-3.30000 0.00259
-3.20000 0.00275
-3.10000 0.00292
-3.00000 0.00311
-2.90000 0.00333
-2.80000 0.00358
-2.70000 0.00386
-2.60000 0.00418
-2.50000 0.00455
-2.40000 0.00498
-2.30000 0.00547
-2.20000 0.00604
-2.10000 0.00669
-2.00000 0.00746
-1.90000 0.00834
-1.80000 0.00936
-1.70000 0.01054
-1.60000 0.01190
-1.50000 0.01346
-1.40000 0.01525
-1.30000 0.01728
-1.20000 0.01959
-1.10000 0.02219
-1.00000 0.02510
-0.90000 0.02835
-0.80000 0.03195
-0.70000 0.03591
-0.60000 0.04024
-0.50000 0.04495
-0.40000 0.05002
-0.30000 0.05545
-0.20000 0.06122
-0.10000 0.06730
0.00000 0.07366
0.10000 0.08025
0.20000 0.08703
0.30000 0.09393
0.40000 0.10089
0.50000 0.10785
0.60000 0.11471
0.70000 0.12141
0.80000 0.12786
0.90000 0.13398
1.00000 0.13968
1.10000 0.14488
1.20000 0.14950
1.30000 0.15348
1.40000 0.15674
1.50000 0.15924
1.60000 0.16092
1.70000 0.16176
1.80000 0.16173
1.90000 0.16083
2.00000 0.15907
2.10000 0.15648
2.20000 0.15309
2.30000 0.14895
2.40000 0.14413
2.50000 0.13870
2.60000 0.13274
2.70000 0.12636
2.80000 0.11962
2.90000 0.11265
3.00000 0.10552
3.10000 0.09834
3.20000 0.09118
3.30000 0.08413
3.40000 0.07726
3.50000 0.07063
3.60000 0.06430
3.70000 0.05829
3.80000 0.05266
3.90000 0.04740
4.00000 0.04254
4.10000 0.03807
4.20000 0.03400
4.30000 0.03031
4.40000 0.02698
4.50000 0.02400
4.60000 0.02134
4.70000 0.01897
4.80000 0.01688
4.90000 0.01503
5.00000 0.01341
5.10000 0.01198
5.20000 0.01074
5.30000 0.00964
5.40000 0.00869
5.50000 0.00786
5.60000 0.00713
5.70000 0.00649
5.80000 0.00594
5.90000 0.00545
6.00000 0.00502
6.10000 0.00465
6.20000 0.00432
6.30000 0.00403
6.40000 0.00378
6.50000 0.00355
6.60000 0.00335
6.70000 0.00317
6.80000 0.00302
6.90000 0.00288
7.00000 0.00275
7.10000 0.00263
7.20000 0.00253
7.30000 0.00244
7.40000 0.00235
7.50000 0.00227
7.60000 0.00220
7.70000 0.00213
7.80000 0.00206
7.90000 0.00200
8.00000 0.00194
8.10000 0.00189
8.20000 0.00183
8.30000 0.00178
8.40000 0.00173
8.50000 0.00167
8.60000 0.00162
8.70000 0.00158
8.80000 0.00153
8.90000 0.00148
9.00000 0.00143
9.10000 0.00139
9.20000 0.00134
9.30000 0.00130
9.40000 0.00125
9.50000 0.00121
9.60000 0.00117
9.70000 0.00113
9.80000 0.00109
9.90000 0.00105
10.00000 0.00101
10.10000 0.00098
10.20000 0.00094
10.30000 0.00091
10.40000 0.00087
10.50000 0.00084
10.60000 0.00081
10.70000 0.00078
10.80000 0.00075
10.90000 0.00072
11.00000 0.00070
11.10000 0.00067
11.20000 0.00065
11.30000 0.00063
11.40000 0.00061
11.50000 0.00059
11.60000 0.00057
11.70000 0.00055
11.80000 0.00053
11.90000 0.00051
12.00000 0.00050
12.10000 0.00049
12.20000 0.00047
12.30000 0.00046
12.40000 0.00045
12.50000 0.00044
12.60000 0.00043
12.70000 0.00042
12.80000 0.00041
12.90000 0.00040
13.00000 0.00039
13.10000 0.00039
13.20000 0.00038
13.30000 0.00038
13.40000 0.00037
13.50000 0.00037
13.60000 0.00036
13.70000 0.00036
13.80000 0.00036
13.90000 0.00036
14.00000 0.00035
14.10000 0.00035
14.20000 0.00035
14.30000 0.00035
14.40000 0.00035
14.50000 0.00035
14.60000 0.00035
14.70000 0.00035
14.80000 0.00035
14.90000 0.00035
15.00000 0.00035
15.10000 0.00035
15.20000 0.00035
15.30000 0.00035
15.40000 0.00034
15.50000 0.00034
15.60000 0.00034
15.70000 0.00033
15.80000 0.00033
15.90000 0.00032
16.00000 0.00031
16.10000 0.00030
16.20000 0.00030
16.30000 0.00029
16.40000 0.00028
16.50000 0.00027
16.60000 0.00026
16.70000 0.00025
16.80000 0.00024
16.90000 0.00023
17.00000 0.00022
17.10000 0.00021
17.20000 0.00020
17.30000 0.00019
17.40000 0.00018
17.50000 0.00018
17.60000 0.00017
17.70000 0.00016
17.80000 0.00016
17.90000 0.00015
18.00000 0.00014
18.10000 0.00014
18.20000 0.00013
18.30000 0.00013
18.40000 0.00012
18.50000 0.00012
18.60000 0.00011
18.70000 0.00011
18.80000 0.00011
18.90000 0.00010
19.00000 0.00010
19.10000 0.00010
19.20000 0.00009
19.30000 0.00009
19.40000 0.00009
19.50000 0.00008
19.60000 0.00008
19.70000 0.00008
19.80000 0.00008
19.90000 0.00007
20.00000 0.00007
20.10000 0.00007
20.20000 0.00007
20.30000 0.00006
20.40000 0.00006
20.50000 0.00006
20.60000 0.00006
20.70000 0.00006
20.80000 0.00005
20.90000 0.00005
21.00000 0.00005
21.10000 0.00005
21.20000 0.00005
21.30000 0.00005
21.40000 0.00004
21.50000 0.00004
21.60000 0.00004
21.70000 0.00004
21.80000 0.00004
21.90000 0.00004
22.00000 0.00004
22.10000 0.00003
22.20000 0.00003
22.30000 0.00003
22.40000 0.00003
22.50000 0.00003
22.60000 0.00003
22.70000 0.00003
22.80000 0.00002
22.90000 0.00002
23.00000 0.00002
23.10000 0.00002
23.20000 0.00002
23.30000 0.00002
23.40000 0.00002
23.50000 0.00002
23.60000 0.00001
23.70000 0.00001
23.80000 0.00001
23.90000 0.00001
24.00000 0.00001
24.10000 0.00001
24.20000 0.00001
24.30000 0.00001
24.40000 0.00001
24.50000 0.00000
24.60000 0.00000
24.70000 0.00000
24.80000 0.00000
24.90000 0.00000
25.00000 0.00000
