-5.00000 0.00028
-4.90000 0.00028
-4.80000 0.00029
-4.70000 0.00030
-4.60000 0.00031
-4.50000 0.00032
-4.40000 0.00033
-4.30000 0.00034
-4.20000 0.00035
-4.10000 0.00036
-4.00000 0.00037
-3.90000 0.00038
-3.80000 0.00039
-3.70000 0.00040
-3.60000 0.00041
-3.50000 0.00042
-3.40000 0.00044
-3.30000 0.00045
-3.20000 0.00046
-3.10000 0.00048
-3.00000 0.00049
-2.90000 0.00051
-2.80000 0.00052
-2.70000 0.00054
-2.60000 0.00056
-2.50000 0.00058
-2.40000 0.00060
-2.30000 0.00062
-2.20000 0.00064
-2.10000 0.00066
-2.00000 0.00068
-1.90000 0.00070
-1.80000 0.00073
-1.70000 0.00076
-1.60000 0.00078
-1.50000 0.00081
-1.40000 0.00084
-1.30000 0.00087
-1.20000 0.00091
-1.10000 0.00094
-1.00000 0.00098
-0.90000 0.00102
-0.80000 0.00106
-0.70000 0.00111
-0.60000 0.00116
-0.50000 0.00121
-0.40000 0.00126
-0.30000 0.00132
-0.20000 0.00138
-0.10000 0.00145
0.00000 0.00152
0.10000 0.00160
0.20000 0.00169
0.30000 0.00178
0.40000 0.00188
0.50000 0.00200
0.60000 0.00213
0.70000 0.00227
0.80000 0.00243
0.90000 0.00261
1.00000 0.00282
1.10000 0.00307
1.20000 0.00335
1.30000 0.00368
1.40000 0.00407
1.50000 0.00452
1.60000 0.00506
1.70000 0.00570
1.80000 0.00646
1.90000 0.00735
2.00000 0.00841
2.10000 0.00966
2.20000 0.01113
2.30000 0.01285
2.40000 0.01485
2.50000 0.01716
2.60000 0.01982
2.70000 0.02286
2.80000 0.02629
2.90000 0.03016
3.00000 0.03447
3.10000 0.03923
3.20000 0.04445
3.30000 0.05011
3.40000 0.05620
3.50000 0.06267
3.60000 0.06949
3.70000 0.07659
3.80000 0.08390
3.90000 0.09135
4.00000 0.09883
4.10000 0.10625
4.20000 0.11350
4.30000 0.12049
4.40000 0.12711
4.50000 0.13326
4.60000 0.13884
4.70000 0.14377
4.80000 0.14797
4.90000 0.15140
5.00000 0.15399
5.10000 0.15572
5.20000 0.15658
5.30000 0.15656
5.40000 0.15568
5.50000 0.15396
5.60000 0.15144
5.70000 0.14816
5.80000 0.14420
5.90000 0.13960
6.00000 0.13444
6.10000 0.12880
6.20000 0.12276
6.30000 0.11639
6.40000 0.10978
6.50000 0.10301
6.60000 0.09616
6.70000 0.08929
6.80000 0.08249
6.90000 0.07581
7.00000 0.06932
7.10000 0.06306
7.20000 0.05709
7.30000 0.05143
7.40000 0.04612
7.50000 0.04117
7.60000 0.03660
7.70000 0.03241
7.80000 0.02860
7.90000 0.02516
8.00000 0.02207
8.10000 0.01933
8.20000 0.01690
8.30000 0.01476
8.40000 0.01289
8.50000 0.01127
8.60000 0.00987
8.70000 0.00866
8.80000 0.00762
8.90000 0.00673
9.00000 0.00597
9.10000 0.00532
9.20000 0.00477
9.30000 0.00429
9.40000 0.00389
9.50000 0.00354
9.60000 0.00324
9.70000 0.00298
9.80000 0.00276
9.90000 0.00256
10.00000 0.00239
10.10000 0.00223
10.20000 0.00209
10.30000 0.00197
10.40000 0.00186
10.50000 0.00176
10.60000 0.00167
10.70000 0.00158
10.80000 0.00151
10.90000 0.00143
11.00000 0.00137
11.10000 0.00131
11.20000 0.00125
11.30000 0.00120
11.40000 0.00115
11.50000 0.00110
11.60000 0.00105
11.70000 0.00101
11.80000 0.00097
11.90000 0.00094
12.00000 0.00090
12.10000 0.00087
12.20000 0.00084
12.30000 0.00081
12.40000 0.00078
12.50000 0.00075
12.60000 0.00072
12.70000 0.00070
12.80000 0.00068
12.90000 0.00065
13.00000 0.00063
13.10000 0.00061
13.20000 0.00059
13.30000 0.00057
13.40000 0.00055
13.50000 0.00054
13.60000 0.00052
13.70000 0.00050
13.80000 0.00049
13.90000 0.00047
14.00000 0.00046
14.10000 0.00045
14.20000 0.00043
14.30000 0.00042
14.40000 0.00041
14.50000 0.00040
14.60000 0.00039
14.70000 0.00037
14.80000 0.00036
14.90000 0.00035
15.00000 0.00034
15.10000 0.00033
15.20000 0.00032
15.30000 0.00032
15.40000 0.00031
15.50000 0.00030
15.60000 0.00029
15.70000 0.00028
15.80000 0.00027
15.90000 0.00027
16.00000 0.00026
16.10000 0.00025
16.20000 0.00025
16.30000 0.00024
16.40000 0.00023
16.50000 0.00023
16.60000 0.00022
16.70000 0.00021
16.80000 0.00021
16.90000 0.00020
17.00000 0.00020
17.10000 0.00019
17.20000 0.00019
17.30000 0.00018
17.40000 0.00018
17.50000 0.00017
17.60000 0.00017
17.70000 0.00016
17.80000 0.00016
17.90000 0.00015
18.00000 0.00015
18.10000 0.00015
18.20000 0.00014
18.30000 0.00014
18.40000 0.00013
18.50000 0.00013
18.60000 0.00013
18.70000 0.00012
18.80000 0.00012
18.90000 0.00012
19.00000 0.00011
19.10000 0.00011
19.20000 0.00011
19.30000 0.00010
19.40000 0.00010
19.50000 0.00010
19.60000 0.00010
19.70000 0.00009
19.80000 0.00009
19.90000 0.00009
20.00000 0.00008
20.10000 0.00008
20.20000 0.00008
20.30000 0.00008
20.40000 0.00007
20.50000 0.00007
20.60000 0.00007
20.70000 0.00007
20.80000 0.00007
20.90000 0.00006
21.00000 0.00006
21.10000 0.00006
21.20000 0.00006
21.30000 0.00005
21.40000 0.00005
21.50000 0.00005
21.60000 0.00005
21.70000 0.00005
21.80000 0.00004
21.90000 0.00004
22.00000 0.00004
22.10000 0.00004
22.20000 0.00004
22.30000 0.00004
22.40000 0.00003
22.50000 0.00003
22.60000 0.00003
22.70000 0.00003
22.80000 0.00003
22.90000 0.00003
23.00000 0.00003
23.10000 0.00002
23.20000 0.00002
23.30000 0.00002
23.40000 0.00002
23.50000 0.00002
23.60000 0.00002
23.70000 0.00002
23.80000 0.00001
23.90000 0.00001
24.00000 0.00001
24.10000 0.00001
24.20000 0.00001
24.30000 0.00001
24.40000 0.00001
24.50000 0.00001
24.60000 0.00000
24.70000 0.00000
24.80000 0.00000
24.90000 0.00000
25.00000 0.00000
