531.11328 1.74086
531.18549 3.55854
532.51038 0.01635
532.68994 0.00000
533.34540 0.00740
533.41431 0.00363
533.78235 1.64147
533.83478 1.67041
535.37476 0.00000
535.83850 0.00851
536.03210 0.00002
536.04388 0.00000
536.50073 0.00006
536.50391 0.00059
536.64941 0.00091
536.71808 0.00033
537.31079 0.02621
537.35492 0.00000
537.59216 0.00908
537.59229 0.00908
538.23108 0.00866
538.25488 0.00173
538.25897 0.00159
538.73083 0.00000
539.03998 0.00112
539.31458 0.00117
539.35614 0.00012
539.48450 0.00091
540.03894 0.00000
540.39301 0.00000
540.58704 0.00000
540.59283 0.00000
540.59448 0.00004
540.71069 0.00226
540.72241 0.00000
540.72711 0.00001
540.73450 0.00000
540.77069 0.00169
540.77368 0.00168
540.78595 0.00004
540.78931 0.00000
540.79266 0.00023
540.85266 0.00359
540.91119 0.00000
540.91138 0.00000
540.91437 0.00001
540.92328 0.00000
541.12006 0.00000
541.29382 0.01388
541.29614 0.04148
541.29846 0.02627
541.35681 0.00000
541.52692 0.00000
541.54889 0.00000
541.58716 0.00706
541.80066 0.00003
541.82959 0.00000
542.25757 0.00000
542.31085 0.00000
542.31171 0.00000
542.44678 0.00000
542.80518 0.00431
542.85724 0.00000
542.87817 0.00003
542.95819 0.00000
542.96191 0.00000
542.96765 0.00000
543.01208 0.00000
543.01422 0.00000
543.01428 0.00000
543.01727 0.00000
543.03552 0.00000
543.14709 0.00000
543.14948 0.00000
543.15649 0.00000
543.22791 0.00000
543.23584 0.00000
543.26782 0.00019
543.27264 0.00000
543.27557 0.00000
543.28534 0.00000
543.30444 0.00019
543.34210 0.00048
543.34534 0.00027
543.45514 0.00000
543.45844 0.00001
543.46423 0.00004
543.46771 0.00000
543.49261 0.00325
543.54425 0.00008
543.54608 0.00023
543.55157 0.00029
543.76172 0.00000
543.84314 0.00000
543.90674 0.00023
543.95721 0.03158
543.98035 0.02779
543.99976 0.00000
544.01868 0.00000
544.13947 0.00001
544.16412 0.00000
544.44763 0.00011
544.57080 0.00001
544.80023 0.00000
544.86865 0.00000
544.98297 0.00000
545.02783 0.00000
545.26776 0.10238
545.28644 0.00000
545.29327 0.04837
545.35144 0.00000
545.37903 0.00000
545.41565 0.00001
545.50574 0.00000
545.50793 0.00000
545.51581 0.00838
545.51874 0.00522
545.52728 0.00000
545.52734 0.00000
545.57593 0.00000
545.57764 0.00000
545.58575 0.00000
545.63873 0.00000
545.68823 0.00000
545.68829 0.00000
545.69086 0.00000
545.69849 0.00000
545.77466 0.00000
545.91840 0.00002
545.96478 0.00032
546.07196 0.00000
546.07446 0.00000
546.07635 0.00000
546.07941 0.00000
546.12805 0.00001
546.12878 0.00000
546.13074 0.00000
546.13556 0.00001
546.17804 0.00000
546.21448 0.00013
546.23151 0.00004
546.24750 0.00000
546.26361 0.00000
546.26453 0.00000
546.26837 0.00000
546.28772 0.00092
546.28833 0.00019
546.44702 0.00015
546.57703 0.00000
546.66687 0.00002
546.66809 0.00001
546.73816 0.00000
546.73828 0.00000
546.79578 0.00000
546.86334 0.00000
546.91882 0.00000
546.92432 0.00000
546.93103 0.00000
546.97711 0.00000
547.11346 0.00000
547.34039 0.00000
547.34491 0.00000
547.51599 0.00000
547.55463 0.00000
547.58093 0.00000
547.59613 0.04229
547.60242 0.04168
547.67395 0.00000
547.87781 0.00000
547.88428 0.00000
547.88446 0.00000
547.90344 0.00000
547.92908 0.00000
547.93481 0.00000
547.94165 0.00000
547.94891 0.00003
547.94952 0.00000
547.95038 0.00000
548.02167 0.00000
548.06696 0.00000
548.07190 0.00000
548.08044 0.00000
548.09265 0.00000
548.13403 0.00000
548.15619 0.00046
548.17249 0.00053
548.20209 0.00000
548.20624 0.00002
548.20630 0.00002
548.31647 0.00000
548.47864 0.00000
548.48157 0.00000
548.48602 0.00000
548.61713 0.00000
548.61816 0.00000
548.62250 0.00000
548.67426 0.00000
548.67432 0.00000
548.68713 0.00000
548.68738 0.00000
548.69049 0.00000
548.75403 0.00000
548.79980 0.00000
548.80096 0.00000
548.80469 0.00000
548.84222 0.00000
548.86603 0.00000
548.89258 0.00001
548.94855 0.00009
548.98657 0.00011
549.13629 0.00000
549.13641 0.00000
549.16675 0.00000
549.17316 0.00000
549.23712 0.00000
549.24158 0.00000
549.34900 0.00000
549.35382 0.00000
549.35437 0.00000
549.36707 0.00000
549.46619 0.00000
549.53430 0.00000
549.53601 0.00000
549.55383 0.00000
549.55463 0.00000
549.57251 0.00000
549.61163 0.00000
549.64899 0.00000
549.67828 0.00000
549.67828 0.00000
549.79327 0.00000
549.79333 0.00000
549.80841 0.00001
549.82062 0.00004
549.82397 0.00001
549.96478 0.00000
549.97272 0.00000
550.01648 0.00000
550.08057 0.00000
550.16052 0.00000
550.17578 0.00000
550.19238 0.00000
550.24469 0.00000
550.36951 0.00000
550.40649 0.00000
550.40912 0.00000
550.42786 0.00000
550.43488 0.00000
550.48102 0.00000
550.48834 0.00000
550.56256 0.00000
550.57257 0.00000
550.58698 0.00000
550.58984 0.00000
550.59534 0.00000
550.61798 0.00000
550.63123 0.00000
550.63129 0.00000
550.64478 0.00000
550.66107 0.00000
550.76526 0.00000
550.76532 0.00000
550.77991 0.00000
550.78040 0.00000
550.83862 0.00000
550.97284 0.00000
551.01202 0.00000
551.03821 0.00000
551.10498 0.00000
551.13983 0.00001
551.14972 0.00000
551.16333 0.00000
551.16486 0.00001
551.21136 0.00000
551.22461 0.00000
551.29407 0.00000
551.29474 0.00000
551.29810 0.00000
551.33899 0.00000
551.39539 0.00000
551.41418 0.00001
551.42419 0.00000
551.50909 0.00000
551.53174 0.00000
551.59717 0.00000
551.65283 0.00000
551.74335 0.00000
551.77081 0.00000
551.78912 0.00000
551.82874 0.00000
551.83148 0.00000
551.88373 0.00000
551.88550 0.00000
551.90076 0.00000
551.99261 0.00000
552.01178 0.00000
552.01294 0.00000
552.01978 0.00000
552.02283 0.00000
552.03210 0.00000
552.08441 0.00000
552.08588 0.00000
552.11499 0.00000
552.18280 0.00000
552.24945 0.00000
552.28925 0.00001
552.28955 0.00001
552.39856 0.00001
552.44800 0.00000
552.50720 0.00008
552.50732 0.00002
552.56946 0.00000
552.61462 0.00000
552.70636 0.00000
552.74438 0.00000
552.79242 0.00000
552.79840 0.00000
552.87390 0.00000
552.98602 0.00000
552.98706 0.00000
553.00610 0.00000
553.01544 0.00000
553.04645 0.00002
553.08167 0.00000
553.09045 0.00000
553.19354 0.00000
553.19507 0.00000
553.20306 0.00000
553.21295 0.00000
553.21350 0.00000
553.24451 0.00000
553.25122 0.00000
553.25146 0.00000
553.25244 0.00000
553.28821 0.00000
553.31659 0.00000
553.38477 0.00000
553.38538 0.00000
553.38684 0.00000
553.40027 0.00000
553.40045 0.00000
553.42615 0.00000
553.45599 0.00000
553.46027 0.00000
553.46039 0.00000
553.52777 0.00000
553.53296 0.00000
553.55872 0.00000
553.59167 0.00000
553.60834 0.00000
553.63739 0.00000
553.64197 0.00000
553.66223 0.00000
553.66229 0.00000
553.68884 0.00000
553.70203 0.00000
553.70264 0.00000
553.70374 0.00000
553.72058 0.00000
553.73450 0.00000
553.77295 0.00000
553.78198 0.00000
553.78510 0.00000
553.80811 0.00000
553.80847 0.00000
553.84363 0.00000
553.84686 0.00001
553.85022 0.00000
553.92847 0.00000
553.96039 0.00000
553.97778 0.00000
553.98810 0.00001
553.99310 0.00000
553.99445 0.00000
554.01544 0.00000
554.02740 0.00000
554.04407 0.00000
554.04474 0.00000
554.06091 0.00000
554.08972 0.00000
554.10016 0.00000
554.11127 0.00000
554.11188 0.00000
554.12915 0.00000
554.13678 0.00000
554.13788 0.00000
554.14203 0.00000
554.15942 0.00000
554.16187 0.00000
554.19116 0.00000
554.20215 0.00000
554.20679 0.00000
554.20795 0.00000
554.21436 0.00000
554.21783 0.00000
554.22327 0.00000
554.22382 0.00000
554.26361 0.00000
554.26764 0.00000
554.30212 0.00000
554.31995 0.00000
554.33624 0.00000
554.33685 0.00000
554.36841 0.00000
554.40448 0.00000
554.43512 0.00004
554.45007 0.00000
554.45404 0.00000
554.47125 0.00000
554.47131 0.00000
554.50531 0.00004
554.51111 0.00000
554.51447 0.00000
554.54028 0.00016
554.55072 0.00000
554.57037 0.00000
554.57410 0.00008
554.59833 0.00012
554.65265 0.00000
554.69397 0.00004
554.71698 0.00000
554.74072 0.00000
554.76135 0.00003
554.79309 0.00000
554.82782 0.00004
554.89789 0.00000
554.95203 0.00000
554.98767 0.00007
555.01086 0.00000
555.14484 0.00000
555.18677 0.00000
555.26672 0.00000
555.26898 0.00000
555.32629 0.00000
555.32629 0.00000
555.36279 0.00000
555.38312 0.00000
555.41992 0.00000
555.46106 0.00000
555.46295 0.00000
555.47333 0.00000
555.47546 0.00000
555.52148 0.00000
555.52753 0.00000
555.52911 0.00000
555.55493 0.00000
555.61621 0.00000
555.63397 0.00000
555.63580 0.00000
555.63770 0.00000
555.65491 0.00000
555.66516 0.00000
555.66785 0.00000
555.66882 0.00000
555.67224 0.00000
555.67230 0.00000
555.71008 0.00000
555.75409 0.00000
555.82068 0.00000
555.82245 0.00000
555.82440 0.00000
555.83130 0.00000
555.84021 0.00000
555.84729 0.00000
555.84747 0.00000
555.88239 0.00001
555.88464 0.00000
555.88782 0.00000
555.90875 0.00000
555.91180 0.00000
555.92499 0.00000
555.96796 0.00000
555.96838 0.00000
555.98138 0.00000
555.99194 0.00000
555.99255 0.00000
556.00098 0.00001
556.00720 0.00000
556.04785 0.00003
556.05426 0.00000
556.05432 0.00000
556.05585 0.00000
556.05652 0.00000
556.08313 0.00000
556.08337 0.00000
556.09668 0.00000
556.09845 0.00000
556.10413 0.00000
556.14307 0.00000
556.16821 0.00000
556.16840 0.00000
556.17291 0.00000
556.18323 0.00000
556.18329 0.00000
556.18591 0.00000
556.27747 0.00000
556.28308 0.00000
556.28400 0.00000
556.28430 0.00000
556.28760 0.00000
556.30310 0.00000
556.32208 0.00000
556.34906 0.00000
556.35211 0.00000
556.35803 0.00000
556.36060 0.00000
556.38623 0.00000
556.38629 0.00000
556.38867 0.00001
556.39056 0.00000
556.41278 0.00000
556.43475 0.00001
556.44684 0.00000
556.44769 0.00000
556.45319 0.00000
556.46948 0.00000
556.47662 0.00000
556.48285 0.00000
556.49194 0.00000
556.50385 0.00000
556.50623 0.00000
556.50842 0.00000
556.52472 0.00000
556.52759 0.00000
556.54346 0.00000
556.55176 0.00000
556.56885 0.00000
556.56958 0.00000
556.57190 0.00000
556.59155 0.00000
556.60114 0.00000
556.60199 0.00001
556.60425 0.00000
556.60431 0.00000
556.61658 0.00000
556.61768 0.00000
556.63000 0.00001
556.63092 0.00001
556.64929 0.00000
556.66071 0.00000
556.69299 0.00000
556.69360 0.00000
556.70197 0.00000
556.70520 0.00000
556.70532 0.00000
556.71655 0.00000
556.74524 0.00000
556.74530 0.00000
556.78058 0.00000
556.78241 0.00000
556.78357 0.00000
556.78674 0.00001
556.79114 0.00000
556.79315 0.00000
556.81757 0.00001
556.82904 0.00000
556.82996 0.00001
556.85492 0.00000
556.86572 0.00000
556.92365 0.00000
556.92596 0.00000
556.97815 0.00000
556.98340 0.00000
557.00073 0.00000
557.07324 0.00010
557.07343 0.00003
557.07556 0.00006
557.10516 0.00000
557.14093 0.00000
557.15027 0.00000
557.15051 0.00000
557.15277 0.00023
557.16418 0.00022
557.22980 0.00000
557.23218 0.00000
557.27148 0.00000
557.32568 0.00001
557.35559 0.00000
557.38739 0.00000
557.46320 0.00000
557.57471 0.00000
557.69141 0.00000
557.70435 0.00000
557.71399 0.00000
557.77832 0.00000
557.79993 0.00000
557.82996 0.00000
557.84082 0.00000
557.84943 0.00000
557.87286 0.00000
557.87396 0.00000
557.87445 0.00000
557.87939 0.00000
557.88354 0.00000
557.89124 0.00000
557.89130 0.00000
557.90002 0.00000
557.91016 0.00000
557.91125 0.00000
557.91217 0.00000
557.91272 0.00000
557.93268 0.00001
557.94214 0.00002
557.95166 0.00001
557.97235 0.00000
557.98004 0.00000
557.98682 0.00000
558.00812 0.00000
558.01410 0.00000
558.02087 0.00000
558.02179 0.00000
558.02460 0.00000
558.03900 0.00001
558.04004 0.00000
558.04034 0.00001
558.04266 0.00000
558.05707 0.00000
558.08075 0.00000
558.09680 0.00000
558.09888 0.00000
558.10687 0.00000
558.13733 0.00000
558.15552 0.00000
558.16620 0.00000
558.17303 0.00000
558.20911 0.00000
558.22638 0.00000
558.23218 0.00000
558.25220 0.00000
558.25330 0.00000
558.32483 0.00000
558.32697 0.00000
558.33252 0.00000
558.33649 0.00000
558.35284 0.00059
558.35876 0.00017
558.35968 0.00033
558.36407 0.00000
558.37946 0.00000
558.38165 0.00000
558.38904 0.00000
558.39081 0.00000
558.39142 0.00000
558.43311 0.00000
558.43481 0.00003
558.45862 0.00000
558.46149 0.00000
558.46680 0.00058
558.47308 0.00021
558.47498 0.00044
558.48981 0.00000
558.49084 0.00000
558.54419 0.00000
558.54791 0.00000
558.58887 0.00000
558.59631 0.00000
558.59985 0.00000
558.61725 0.00000
558.61737 0.00000
558.63489 0.00000
558.65564 0.00000
558.65967 0.00000
558.66382 0.00000
558.67627 0.00000
558.67651 0.00000
558.71979 0.00000
558.72479 0.00000
558.74097 0.00000
558.74799 0.00000
558.75793 0.00000
558.78375 0.00000
558.78510 0.00000
558.79364 0.00000
558.80371 0.00000
558.81885 0.00000
558.86487 0.00000
558.87018 0.00000
558.88281 0.00000
558.88397 0.00000
558.88574 0.00000
558.88690 0.00000
558.88757 0.00000
558.88989 0.00000
558.90948 0.00000
558.91449 0.00000
558.91968 0.00000
558.96698 0.00000
558.96765 0.00000
558.96954 0.00000
558.98511 0.00000
559.02069 0.00002
559.03290 0.00000
559.03479 0.00000
559.03577 0.00000
559.04309 0.00000
559.04504 0.00000
559.04779 0.00000
559.05347 0.00000
559.12024 0.00003
559.12030 0.00003
559.12158 0.00000
559.12311 0.00005
559.13708 0.00000
559.15137 0.00000
559.17743 0.00000
559.18536 0.00000
559.18787 0.00000
559.18872 0.00000
559.19464 0.00000
559.22845 0.00000
559.33594 0.00000
559.38129 0.00002
559.38721 0.00002
559.43756 0.00000
559.43872 0.00000
559.43964 0.00001
559.45917 0.00000
559.52496 0.00000
559.54724 0.00000
559.55292 0.00000
559.59888 0.00000
559.60303 0.00000
559.66266 0.00000
559.67065 0.00000
559.68018 0.00000
559.68622 0.00000
559.68646 0.00000
559.73218 0.00000
559.76215 0.00000
559.77545 0.00000
559.78357 0.00000
559.85168 0.00000
560.01416 0.00000
560.06415 0.00000
560.07025 0.00000
560.07043 0.00000
560.07257 0.00000
560.07336 0.00000
560.08923 0.00000
560.12598 0.00001
560.12793 0.00000
560.15094 0.00001
560.17865 0.00000
560.18927 0.00000
560.20538 0.00000
560.21014 0.00000
560.21234 0.00000
560.21631 0.00000
560.26117 0.00000
560.26300 0.00000
560.26495 0.00000
560.26636 0.00000
560.26910 0.00000
560.29309 0.00000
560.30023 0.00000
560.30029 0.00000
560.30139 0.00000
560.35840 0.00000
560.37958 0.00000
560.38275 0.00000
560.38599 0.00000
560.46790 0.00000
560.47961 0.00008
560.48199 0.00000
560.48279 0.00008
560.48822 0.00000
560.51245 0.00000
560.53601 0.00000
560.55151 0.00000
560.57184 0.00006
560.57233 0.00003
560.59210 0.00000
560.66754 0.00000
560.71704 0.00068
560.71912 0.00068
560.75238 0.00000
560.75488 0.00000
560.75531 0.00000
560.76074 0.00000
560.76593 0.00000
560.77405 0.00000
560.77545 0.00000
560.77637 0.00000
560.79852 0.00000
560.88062 0.00000
560.89545 0.00000
560.92157 0.00000
560.94080 0.00000
560.97760 0.00000
561.00977 0.00000
561.05835 0.00000
561.10126 0.00000
561.10156 0.00000
561.13788 0.00000
561.15417 0.00000
561.17041 0.00000
561.25104 0.00000
561.25287 0.00000
561.25507 0.00000
561.26068 0.00000
561.30743 0.00000
561.33698 0.00072
561.33734 0.00036
561.34949 0.00000
561.35773 0.00000
561.40826 0.00000
561.40833 0.00000
561.42126 0.00000
561.42395 0.00000
561.42676 0.00000
561.43292 0.00000
561.45679 0.00000
561.45813 0.00000
561.47113 0.00000
561.47363 0.00000
561.47455 0.00000
561.55396 0.00000
561.60748 0.00000
561.61157 0.00000
561.61816 0.00000
561.61841 0.00000
561.62256 0.00000
561.62451 0.00000
561.62537 0.00000
561.63263 0.00000
561.63452 0.00000
561.66309 0.00000
561.68488 0.00000
561.68536 0.00000
561.68817 0.00000
561.70093 0.00000
561.70160 0.00000
561.76355 0.00000
561.76959 0.00000
561.79865 0.00000
561.80084 0.00000
561.80481 0.00000
561.80615 0.00000
561.81934 0.00000
561.82666 0.00000
561.83252 0.00090
561.83344 0.00046
561.88586 0.00000
561.88824 0.00000
561.88831 0.00000
561.89496 0.00000
561.90936 0.00000
561.94495 0.00000
561.94562 0.00000
561.95618 0.00000
561.95642 0.00000
561.95782 0.00000
561.95935 0.00000
561.98596 0.00000
562.00806 0.00000
562.01056 0.00000
562.01959 0.00000
562.02094 0.00000
562.02222 0.00000
562.03143 0.00000
562.07446 0.00000
562.08197 0.00001
562.09778 0.00000
562.09875 0.00000
562.10211 0.00000
562.11401 0.00000
562.12067 0.00000
562.14490 0.00000
562.14923 0.00000
562.14929 0.00000
562.15594 0.00000
562.15662 0.00000
562.16864 0.00000
562.17053 0.00000
562.17145 0.00000
562.17859 0.00000
562.18048 0.00000
562.22498 0.00000
562.25836 0.00000
562.32782 0.00000
562.34039 0.00000
562.34290 0.00000
562.34558 0.00000
562.34772 0.00000
562.37262 0.00000
562.37341 0.00000
562.39801 0.00000
562.39923 0.00000
562.39929 0.00000
562.45441 0.00000
562.45715 0.00000
562.45990 0.00000
562.46442 0.00000
562.47516 0.00000
562.48914 0.00000
562.49408 0.00000
562.50745 0.00000
562.51257 0.00000
562.51331 0.00000
562.51886 0.00000
562.53162 0.00000
562.53552 0.00000
562.55090 0.00000
562.55731 0.00000
562.57245 0.00000
562.57623 0.00000
562.61505 0.00002
562.61554 0.00001
562.64954 0.00000
562.65051 0.00000
562.65186 0.00000
562.65753 0.00000
562.66113 0.00000
562.66162 0.00000
562.68939 0.00000
562.74670 0.00000
562.77527 0.00000
562.77533 0.00000
562.80640 0.00000
562.84906 0.00000
562.87164 0.00000
562.88202 0.00000
562.90063 0.00000
562.95563 0.00003
562.95673 0.00004
562.96124 0.00000
562.96130 0.00000
563.01904 0.00000
563.01984 0.00000
563.02209 0.00000
563.02289 0.00000
563.02997 0.00000
563.03180 0.00000
563.31580 0.00000
563.37384 0.00027
563.37555 0.00027
563.38586 0.00000
563.38696 0.00000
563.42102 0.00000
563.42725 0.00000
563.43085 0.00000
563.43713 0.00000
563.43781 0.00000
563.48975 0.00000
563.51117 0.00000
563.51172 0.00000
563.51416 0.00000
563.52588 0.00000
563.52869 0.00000
563.55591 0.00000
563.55676 0.00000
563.55750 0.00000
563.62396 0.00000
563.73956 0.00000
563.76733 0.00018
563.77307 0.00018
563.81000 0.00000
563.81934 0.00000
563.82336 0.00000
563.84741 0.00000
563.90186 0.00000
563.92041 0.00000
563.93372 0.00000
563.93591 0.00002
563.93689 0.00001
563.95166 0.00000
563.95520 0.00000
563.95532 0.00000
563.95819 0.00000
563.95831 0.00000
563.96277 0.00000
563.96661 0.00000
563.96735 0.00000
563.97162 0.00000
563.97644 0.00000
563.99194 0.00000
564.00952 0.00000
564.01190 0.00000
564.01263 0.00000
564.01367 0.00000
564.01837 0.00000
564.02893 0.00000
564.03796 0.00000
564.04053 0.00000
564.04260 0.00002
564.04395 0.00001
564.04968 0.00000
564.05560 0.00000
564.05786 0.00000
564.06085 0.00000
564.06958 0.00000
564.10223 0.00000
564.10309 0.00000
564.14069 0.00000
564.15027 0.00000
564.15039 0.00000
564.15271 0.00000
564.15692 0.00000
564.16180 0.00000
564.16248 0.00000
564.17029 0.00000
564.17035 0.00000
564.17249 0.00000
564.17456 0.00000
564.18024 0.00000
564.18182 0.00000
564.18311 0.00000
564.18988 0.00000
564.19177 0.00000
564.20251 0.00000
564.24780 0.00000
564.26080 0.00000
564.26990 0.00000
564.27307 0.00000
564.27490 0.00000
564.27856 0.00000
564.27997 0.00000
564.32434 0.00000
564.35974 0.00000
564.37476 0.00000
564.37531 0.00000
564.38739 0.00000
564.41022 0.00000
564.41034 0.00000
564.44385 0.00000
564.53516 0.00000
564.54962 0.00000
564.55194 0.00000
564.55273 0.00000
564.55835 0.00000
564.57245 0.00000
564.57629 0.00000
564.58099 0.00000
564.58600 0.00000
564.58997 0.00000
564.64935 0.00000
564.66071 0.00000
564.66193 0.00000
564.66467 0.00000
564.67474 0.00000
564.68323 0.00000
564.68365 0.00000
564.77893 0.00000
564.82025 0.00000
564.82031 0.00000
564.83661 0.00000
564.84351 0.00000
564.91504 0.00000
564.94165 0.00000
564.95166 0.00000
564.96191 0.00000
564.96997 0.00000
564.98444 0.00000
565.00366 0.00000
565.01135 0.00000
565.05811 0.00000
565.06250 0.00000
565.07428 0.00000
565.07678 0.00000
565.08405 0.00000
565.10779 0.00000
565.10944 0.00000
565.12659 0.00000
565.12799 0.00000
565.18463 0.00000
565.18805 0.00000
565.19678 0.00000
565.22375 0.00000
565.23474 0.00000
565.35706 0.00000
565.35925 0.00000
565.36224 0.00000
565.39636 0.00000
565.39874 0.00000
565.39935 0.00000
565.40491 0.00000
565.40967 0.00000
565.41138 0.00000
565.41235 0.00000
565.44739 0.00000
565.49982 0.00000
565.50092 0.00000
565.51910 0.00000
565.52802 0.00000
565.53113 0.00000
565.53333 0.00000
565.53479 0.00000
565.55005 0.00000
565.61523 0.00000
565.61597 0.00000
565.61652 0.00000
565.62225 0.00000
565.64001 0.00000
565.64294 0.00000
565.65344 0.00000
565.65833 0.00000
565.66443 0.00000
565.70508 0.00000
565.78400 0.00000
565.79028 0.00000
565.79034 0.00000
565.82953 0.00000
565.83032 0.00000
565.91919 0.00000
565.92432 0.00000
565.92596 0.00000
565.94836 0.00000
565.95398 0.00000
565.99475 0.00000
566.00256 0.00000
566.03021 0.00000
566.03247 0.00000
566.03448 0.00000
566.03729 0.00000
566.05853 0.00000
566.07562 0.00000
566.10138 0.00000
566.11841 0.00000
566.12189 0.00000
566.15674 0.00000
566.16516 0.00000
566.16528 0.00000
566.17017 0.00000
566.17029 0.00000
566.18903 0.00000
566.19006 0.00000
566.19122 0.00000
566.19128 0.00000
566.19885 0.00000
566.20190 0.00000
566.21027 0.00000
566.21033 0.00000
566.23474 0.00000
566.24121 0.00000
566.24127 0.00000
566.26953 0.00000
566.27057 0.00000
566.28351 0.00000
566.28546 0.00000
566.28992 0.00000
566.33044 0.00000
566.33350 0.00000
566.34058 0.00000
566.35077 0.00000
566.35144 0.00000
566.37378 0.00000
566.38019 0.00000
566.38428 0.00000
566.38464 0.00000
566.39355 0.00000
566.40485 0.00000
566.41461 0.00000
566.41772 0.00000
566.42151 0.00000
566.42334 0.00000
566.43182 0.00000
566.43628 0.00000
566.43634 0.00000
566.43732 0.00000
566.45300 0.00000
566.46948 0.00000
566.47723 0.00000
566.48938 0.00000
566.50250 0.00000
566.50378 0.00000
566.51428 0.00000
566.51428 0.00000
566.52496 0.00000
566.53827 0.00000
566.53833 0.00000
566.55090 0.00000
566.55469 0.00000
566.55560 0.00000
566.55829 0.00000
566.55884 0.00000
566.55994 0.00000
566.56445 0.00000
566.56860 0.00000
566.56934 0.00000
566.57739 0.00000
566.57953 0.00000
566.58679 0.00000
566.61108 0.00000
566.62274 0.00000
566.63867 0.00000
566.64807 0.00000
566.68427 0.00000
566.68433 0.00000
566.72046 0.00000
566.72894 0.00000
566.73047 0.00000
566.76514 0.00000
566.76581 0.00000
566.76868 0.00000
566.78448 0.00000
566.82422 0.00000
566.83685 0.00000
566.86902 0.00000
566.89081 0.00000
566.90613 0.00000
566.91467 0.00000
566.91620 0.00000
566.91650 0.00000
566.91858 0.00000
566.92572 0.00000
566.92859 0.00000
566.93091 0.00000
566.97845 0.00000
566.99347 0.00000
567.00323 0.00000
567.01563 0.00000
567.01703 0.00000
567.03180 0.00000
567.05371 0.00000
567.05774 0.00000
567.06226 0.00000
567.06226 0.00000
567.06378 0.00000
567.06842 0.00000
567.07129 0.00000
567.07129 0.00000
567.09613 0.00000
567.10754 0.00000
567.11298 0.00000
567.11664 0.00000
567.11737 0.00000
567.12451 0.00000
567.14966 0.00000
567.17548 0.00000
567.18542 0.00000
567.18689 0.00000
567.18842 0.00000
567.19171 0.00000
567.21075 0.00000
567.22504 0.00000
567.33118 0.00000
567.35999 0.00000
567.36053 0.00000
567.42957 0.00000
567.43243 0.00000
567.45813 0.00000
567.46246 0.00000
567.47748 0.00000
567.48010 0.00000
567.48206 0.00000
567.48279 0.00000
567.50220 0.00000
567.51324 0.00000
567.51331 0.00000
567.53088 0.00000
567.53217 0.00000
567.53638 0.00000
567.57245 0.00000
567.58875 0.00000
567.59583 0.00000
567.59644 0.00000
567.59851 0.00000
567.60052 0.00000
567.61676 0.00000
567.62726 0.00000
567.62823 0.00000
567.62830 0.00000
567.63171 0.00000
567.63440 0.00000
567.64447 0.00000
567.66956 0.00000
567.68073 0.00000
567.68616 0.00000
567.69092 0.00000
567.69360 0.00000
567.70435 0.00000
567.71802 0.00000
567.73779 0.00000
567.74280 0.00000
567.74408 0.00000
567.80756 0.00000
567.81445 0.00000
567.82739 0.00000
567.82953 0.00000
567.87463 0.00000
567.88647 0.00000
567.89319 0.00000
567.89972 0.00000
567.91107 0.00000
567.91272 0.00000
567.95593 0.00000
567.98718 0.00000
567.98883 0.00000
567.99274 0.00000
568.01520 0.00000
568.01544 0.00000
568.02026 0.00000
568.02985 0.00000
568.03046 0.00000
568.03210 0.00000
568.06683 0.00000
568.06873 0.00000
568.07092 0.00000
568.08264 0.00000
568.08990 0.00000
568.11304 0.00000
568.11639 0.00000
568.13477 0.00000
568.13721 0.00000
568.14905 0.00000
568.15204 0.00000
568.15533 0.00000
568.16711 0.00000
568.16858 0.00000
568.17950 0.00000
568.19580 0.00000
568.19659 0.00000
568.20410 0.00000
568.22113 0.00000
568.22369 0.00000
568.23346 0.00000
568.23749 0.00000
568.24176 0.00000
568.25269 0.00000
568.26947 0.00000
568.27185 0.00000
568.27277 0.00000
568.27576 0.00000
568.28656 0.00000
568.28876 0.00000
568.29370 0.00000
568.31110 0.00000
568.34460 0.00000
568.35767 0.00000
568.35858 0.00000
568.36462 0.00000
568.36951 0.00000
568.37219 0.00000
568.37604 0.00000
568.37915 0.00000
568.38116 0.00000
568.38251 0.00000
568.38873 0.00000
568.39270 0.00000
568.39453 0.00000
568.39764 0.00000
568.40057 0.00000
568.41132 0.00000
568.43689 0.00000
568.44183 0.00000
568.44397 0.00000
568.45081 0.00000
568.46265 0.00000
568.46948 0.00000
568.47626 0.00000
568.47632 0.00000
568.48315 0.00000
568.49109 0.00000
568.49261 0.00000
568.49359 0.00000
568.49432 0.00000
568.49774 0.00000
568.51196 0.00000
568.51324 0.00000
568.51331 0.00000
568.51709 0.00000
568.52295 0.00000
568.52722 0.00000
568.52728 0.00000
568.54126 0.00000
568.54926 0.00000
568.54932 0.00000
568.55664 0.00000
568.56055 0.00000
568.56299 0.00000
568.56335 0.00000
568.56726 0.00000
568.56732 0.00000
568.57379 0.00000
568.57953 0.00000
568.58569 0.00000
568.59222 0.00000
568.60199 0.00000
568.60760 0.00000
568.62616 0.00000
568.63123 0.00000
568.63226 0.00000
568.63232 0.00000
568.64624 0.00000
568.64630 0.00000
568.64868 0.00000
568.65344 0.00000
568.65625 0.00000
568.65631 0.00000
568.65985 0.00000
568.66046 0.00000
568.67126 0.00000
568.67133 0.00000
568.67798 0.00000
568.68378 0.00000
568.68457 0.00000
568.71045 0.00000
568.71399 0.00000
568.73505 0.00000
568.73596 0.00000
568.73730 0.00000
568.73737 0.00000
568.74011 0.00000
568.74066 0.00000
568.75195 0.00000
568.77985 0.00000
568.78528 0.00000
568.78528 0.00000
568.79108 0.00000
568.79578 0.00000
568.79639 0.00000
568.80048 0.00000
568.81433 0.00000
568.82172 0.00000
568.82611 0.00000
568.85120 0.00000
568.85498 0.00000
568.85614 0.00000
568.85828 0.00000
568.89221 0.00000
568.89709 0.00000
568.90973 0.00000
568.92896 0.00000
568.93420 0.00000
568.93555 0.00000
568.93970 0.00000
568.94415 0.00000
568.95020 0.00000
568.95215 0.00000
568.95258 0.00000
568.98181 0.00000
568.98505 0.00000
568.98688 0.00000
568.98834 0.00000
569.03516 0.00000
569.03979 0.00000
569.04761 0.00000
569.06195 0.00000
569.06451 0.00000
569.06995 0.00000
569.08405 0.00000
569.08594 0.00000
569.09222 0.00000
569.10999 0.00000
569.11084 0.00000
569.12103 0.00000
569.12128 0.00000
569.12750 0.00000
569.14197 0.00000
569.15930 0.00000
569.16339 0.00000
569.17889 0.00000
569.18494 0.00000
569.19391 0.00000
569.20728 0.00000
569.20740 0.00000
569.23340 0.00000
569.23462 0.00000
569.24200 0.00000
569.27856 0.00000
569.27948 0.00000
569.28589 0.00000
569.28699 0.00000
569.28912 0.00000
569.28998 0.00000
569.29254 0.00000
569.29694 0.00000
569.33875 0.00000
569.34698 0.00000
569.34869 0.00000
569.35669 0.00000
569.39209 0.00000
569.39722 0.00000
569.41040 0.00000
569.41663 0.00000
569.41803 0.00000
569.43988 0.00000
569.44513 0.00000
569.44562 0.00000
569.47095 0.00000
569.47974 0.00000
569.48102 0.00000
569.48334 0.00000
569.48438 0.00000
569.50085 0.00000
569.50732 0.00000
569.51459 0.00000
569.53253 0.00000
569.55670 0.00000
569.56213 0.00000
569.57764 0.00000
569.60864 0.00000
569.63202 0.00000
569.64014 0.00000
569.66235 0.00000
569.66437 0.00000
569.67877 0.00000
569.68073 0.00000
569.69495 0.00000
569.70001 0.00000
569.77661 0.00000
569.77808 0.00000
569.78015 0.00000
569.78143 0.00000
569.79901 0.00000
569.81458 0.00000
569.82898 0.00000
569.82953 0.00000
569.85028 0.00000
569.85028 0.00000
569.86902 0.00000
569.88861 0.00000
569.89526 0.00000
569.93225 0.00000
569.94067 0.00000
569.94250 0.00000
569.94989 0.00000
569.96838 0.00000
569.97522 0.00000
569.98724 0.00000
569.98730 0.00000
569.99719 0.00000
570.02008 0.00000
570.02618 0.00000
570.02948 0.00000
570.03058 0.00000
570.04712 0.00000
570.04761 0.00000
570.06769 0.00000
570.09198 0.00000
570.09723 0.00000
570.09747 0.00000
570.10522 0.00000
570.10754 0.00000
570.13049 0.00000
570.14404 0.00000
570.15326 0.00000
570.15332 0.00000
570.16046 0.00000
570.17053 0.00000
570.18225 0.00000
570.18988 0.00000
570.21533 0.00000
570.22095 0.00000
570.22949 0.00000
570.26886 0.00000
570.28131 0.00000
570.28589 0.00000
570.29401 0.00000
570.29468 0.00000
570.29749 0.00000
570.30048 0.00000
570.31061 0.00000
570.31897 0.00000
570.32184 0.00000
570.32593 0.00000
570.32703 0.00000
570.33655 0.00000
570.36871 0.00000
570.37909 0.00000
570.40601 0.00000
570.42249 0.00000
570.42987 0.00000
570.43610 0.00000
570.43805 0.00000
570.43842 0.00000
570.44324 0.00000
570.46747 0.00000
570.46893 0.00000
570.46954 0.00000
570.47083 0.00000
570.49146 0.00000
570.50214 0.00000
570.50256 0.00000
570.50397 0.00000
570.50433 0.00000
570.54651 0.00000
570.55206 0.00000
570.55396 0.00000
570.56372 0.00000
570.57098 0.00000
570.57953 0.00000
570.59479 0.00000
570.63177 0.00000
570.64099 0.00000
570.64728 0.00000
570.64734 0.00000
570.67017 0.00000
570.68921 0.00000
570.69940 0.00000
570.70032 0.00000
570.70813 0.00000
570.70880 0.00000
570.71167 0.00000
570.72455 0.00000
570.74609 0.00000
570.76398 0.00000
570.79480 0.00000
570.81488 0.00000
570.81531 0.00000
570.83075 0.00000
570.83142 0.00000
570.83392 0.00000
570.83734 0.00000
570.89404 0.00000
570.90686 0.00000
570.91003 0.00000
570.91315 0.00000
570.91437 0.00000
570.92639 0.00000
570.93011 0.00000
570.93097 0.00000
570.93933 0.00000
570.95740 0.00000
570.95966 0.00000
570.97260 0.00000
570.98914 0.00000
570.99670 0.00000
571.00195 0.00000
571.01819 0.00000
571.02161 0.00000
571.02972 0.00000
571.03937 0.00000
571.05402 0.00000
571.06189 0.00000
571.06964 0.00000
571.08752 0.00000
571.09473 0.00000
571.09753 0.00000
571.09833 0.00000
571.12189 0.00000
571.13666 0.00000
571.15210 0.00000
571.15955 0.00000
571.21906 0.00000
571.21973 0.00000
571.26611 0.00000
571.28711 0.00000
571.29297 0.00000
571.33521 0.00000
571.34320 0.00000
571.34332 0.00000
571.34637 0.00000
571.34766 0.00000
571.34888 0.00000
571.34979 0.00000
571.35181 0.00000
571.37463 0.00000
571.41583 0.00000
571.41895 0.00000
571.42261 0.00000
571.42340 0.00000
571.44409 0.00000
571.46283 0.00000
571.46918 0.00000
571.48254 0.00000
571.50391 0.00000
571.51410 0.00000
571.53693 0.00000
571.53864 0.00000
571.54547 0.00000
571.54694 0.00000
571.55310 0.00000
571.55463 0.00000
571.55579 0.00000
571.55640 0.00000
571.55774 0.00000
571.56299 0.00000
571.57239 0.00000
571.57928 0.00000
571.57928 0.00000
571.58771 0.00000
571.60413 0.00000
571.61182 0.00000
571.61646 0.00000
571.63171 0.00000
571.63336 0.00000
571.64056 0.00000
571.67053 0.00000
571.67279 0.00000
571.69373 0.00000
571.71637 0.00000
571.71826 0.00000
571.71832 0.00000
571.72791 0.00000
571.73230 0.00000
571.73505 0.00000
571.75745 0.00000
571.76398 0.00000
571.76709 0.00000
571.77301 0.00000
571.79395 0.00000
571.82953 0.00000
571.85449 0.00000
571.85706 0.00000
571.86169 0.00000
571.86481 0.00000
571.88116 0.00000
571.88916 0.00000
571.89569 0.00000
571.94824 0.00000
571.94830 0.00000
571.99335 0.00000
572.01251 0.00000
572.02417 0.00000
572.04419 0.00000
572.04584 0.00000
572.09528 0.00000
572.09528 0.00000
572.09711 0.00000
572.10687 0.00000
572.12244 0.00000
572.13165 0.00000
572.15826 0.00000
572.15833 0.00000
572.16772 0.00000
572.17346 0.00000
572.17542 0.00000
572.19214 0.00000
572.20605 0.00000
572.22949 0.00000
572.24158 0.00000
572.27045 0.00000
572.27417 0.00000
572.27667 0.00000
572.27905 0.00000
572.28711 0.00000
572.29510 0.00000
572.30853 0.00000
572.35016 0.00000
572.35199 0.00000
572.35370 0.00000
572.36115 0.00000
572.38007 0.00000
572.38965 0.00000
572.39410 0.00000
572.40875 0.00000
572.41290 0.00000
572.41406 0.00000
572.42090 0.00000
572.43707 0.00000
572.43890 0.00000
572.44592 0.00000
572.44885 0.00000
572.48615 0.00000
572.48682 0.00000
572.49377 0.00000
572.50757 0.00000
572.50861 0.00000
572.51093 0.00000
572.51257 0.00000
572.51593 0.00000
572.52094 0.00000
572.53906 0.00000
572.53973 0.00000
572.54089 0.00000
572.54468 0.00000
572.56158 0.00000
572.56720 0.00000
572.57129 0.00000
572.57129 0.00000
572.57416 0.00000
572.57916 0.00000
572.58240 0.00000
572.60492 0.00000
572.63116 0.00000
572.63306 0.00000
572.65057 0.00000
572.65479 0.00000
572.65881 0.00000
572.66498 0.00000
572.67200 0.00000
572.67590 0.00000
572.67676 0.00000
572.68152 0.00000
572.68817 0.00000
572.68866 0.00000
572.69025 0.00000
572.69073 0.00000
572.69385 0.00000
572.71375 0.00000
572.71991 0.00000
572.72363 0.00000
572.72705 0.00000
572.72919 0.00000
572.73309 0.00000
572.73779 0.00000
572.74091 0.00000
572.74493 0.00000
572.74585 0.00000
572.78021 0.00000
572.78271 0.00000
572.78491 0.00000
572.78632 0.00000
572.80969 0.00000
572.82635 0.00000
572.85059 0.00000
572.85425 0.00000
572.85492 0.00000
572.86786 0.00000
572.87952 0.00000
572.88104 0.00000
572.88202 0.00000
572.89178 0.00000
572.90436 0.00000
572.90747 0.00000
572.90900 0.00000
572.91516 0.00000
572.92017 0.00000
572.92676 0.00000
572.92920 0.00000
572.94800 0.00000
572.98767 0.00000
572.99225 0.00000
572.99231 0.00000
572.99799 0.00000
572.99878 0.00000
573.00208 0.00000
573.03516 0.00000
573.04706 0.00000
573.04919 0.00000
573.06183 0.00000
573.06750 0.00000
573.08099 0.00000
573.08752 0.00000
573.10040 0.00000
573.11041 0.00000
573.11328 0.00000
573.11371 0.00000
573.12604 0.00000
573.13245 0.00000
573.14215 0.00000
573.14581 0.00000
573.15808 0.00000
573.16254 0.00000
573.17096 0.00000
573.17493 0.00000
573.18213 0.00000
573.18896 0.00000
573.20105 0.00000
573.20349 0.00000
573.21539 0.00000
573.22693 0.00000
573.23352 0.00000
573.23560 0.00000
573.24493 0.00000
573.25562 0.00000
573.27148 0.00000
573.27380 0.00000
573.27527 0.00000
573.27533 0.00000
573.29785 0.00000
573.34009 0.00000
573.34436 0.00000
573.34723 0.00000
573.35254 0.00000
573.36469 0.00000
573.37177 0.00000
573.39532 0.00000
573.41705 0.00000
573.41943 0.00000
573.42181 0.00000
573.42700 0.00000
573.43188 0.00000
573.44269 0.00000
573.45868 0.00000
573.47424 0.00000
573.47430 0.00000
573.47644 0.00000
573.48077 0.00000
573.52429 0.00000
573.53015 0.00000
573.53333 0.00000
573.55292 0.00000
573.56958 0.00000
573.58295 0.00000
573.59760 0.00000
573.63220 0.00000
573.65387 0.00000
573.65894 0.00000
573.66974 0.00000
573.67200 0.00000
573.69159 0.00000
573.70569 0.00000
573.71100 0.00000
573.71198 0.00000
573.72821 0.00000
573.74060 0.00000
573.74896 0.00000
573.76227 0.00000
573.76233 0.00000
573.76569 0.00000
573.77441 0.00000
573.77936 0.00000
573.79681 0.00000
573.80200 0.00000
573.82458 0.00000
573.82648 0.00000
573.83118 0.00000
573.83301 0.00000
573.83514 0.00000
573.83643 0.00000
573.83887 0.00000
573.83960 0.00000
573.84601 0.00000
573.84882 0.00000
573.86371 0.00000
573.88928 0.00000
573.88928 0.00000
573.92023 0.00000
573.92059 0.00000
573.92792 0.00000
573.93280 0.00000
573.93921 0.00000
573.95142 0.00000
573.95605 0.00000
573.95837 0.00000
573.96729 0.00000
573.96729 0.00000
573.97583 0.00000
573.98065 0.00000
573.98615 0.00000
574.00677 0.00000
574.01105 0.00000
574.01581 0.00000
574.02563 0.00000
574.03217 0.00000
574.04004 0.00000
574.06635 0.00000
574.08228 0.00000
574.09058 0.00000
574.10669 0.00000
574.11426 0.00000
574.11432 0.00000
574.11969 0.00000
574.16016 0.00000
574.17102 0.00000
574.22949 0.00000
574.23157 0.00000
574.23419 0.00000
574.23541 0.00000
574.23645 0.00000
574.24323 0.00000
574.27264 0.00000
574.28156 0.00000
574.28363 0.00000
574.30371 0.00000
574.31769 0.00000
574.33984 0.00000
574.34863 0.00000
574.35712 0.00000
574.36609 0.00000
574.38861 0.00000
574.38940 0.00000
574.40009 0.00000
574.40472 0.00000
574.41077 0.00000
574.41223 0.00000
574.42834 0.00000
574.43384 0.00000
574.45886 0.00000
574.46832 0.00000
574.47772 0.00000
574.48004 0.00000
574.48834 0.00000
574.49097 0.00000
574.55109 0.00000
574.56097 0.00000
574.57019 0.00000
574.57257 0.00000
574.57727 0.00000
574.57733 0.00000
574.60565 0.00000
574.62921 0.00000
574.64215 0.00000
574.65063 0.00000
574.66052 0.00000
574.68402 0.00000
574.72198 0.00000
574.72369 0.00000
574.72461 0.00000
574.72595 0.00000
574.73755 0.00000
574.73877 0.00000
574.74359 0.00000
574.76324 0.00000
574.76611 0.00000
574.78113 0.00000
574.79065 0.00000
574.80414 0.00000
574.82220 0.00000
574.82690 0.00000
574.82782 0.00000
574.82947 0.00000
574.83405 0.00000
574.88037 0.00000
574.88379 0.00000
574.88617 0.00000
574.89203 0.00000
574.90442 0.00000
574.90796 0.00000
574.90918 0.00000
574.90979 0.00000
574.91095 0.00000
574.92914 0.00000
574.93286 0.00000
574.94012 0.00000
574.94269 0.00000
574.94342 0.00000
574.96503 0.00000
574.97888 0.00000
575.00311 0.00000
575.03363 0.00000
575.05127 0.00000
575.06647 0.00000
575.08789 0.00000
575.10217 0.00000
575.13623 0.00000
575.15503 0.00000
575.22357 0.00000
575.25092 0.00000
575.25354 0.00000
575.27246 0.00000
575.28345 0.00000
575.29596 0.00000
575.34058 0.00000
575.34961 0.00000
575.35547 0.00000
575.36395 0.00000
575.36707 0.00000
575.39783 0.00000
575.48981 0.00000
575.49066 0.00000
575.49310 0.00000
575.58643 0.00000
575.59253 0.00000
575.62988 0.00000
575.63562 0.00000
575.64453 0.00000
575.69586 0.00000
575.70563 0.00000
575.73090 0.00000
575.74219 0.00000
575.74396 0.00000
575.77100 0.00000
575.78876 0.00000
575.81055 0.00000
575.81396 0.00000
575.81653 0.00000
575.82526 0.00000
575.82532 0.00000
575.87518 0.00000
575.87531 0.00000
575.91125 0.00000
575.91125 0.00000
575.91614 0.00000
575.92139 0.00000
575.92645 0.00000
575.92938 0.00000
575.97839 0.00000
575.98419 0.00000
576.00989 0.00000
576.01239 0.00000
576.01935 0.00000
576.02045 0.00000
576.05310 0.00000
576.05530 0.00000
576.05536 0.00000
576.07379 0.00000
576.07446 0.00000
576.09448 0.00000
576.12561 0.00000
576.12878 0.00000
576.13745 0.00000
576.17596 0.00000
576.18042 0.00000
576.18475 0.00000
576.20123 0.00000
576.20129 0.00000
576.20538 0.00000
576.20947 0.00000
576.22552 0.00000
576.23187 0.00000
576.24744 0.00000
576.25177 0.00000
576.25293 0.00000
576.25708 0.00000
576.29327 0.00000
576.29333 0.00000
576.33820 0.00000
576.35718 0.00000
576.37646 0.00000
576.37823 0.00000
576.38989 0.00000
576.40955 0.00000
576.42261 0.00000
576.42780 0.00000
576.43701 0.00000
576.43951 0.00000
576.44824 0.00000
576.48846 0.00000
576.49640 0.00000
576.49817 0.00000
576.50085 0.00000
576.51965 0.00000
576.53461 0.00000
576.53680 0.00000
576.53790 0.00000
576.54669 0.00000
576.54797 0.00000
576.54865 0.00000
576.55481 0.00000
576.57813 0.00000
576.58038 0.00000
576.60547 0.00000
576.61969 0.00000
576.63770 0.00000
576.63953 0.00000
576.64819 0.00000
576.67480 0.00000
576.68396 0.00000
576.69666 0.00000
576.70856 0.00000
576.72253 0.00000
576.73236 0.00000
576.78070 0.00000
576.78394 0.00000
576.79388 0.00000
576.79883 0.00000
576.80530 0.00000
576.80530 0.00000
576.81238 0.00000
576.81458 0.00000
576.81995 0.00000
576.84387 0.00000
576.85034 0.00000
576.86157 0.00000
576.87079 0.00000
576.87201 0.00000
576.88440 0.00000
576.89459 0.00000
576.89893 0.00000
576.90076 0.00000
576.90179 0.00000
576.91058 0.00000
576.91156 0.00000
576.91943 0.00000
576.94269 0.00000
576.95471 0.00000
576.96991 0.00000
576.97510 0.00000
576.97791 0.00000
576.98944 0.00000
576.99463 0.00000
577.01367 0.00000
577.01672 0.00000
577.03766 0.00000
577.03931 0.00000
577.04230 0.00000
577.04236 0.00000
577.04663 0.00000
577.04767 0.00000
577.05396 0.00000
577.06311 0.00000
577.06989 0.00000
577.08936 0.00000
577.09680 0.00000
577.09888 0.00000
577.09937 0.00000
577.10126 0.00000
577.10193 0.00000
577.10394 0.00000
577.12256 0.00000
577.12335 0.00000
577.14136 0.00000
577.15070 0.00000
577.15967 0.00000
577.16516 0.00000
577.16663 0.00000
577.17340 0.00000
577.19556 0.00000
577.19666 0.00000
577.23358 0.00000
577.25635 0.00000
577.27087 0.00000
577.30267 0.00000
577.32257 0.00000
577.34222 0.00000
577.34290 0.00000
577.35291 0.00000
577.35919 0.00000
577.37549 0.00000
577.40112 0.00000
577.40277 0.00000
577.40369 0.00000
577.40643 0.00000
577.44952 0.00000
577.46228 0.00000
577.46228 0.00000
577.47137 0.00000
577.47339 0.00000
577.47626 0.00000
577.47632 0.00000
577.49902 0.00000
577.50159 0.00000
577.50958 0.00000
577.51483 0.00000
577.51550 0.00000
577.51660 0.00000
577.51770 0.00000
577.53387 0.00000
577.55188 0.00000
577.55444 0.00000
577.56201 0.00000
577.58667 0.00000
577.58752 0.00000
577.60278 0.00000
577.60840 0.00000
577.62256 0.00000
577.62762 0.00000
577.63062 0.00000
577.63397 0.00000
577.63885 0.00000
577.64606 0.00000
577.66461 0.00000
577.68701 0.00000
577.69702 0.00000
577.72009 0.00000
577.72351 0.00000
577.72778 0.00000
577.75165 0.00000
577.75330 0.00000
577.75330 0.00000
577.76270 0.00000
577.79230 0.00000
577.79559 0.00000
577.80469 0.00000
577.83887 0.00000
577.83990 0.00000
577.87537 0.00000
577.88824 0.00000
577.89026 0.00000
577.90680 0.00000
577.96173 0.00000
577.98413 0.00000
577.98608 0.00000
578.00708 0.00000
578.02625 0.00000
578.02637 0.00000
578.02795 0.00000
578.03119 0.00000
578.09100 0.00000
578.09229 0.00000
578.09241 0.00000
578.09882 0.00000
578.17169 0.00000
578.17725 0.00000
578.17731 0.00000
578.17834 0.00000
578.24335 0.00000
578.25818 0.00000
578.25928 0.00000
578.26233 0.00000
578.30841 0.00000
578.32184 0.00000
578.33069 0.00000
578.34747 0.00000
578.35791 0.00000
578.36566 0.00000
578.37378 0.00000
578.37744 0.00000
578.39661 0.00000
578.40686 0.00000
578.43005 0.00000
578.43201 0.00000
578.43958 0.00000
578.44690 0.00000
578.47089 0.00000
578.48016 0.00000
578.48041 0.00000
578.50354 0.00000
578.51245 0.00000
578.51520 0.00000
578.55359 0.00000
578.63599 0.00000
578.63953 0.00000
578.68048 0.00000
578.70044 0.00000
578.70496 0.00000
578.72211 0.00000
578.72229 0.00000
578.72473 0.00000
578.75488 0.00000
578.79913 0.00000
578.80859 0.00000
578.81317 0.00000
578.81409 0.00000
578.87708 0.00000
578.88391 0.00000
578.88428 0.00000
578.88641 0.00000
578.90808 0.00000
578.91010 0.00000
578.92090 0.00000
578.94800 0.00000
578.95544 0.00000
578.95941 0.00000
578.97101 0.00000
578.97150 0.00000
578.97601 0.00000
578.98627 0.00000
579.04596 0.00000
579.04858 0.00000
579.05817 0.00000
579.06140 0.00000
579.08307 0.00000
579.09821 0.00000
579.10260 0.00000
579.11090 0.00000
579.11926 0.00001
579.11938 0.00001
579.12042 0.00000
579.12213 0.00000
579.12231 0.00000
579.15015 0.00000
579.17798 0.00000
579.18579 0.00000
579.20685 0.00000
579.21924 0.00000
579.21930 0.00000
579.25354 0.00000
579.26270 0.00000
579.33875 0.00000
579.33954 0.00000
579.36169 0.00000
579.37189 0.00000
579.37427 0.00000
579.37512 0.00000
579.37531 0.00000
579.38562 0.00000
579.38818 0.00000
579.38831 0.00000
579.39795 0.00000
579.40045 0.00000
579.41553 0.00000
579.43677 0.00000
579.43787 0.00000
579.44824 0.00000
579.44830 0.00000
579.46362 0.00000
579.47900 0.00000
579.48737 0.00000
579.49982 0.00000
579.51794 0.00000
579.53198 0.00000
579.53485 0.00000
579.53955 0.00000
579.54510 0.00000
579.56879 0.00000
579.57068 0.00000
579.57758 0.00000
579.59454 0.00000
579.60321 0.00000
579.60333 0.00000
579.61346 0.00000
579.61713 0.00000
579.61993 0.00000
579.62366 0.00000
579.66748 0.00000
579.67871 0.00000
579.67999 0.00000
579.68958 0.00000
579.70123 0.00000
579.71509 0.00000
579.73993 0.00000
579.74683 0.00000
579.74902 0.00000
579.74945 0.00000
579.75525 0.00000
579.75531 0.00000
579.78003 0.00000
579.79736 0.00000
579.79950 0.00000
579.83606 0.00000
579.85022 0.00000
579.85028 0.00000
579.87109 0.00000
579.89313 0.00000
579.90247 0.00000
579.90424 0.00000
579.90955 0.00000
579.93115 0.00000
579.94647 0.00000
579.97278 0.00000
579.97961 0.00000
579.98859 0.00000
580.02734 0.00000
580.02844 0.00000
580.03918 0.00000
580.03998 0.00000
580.04767 0.00000
580.05151 0.00000
580.05969 0.00000
580.06610 0.00000
580.08862 0.00000
580.11249 0.00000
580.13043 0.00000
580.13763 0.00000
580.16815 0.00000
580.17188 0.00000
580.17480 0.00000
580.18652 0.00000
580.18927 0.00000
580.18970 0.00000
580.19293 0.00000
580.19385 0.00000
580.19434 0.00000
580.19611 0.00000
580.20007 0.00000
580.24005 0.00000
580.25171 0.00000
580.25793 0.00000
580.26636 0.00000
580.27460 0.00000
580.28760 0.00000
580.30157 0.00000
580.31689 0.00000
580.32391 0.00000
580.34857 0.00000
580.35303 0.00000
580.36285 0.00000
580.38452 0.00000
580.38824 0.00000
580.40686 0.00000
580.40753 0.00000
580.43341 0.00000
580.43640 0.00000
580.43860 0.00000
580.44061 0.00000
580.44458 0.00000
580.44543 0.00000
580.46167 0.00000
580.47064 0.00000
580.49316 0.00000
580.50861 0.00000
580.51068 0.00000
580.52106 0.00000
580.52649 0.00000
580.55591 0.00000
580.55676 0.00000
580.56091 0.00000
580.59204 0.00000
580.62439 0.00000
580.62982 0.00000
580.63458 0.00000
580.64166 0.00000
580.64966 0.00000
580.66901 0.00000
580.67053 0.00000
580.67426 0.00000
580.67432 0.00000
580.67548 0.00000
580.71454 0.00000
580.72058 0.00000
580.77545 0.00000
580.78125 0.00000
580.78131 0.00000
580.83740 0.00000
580.83954 0.00000
580.84033 0.00001
580.86768 0.00000
580.87970 0.00000
580.88812 0.00000
580.89795 0.00000
580.90021 0.00000
580.90033 0.00000
580.90405 0.00000
580.91315 0.00000
580.91534 0.00000
580.93671 0.00000
580.93781 0.00000
580.94812 0.00000
580.95563 0.00000
580.97858 0.00000
580.99713 0.00000
580.99744 0.00000
580.99841 0.00000
581.00336 0.00000
581.03955 0.00000
581.05487 0.00000
581.08636 0.00000
581.09393 0.00000
581.11151 0.00000
581.11914 0.00000
581.12067 0.00000
581.13318 0.00000
581.14203 0.00000
581.15356 0.00000
581.15851 0.00000
581.16058 0.00000
581.17816 0.00000
581.17896 0.00000
581.18811 0.00000
581.20001 0.00000
581.20612 0.00000
581.21362 0.00000
581.24573 0.00000
581.25635 0.00000
581.27869 0.00000
581.29596 0.00000
581.32214 0.00000
581.32233 0.00000
581.33954 0.00000
581.34894 0.00000
581.36993 0.00000
581.37665 0.00000
581.38019 0.00000
581.38037 0.00000
581.40326 0.00000
581.40350 0.00000
581.40735 0.00000
581.41217 0.00000
581.41516 0.00001
581.45325 0.00000
581.45355 0.00000
581.48291 0.00000
581.50665 0.00000
581.53955 0.00000
581.54279 0.00000
581.55762 0.00000
581.56024 0.00000
581.56390 0.00000
581.56964 0.00000
581.57361 0.00000
581.60724 0.00000
581.60730 0.00000
581.66962 0.00000
581.69299 0.00000
581.75775 0.00000
581.77173 0.00000
581.78833 0.00000
581.81189 0.00000
581.81311 0.00000
581.84491 0.00000
581.86438 0.00000
581.87720 0.00000
581.88019 0.00000
581.88062 0.00000
581.88403 0.00000
581.91699 0.00000
581.93408 0.00000
581.93640 0.00000
581.93945 0.00000
581.94519 0.00000
581.94861 0.00000
581.95209 0.00000
581.95728 0.00000
581.95734 0.00000
581.97070 0.00000
581.97211 0.00000
581.99084 0.00000
582.01300 0.00000
582.01404 0.00000
582.02527 0.00000
582.02527 0.00000
582.03436 0.00000
582.04114 0.00000
582.04266 0.00000
582.04639 0.00000
582.04846 0.00000
582.06372 0.00000
582.07001 0.00000
582.09790 0.00000
582.15009 0.00000
582.17029 0.00000
582.17035 0.00000
582.19293 0.00000
582.23303 0.00000
582.23645 0.00000
582.23981 0.00000
582.27289 0.00000
582.28754 0.00000
582.29187 0.00000
582.33008 0.00000
582.33081 0.00000
582.34467 0.00000
582.34888 0.00000
582.36884 0.00000
582.39587 0.00000
582.39655 0.00000
582.41711 0.00000
582.43164 0.00000
582.43518 0.00000
582.43927 0.00000
582.43933 0.00000
582.46356 0.00000
582.47565 0.00000
582.48364 0.00000
582.49707 0.00000
582.54681 0.00000
582.55640 0.00000
582.57629 0.00000
582.58691 0.00000
582.59406 0.00000
582.60956 0.00000
582.62122 0.00000
582.64960 0.00000
582.66022 0.00000
582.67365 0.00000
582.67926 0.00000
582.67932 0.00000
582.69135 0.00000
582.70575 0.00000
582.70721 0.00000
582.71759 0.00000
582.72321 0.00000
582.72479 0.00000
582.74457 0.00000
582.75403 0.00000
582.75592 0.00000
582.76758 0.00000
582.83954 0.00000
582.84814 0.00000
582.86737 0.00000
582.87274 0.00000
582.88013 0.00000
582.88031 0.00000
582.89764 0.00000
582.90326 0.00000
582.90350 0.00000
582.90741 0.00000
582.91211 0.00000
582.91498 0.00000
582.91699 0.00000
582.93176 0.00000
582.95349 0.00000
582.95740 0.00000
582.95947 0.00000
582.98181 0.00000
583.00842 0.00000
583.01593 0.00000
583.03955 0.00000
583.04901 0.00000
583.05524 0.00000
583.05536 0.00000
583.05878 0.00000
583.06232 0.00000
583.06671 0.00000
583.10913 0.00000
583.14343 0.00000
583.17603 0.00000
583.19006 0.00000
583.19952 0.00000
583.20288 0.00000
583.21838 0.00000
583.22296 0.00000
583.22540 0.00000
583.23669 0.00000
583.24341 0.00000
583.25140 0.00000
583.27216 0.00000
583.29987 0.00000
583.31195 0.00000
583.33484 0.00000
583.34955 0.00000
583.37415 0.00000
583.38983 0.00000
583.39502 0.00000
583.43683 0.00000
583.44580 0.00000
583.45758 0.00000
583.46472 0.00000
583.47607 0.00000
583.47711 0.00000
583.48981 0.00000
583.50623 0.00000
583.50647 0.00000
583.51038 0.00000
583.51215 0.00000
583.54022 0.00000
583.54126 0.00000
583.54132 0.00000
583.55725 0.00000
583.56787 0.00000
583.58575 0.00000
583.58673 0.00000
583.59528 0.00000
583.59528 0.00000
583.61365 0.00000
583.61993 0.00000
583.62714 0.00000
583.64685 0.00000
583.64746 0.00000
583.64832 0.00000
583.66736 0.00000
583.70197 0.00000
583.72577 0.00000
583.72913 0.00000
583.74451 0.00000
583.77704 0.00000
583.78149 0.00000
583.84131 0.00000
583.88904 0.00000
583.91949 0.00000
583.92395 0.00000
583.93158 0.00000
583.99164 0.00000
583.99847 0.00000
584.02368 0.00000
584.03198 0.00000
584.10614 0.00000
584.11365 0.00000
584.13770 0.00000
584.17737 0.00000
584.18121 0.00000
584.19110 0.00000
584.21198 0.00000
584.22168 0.00000
584.24561 0.00000
584.24634 0.00000
584.25269 0.00000
584.26422 0.00000
584.29559 0.00000
584.36847 0.00000
584.38257 0.00000
584.39063 0.00000
584.39441 0.00000
584.39673 0.00000
584.39825 0.00000
584.39832 0.00000
584.40393 0.00000
584.41071 0.00000
584.41919 0.00000
584.41992 0.00000
584.42804 0.00000
584.43646 0.00000
584.43762 0.00000
584.44641 0.00000
584.44843 0.00000
584.45197 0.00000
584.46246 0.00000
584.47583 0.00000
584.48767 0.00000
584.49359 0.00000
584.50256 0.00000
584.54688 0.00000
584.54877 0.00000
584.54993 0.00000
584.55310 0.00000
584.55493 0.00000
584.55585 0.00000
584.55688 0.00000
584.56091 0.00000
584.58606 0.00000
584.60266 0.00000
584.68677 0.00000
584.68799 0.00000
584.69080 0.00000
584.71222 0.00000
584.71234 0.00000
584.71680 0.00000
584.82025 0.00000
584.84595 0.00000
584.87518 0.00000
584.88037 0.00000
584.90131 0.00000
584.92096 0.00000
584.92444 0.00000
584.93201 0.00000
584.98297 0.00000
585.01782 0.00000
585.03314 0.00000
585.04596 0.00000
585.07886 0.00000
585.08044 0.00000
585.09308 0.00000
585.09442 0.00000
585.10547 0.00000
585.12030 0.00000
585.14032 0.00000
585.14728 0.00000
585.14734 0.00000
585.19501 0.00000
585.20782 0.00000
585.23761 0.00000
585.26996 0.00000
585.38312 0.00000
585.41205 0.00000
585.49121 0.00000
585.51636 0.00000
585.51837 0.00000
585.67102 0.00000
585.74310 0.00000
585.74994 0.00000
585.75891 0.00000
585.79187 0.00000
585.79956 0.00000
585.80157 0.00000
585.80237 0.00000
585.81995 0.00000
585.85327 0.00000
585.85327 0.00000
585.87726 0.00000
585.87732 0.00000
585.89209 0.00000
585.89581 0.00000
585.91388 0.00000
585.93115 0.00000
585.94128 0.00000
585.94727 0.00000
585.94727 0.00000
585.96680 0.00000
585.96973 0.00000
585.97205 0.00000
586.00549 0.00000
586.03900 0.00000
586.04193 0.00000
586.04834 0.00000
586.07788 0.00000
586.08228 0.00000
586.08228 0.00000
586.12842 0.00000
586.17853 0.00000
586.20758 0.00000
586.22815 0.00000
586.26306 0.00000
586.28326 0.00000
586.28333 0.00000
586.32587 0.00000
586.34387 0.00000
586.42554 0.00000
586.44586 0.00000
586.45355 0.00000
586.50781 0.00000
586.56903 0.00000
586.57117 0.00000
586.57758 0.00000
586.58203 0.00000
586.61407 0.00001
586.62024 0.00000
586.62573 0.00000
586.65448 0.00000
586.68683 0.00000
586.73572 0.00000
586.92908 0.00000
587.01215 0.00000
587.01642 0.00000
587.08685 0.00000
587.12860 0.00000
587.21411 0.00000
587.23633 0.00000
587.26398 0.00000
587.28503 0.00000
587.36096 0.00000
587.37854 0.00000
587.41547 0.00000
587.43018 0.00000
587.43213 0.00000
587.44360 0.00000
587.45660 0.00000
587.49011 0.00000
587.51160 0.00000
587.51740 0.00000
587.52307 0.00000
587.53418 0.00000
587.56616 0.00000
587.58478 0.00000
587.61292 0.00000
587.71326 0.00000
587.71332 0.00000
587.82098 0.00000
588.32507 0.00000
588.34369 0.00000
588.48315 0.00000
588.49310 0.00000
588.49536 0.00000
588.49744 0.00000
588.50177 0.00000
588.57190 0.00000
588.61169 0.00000
588.70135 0.00000
588.70850 0.00000
588.71667 0.00000
588.75635 0.00000
589.24127 0.00000
589.24127 0.00000
589.51117 0.00000
589.52502 0.00000
589.58539 0.00000
589.67151 0.00000
589.72925 0.00000
589.72931 0.00000
589.95734 0.00000
590.24695 0.00000
590.71552 0.00000
591.20325 0.00000
591.20343 0.00000
591.53571 0.00000
592.14764 0.00000
595.08606 0.00000
595.09601 0.00000
595.10114 0.00000
595.51459 0.00000
596.64185 0.00000
596.69312 0.00000
596.70917 0.00000
596.79486 0.00000
596.79956 0.00000
596.81067 0.00000
596.82281 0.00000
596.95483 0.00000
596.96014 0.00000
596.96063 0.00000
597.03607 0.00000
597.03638 0.00000
597.07184 0.00000
597.13477 0.00000
597.19513 0.00000
597.23645 0.00000
597.23785 0.00000
597.26996 0.00000
597.27930 0.00000
597.29828 0.00000
597.29834 0.00000
597.29962 0.00000
597.30042 0.00000
597.37653 0.00000
597.41937 0.00000
597.77771 0.00000
597.81421 0.00000
597.85345 0.00000
597.97040 0.00000
598.16022 0.00000
598.16034 0.00000
598.34644 0.00000
598.59607 0.00000
598.60944 0.00000
598.65198 0.00000
598.69275 0.00000
598.70074 0.00000
598.76837 0.00000
598.84949 0.00000
598.85706 0.00000
598.95117 0.00000
598.95740 0.00000
598.99414 0.00000
598.99500 0.00000
599.04425 0.00000
599.04431 0.00000
599.09955 0.00000
599.10712 0.00000
599.12225 0.00000
599.12231 0.00000
599.12390 0.00000
599.12878 0.00000
599.19696 0.00000
599.22595 0.00000
599.23749 0.00000
599.30396 0.00000
599.33179 0.00000
599.35425 0.00000
599.41180 0.00000
599.41254 0.00000
599.41858 0.00000
599.53040 0.00000
599.57892 0.00000
599.58630 0.00000
599.58630 0.00000
599.66418 0.00000
599.67853 0.00000
599.69061 0.00000
599.79498 0.00000
599.83008 0.00000
599.86414 0.00000
599.93958 0.00000
599.95319 0.00000
600.04431 0.00000
600.10126 0.00000
600.10406 0.00000
600.10498 0.00000
600.11279 0.00000
600.21344 0.00000
600.28644 0.00000
600.30176 0.00000
600.31049 0.00000
600.31873 0.00000
600.33136 0.00000
600.36444 0.00000
600.36578 0.00000
600.40741 0.00000
600.43750 0.00000
600.44012 0.00000
600.44861 0.00000
600.52087 0.00000
600.52734 0.00000
600.53040 0.00000
600.69379 0.00000
600.69611 0.00000
600.74139 0.00000
600.97241 0.00000
601.01416 0.00000
601.09052 0.00000
601.09924 0.00000
601.09937 0.00000
601.10217 0.00000
601.13165 0.00000
601.25146 0.00000
601.35559 0.00000
601.40070 0.00000
601.41687 0.00000
601.42456 0.00000
601.54547 0.00000
601.54858 0.00000
601.55408 0.00000
601.72400 0.00000
602.12683 0.00000
602.13678 0.00000
602.19531 0.00000
602.20557 0.00000
602.22363 0.00000
602.25250 0.00000
602.27039 0.00000
602.34711 0.00000
602.37775 0.00000
602.37830 0.00000
602.38947 0.00000
602.39319 0.00000
602.39850 0.00000
602.41437 0.00000
602.42487 0.00000
602.43030 0.00000
602.43036 0.00000
602.43152 0.00000
602.44574 0.00000
602.48297 0.00000
602.51666 0.00000
602.54669 0.00000
602.83099 0.00000
603.31549 0.00000
603.36255 0.00000
603.42633 0.00000
603.49951 0.00000
603.53436 0.00000
603.60297 0.00000
603.62494 0.00000
603.63141 0.00000
603.68927 0.00000
603.68933 0.00000
603.71594 0.00000
603.71857 0.00000
603.72046 0.00000
604.66370 0.00000
604.95502 0.00000
604.95996 0.00000
605.03107 0.00000
605.09320 0.00000
605.54102 0.00000
605.59094 0.00000
605.61041 0.00000
607.19513 0.00000
607.19537 0.00000
607.30176 0.00000
