435.00000 0.00015 0.00002 0.00003 0.00001 -0.00145 0.00000
435.10000 0.00015 0.00002 0.00003 0.00001 -0.00143 0.00003
435.20000 0.00016 0.00003 0.00003 0.00001 -0.00142 0.00005
435.30000 0.00016 0.00003 0.00003 0.00001 -0.00140 0.00008
435.40000 0.00016 0.00003 0.00003 0.00001 -0.00139 0.00010
435.50000 0.00016 0.00003 0.00003 0.00001 -0.00137 0.00013
435.60000 0.00016 0.00003 0.00003 0.00001 -0.00136 0.00016
435.70000 0.00016 0.00003 0.00003 0.00001 -0.00134 0.00018
435.80000 0.00016 0.00003 0.00003 0.00001 -0.00133 0.00021
435.90000 0.00016 0.00003 0.00003 0.00001 -0.00132 0.00024
436.00000 0.00016 0.00003 0.00003 0.00001 -0.00130 0.00026
436.10000 0.00017 0.00003 0.00003 0.00001 -0.00129 0.00029
436.20000 0.00017 0.00003 0.00003 0.00001 -0.00127 0.00032
436.30000 0.00017 0.00003 0.00003 0.00001 -0.00126 0.00035
436.40000 0.00017 0.00003 0.00003 0.00001 -0.00124 0.00037
436.50000 0.00017 0.00003 0.00003 0.00001 -0.00123 0.00040
436.60000 0.00017 0.00003 0.00003 0.00001 -0.00121 0.00043
436.70000 0.00017 0.00003 0.00003 0.00001 -0.00120 0.00046
436.80000 0.00017 0.00003 0.00003 0.00001 -0.00119 0.00049
436.90000 0.00017 0.00003 0.00003 0.00001 -0.00117 0.00051
437.00000 0.00018 0.00003 0.00003 0.00001 -0.00116 0.00054
437.10000 0.00018 0.00003 0.00003 0.00001 -0.00114 0.00057
437.20000 0.00018 0.00003 0.00003 0.00001 -0.00113 0.00060
437.30000 0.00018 0.00003 0.00003 0.00001 -0.00111 0.00063
437.40000 0.00018 0.00003 0.00003 0.00001 -0.00110 0.00066
437.50000 0.00018 0.00003 0.00003 0.00001 -0.00108 0.00069
437.60000 0.00018 0.00003 0.00003 0.00001 -0.00107 0.00072
437.70000 0.00019 0.00003 0.00003 0.00001 -0.00106 0.00075
437.80000 0.00019 0.00003 0.00003 0.00001 -0.00104 0.00078
437.90000 0.00019 0.00003 0.00003 0.00001 -0.00103 0.00081
438.00000 0.00019 0.00003 0.00004 0.00001 -0.00101 0.00084
438.10000 0.00019 0.00003 0.00004 0.00001 -0.00100 0.00087
438.20000 0.00019 0.00003 0.00004 0.00001 -0.00098 0.00090
438.30000 0.00019 0.00003 0.00004 0.00001 -0.00097 0.00093
438.40000 0.00019 0.00003 0.00004 0.00001 -0.00095 0.00096
438.50000 0.00020 0.00003 0.00004 0.00001 -0.00094 0.00099
438.60000 0.00020 0.00003 0.00004 0.00001 -0.00093 0.00102
438.70000 0.00020 0.00003 0.00004 0.00001 -0.00091 0.00106
438.80000 0.00020 0.00003 0.00004 0.00001 -0.00090 0.00109
438.90000 0.00020 0.00003 0.00004 0.00001 -0.00088 0.00112
439.00000 0.00020 0.00003 0.00004 0.00001 -0.00087 0.00115
439.10000 0.00021 0.00003 0.00004 0.00001 -0.00085 0.00119
439.20000 0.00021 0.00003 0.00004 0.00001 -0.00084 0.00122
439.30000 0.00021 0.00003 0.00004 0.00001 -0.00082 0.00125
439.40000 0.00021 0.00003 0.00004 0.00001 -0.00081 0.00129
439.50000 0.00021 0.00003 0.00004 0.00001 -0.00080 0.00132
439.60000 0.00021 0.00003 0.00004 0.00001 -0.00078 0.00135
439.70000 0.00022 0.00003 0.00004 0.00001 -0.00077 0.00139
439.80000 0.00022 0.00003 0.00004 0.00001 -0.00075 0.00142
439.90000 0.00022 0.00003 0.00004 0.00001 -0.00074 0.00146
440.00000 0.00022 0.00003 0.00004 0.00001 -0.00072 0.00149
440.10000 0.00022 0.00003 0.00004 0.00001 -0.00071 0.00153
440.20000 0.00022 0.00003 0.00004 0.00001 -0.00069 0.00156
440.30000 0.00023 0.00003 0.00004 0.00001 -0.00068 0.00160
440.40000 0.00023 0.00003 0.00005 0.00001 -0.00067 0.00163
440.50000 0.00023 0.00003 0.00005 0.00001 -0.00065 0.00167
440.60000 0.00023 0.00003 0.00005 0.00001 -0.00064 0.00171
440.70000 0.00023 0.00003 0.00005 0.00001 -0.00062 0.00175
440.80000 0.00024 0.00003 0.00005 0.00001 -0.00061 0.00178
440.90000 0.00024 0.00003 0.00005 0.00001 -0.00059 0.00182
441.00000 0.00024 0.00003 0.00005 0.00001 -0.00058 0.00186
441.10000 0.00024 0.00003 0.00005 0.00001 -0.00056 0.00190
441.20000 0.00024 0.00003 0.00005 0.00001 -0.00055 0.00194
441.30000 0.00025 0.00003 0.00005 0.00001 -0.00054 0.00197
441.40000 0.00025 0.00003 0.00005 0.00001 -0.00052 0.00201
441.50000 0.00025 0.00003 0.00005 0.00001 -0.00051 0.00205
441.60000 0.00025 0.00003 0.00005 0.00001 -0.00049 0.00209
441.70000 0.00025 0.00003 0.00005 0.00001 -0.00048 0.00213
441.80000 0.00026 0.00003 0.00005 0.00001 -0.00046 0.00217
441.90000 0.00026 0.00003 0.00005 0.00001 -0.00045 0.00222
442.00000 0.00026 0.00003 0.00005 0.00001 -0.00043 0.00226
442.10000 0.00026 0.00003 0.00006 0.00002 -0.00042 0.00230
442.20000 0.00027 0.00003 0.00006 0.00002 -0.00040 0.00234
442.30000 0.00027 0.00003 0.00006 0.00002 -0.00039 0.00238
442.40000 0.00027 0.00003 0.00006 0.00002 -0.00038 0.00243
442.50000 0.00027 0.00003 0.00006 0.00002 -0.00036 0.00247
442.60000 0.00027 0.00003 0.00006 0.00002 -0.00035 0.00252
442.70000 0.00028 0.00003 0.00006 0.00002 -0.00033 0.00256
442.80000 0.00028 0.00003 0.00006 0.00002 -0.00032 0.00261
442.90000 0.00028 0.00003 0.00006 0.00002 -0.00030 0.00265
443.00000 0.00028 0.00003 0.00006 0.00002 -0.00029 0.00270
443.10000 0.00029 0.00003 0.00006 0.00002 -0.00027 0.00274
443.20000 0.00029 0.00003 0.00006 0.00002 -0.00026 0.00279
443.30000 0.00029 0.00003 0.00006 0.00002 -0.00025 0.00284
443.40000 0.00030 0.00004 0.00007 0.00002 -0.00023 0.00289
443.50000 0.00030 0.00004 0.00007 0.00002 -0.00022 0.00293
443.60000 0.00030 0.00004 0.00007 0.00002 -0.00020 0.00298
443.70000 0.00030 0.00004 0.00007 0.00002 -0.00019 0.00303
443.80000 0.00031 0.00004 0.00007 0.00002 -0.00017 0.00308
443.90000 0.00031 0.00004 0.00007 0.00002 -0.00016 0.00313
444.00000 0.00031 0.00004 0.00007 0.00002 -0.00014 0.00318
444.10000 0.00032 0.00004 0.00007 0.00002 -0.00013 0.00324
444.20000 0.00032 0.00004 0.00007 0.00002 -0.00012 0.00329
444.30000 0.00032 0.00004 0.00007 0.00002 -0.00010 0.00334
444.40000 0.00032 0.00004 0.00007 0.00002 -0.00009 0.00340
444.50000 0.00033 0.00004 0.00008 0.00002 -0.00007 0.00345
444.60000 0.00033 0.00004 0.00008 0.00002 -0.00006 0.00351
444.70000 0.00033 0.00004 0.00008 0.00002 -0.00004 0.00356
444.80000 0.00034 0.00004 0.00008 0.00002 -0.00003 0.00362
444.90000 0.00034 0.00004 0.00008 0.00002 -0.00001 0.00368
445.00000 0.00034 0.00004 0.00008 0.00002 -0.00000 0.00373
445.10000 0.00035 0.00004 0.00008 0.00002 0.00001 0.00379
445.20000 0.00035 0.00004 0.00008 0.00002 0.00003 0.00385
445.30000 0.00036 0.00004 0.00009 0.00002 0.00004 0.00391
445.40000 0.00036 0.00004 0.00009 0.00002 0.00004 0.00396
445.50000 0.00036 0.00004 0.00009 0.00002 0.00006 0.00403
445.60000 0.00037 0.00004 0.00009 0.00002 0.00008 0.00409
445.70000 0.00037 0.00004 0.00009 0.00002 0.00008 0.00414
445.80000 0.00037 0.00004 0.00009 0.00002 0.00008 0.00420
445.90000 0.00038 0.00004 0.00009 0.00002 0.00009 0.00426
446.00000 0.00038 0.00004 0.00010 0.00002 0.00011 0.00432
446.10000 0.00039 0.00004 0.00010 0.00002 0.00012 0.00439
446.20000 0.00039 0.00004 0.00010 0.00002 0.00013 0.00446
446.30000 0.00040 0.00004 0.00010 0.00002 0.00014 0.00452
446.40000 0.00040 0.00004 0.00010 0.00002 0.00014 0.00458
446.50000 0.00040 0.00004 0.00010 0.00002 0.00016 0.00465
446.60000 0.00041 0.00004 0.00011 0.00002 0.00018 0.00473
446.70000 0.00041 0.00004 0.00011 0.00002 0.00018 0.00479
446.80000 0.00042 0.00004 0.00011 0.00002 0.00018 0.00486
446.90000 0.00042 0.00004 0.00011 0.00002 0.00018 0.00492
447.00000 0.00043 0.00004 0.00011 0.00002 0.00018 0.00499
447.10000 0.00043 0.00004 0.00012 0.00003 0.00019 0.00506
447.20000 0.00044 0.00004 0.00012 0.00003 0.00020 0.00513
447.30000 0.00044 0.00004 0.00012 0.00003 0.00021 0.00521
447.40000 0.00045 0.00004 0.00012 0.00003 0.00022 0.00529
447.50000 0.00045 0.00004 0.00012 0.00003 0.00023 0.00537
447.60000 0.00046 0.00004 0.00013 0.00003 0.00023 0.00544
447.70000 0.00046 0.00004 0.00013 0.00003 0.00024 0.00552
447.80000 0.00047 0.00004 0.00013 0.00003 0.00024 0.00560
447.90000 0.00047 0.00004 0.00013 0.00003 0.00024 0.00568
448.00000 0.00048 0.00004 0.00014 0.00003 0.00025 0.00576
448.10000 0.00049 0.00004 0.00014 0.00003 0.00025 0.00585
448.20000 0.00049 0.00004 0.00014 0.00003 0.00026 0.00593
448.30000 0.00050 0.00004 0.00014 0.00003 0.00026 0.00602
448.40000 0.00050 0.00004 0.00015 0.00003 0.00027 0.00611
448.50000 0.00051 0.00004 0.00015 0.00003 0.00028 0.00621
448.60000 0.00052 0.00004 0.00015 0.00003 0.00029 0.00631
448.70000 0.00052 0.00004 0.00016 0.00003 0.00030 0.00641
448.80000 0.00053 0.00005 0.00016 0.00003 0.00031 0.00651
448.90000 0.00054 0.00005 0.00016 0.00003 0.00031 0.00662
449.00000 0.00054 0.00005 0.00017 0.00003 0.00032 0.00672
449.10000 0.00055 0.00005 0.00017 0.00003 0.00033 0.00683
449.20000 0.00056 0.00005 0.00018 0.00003 0.00034 0.00694
449.30000 0.00056 0.00005 0.00018 0.00003 0.00034 0.00705
449.40000 0.00057 0.00005 0.00018 0.00003 0.00035 0.00717
449.50000 0.00058 0.00005 0.00019 0.00003 0.00036 0.00729
449.60000 0.00059 0.00005 0.00019 0.00003 0.00037 0.00741
449.70000 0.00060 0.00005 0.00020 0.00003 0.00039 0.00755
449.80000 0.00060 0.00005 0.00020 0.00004 0.00041 0.00768
449.90000 0.00061 0.00005 0.00021 0.00004 0.00041 0.00781
450.00000 0.00062 0.00005 0.00021 0.00004 0.00042 0.00795
450.10000 0.00063 0.00005 0.00022 0.00004 0.00044 0.00809
450.20000 0.00064 0.00005 0.00022 0.00004 0.00045 0.00824
450.30000 0.00065 0.00005 0.00023 0.00004 0.00046 0.00839
450.40000 0.00066 0.00005 0.00023 0.00004 0.00048 0.00854
450.50000 0.00067 0.00005 0.00024 0.00004 0.00048 0.00869
450.60000 0.00067 0.00005 0.00025 0.00004 0.00049 0.00885
450.70000 0.00068 0.00005 0.00025 0.00004 0.00050 0.00902
450.80000 0.00069 0.00005 0.00026 0.00004 0.00052 0.00919
450.90000 0.00070 0.00005 0.00027 0.00004 0.00053 0.00936
451.00000 0.00072 0.00005 0.00027 0.00004 0.00055 0.00955
451.10000 0.00073 0.00005 0.00028 0.00004 0.00055 0.00973
451.20000 0.00074 0.00005 0.00029 0.00004 0.00056 0.00991
451.30000 0.00075 0.00005 0.00030 0.00004 0.00057 0.01010
451.40000 0.00076 0.00005 0.00031 0.00004 0.00057 0.01030
451.50000 0.00077 0.00005 0.00032 0.00005 0.00059 0.01051
451.60000 0.00078 0.00005 0.00033 0.00005 0.00061 0.01073
451.70000 0.00080 0.00005 0.00034 0.00005 0.00061 0.01095
451.80000 0.00081 0.00005 0.00035 0.00005 0.00062 0.01117
451.90000 0.00082 0.00005 0.00036 0.00005 0.00063 0.01141
452.00000 0.00084 0.00005 0.00037 0.00005 0.00064 0.01165
452.10000 0.00085 0.00005 0.00039 0.00005 0.00065 0.01190
452.20000 0.00086 0.00005 0.00040 0.00005 0.00066 0.01216
452.30000 0.00088 0.00005 0.00041 0.00005 0.00067 0.01244
452.40000 0.00089 0.00005 0.00043 0.00005 0.00069 0.01273
452.50000 0.00091 0.00005 0.00044 0.00005 0.00072 0.01304
452.60000 0.00092 0.00006 0.00046 0.00005 0.00074 0.01336
452.70000 0.00094 0.00006 0.00048 0.00006 0.00076 0.01368
452.80000 0.00096 0.00006 0.00050 0.00006 0.00078 0.01402
452.90000 0.00097 0.00006 0.00052 0.00006 0.00080 0.01438
453.00000 0.00099 0.00006 0.00054 0.00006 0.00083 0.01475
453.10000 0.00101 0.00006 0.00056 0.00006 0.00085 0.01513
453.20000 0.00103 0.00006 0.00058 0.00006 0.00087 0.01554
453.30000 0.00105 0.00006 0.00061 0.00006 0.00089 0.01597
453.40000 0.00106 0.00006 0.00063 0.00006 0.00092 0.01642
453.50000 0.00108 0.00006 0.00066 0.00006 0.00094 0.01688
453.60000 0.00110 0.00006 0.00069 0.00007 0.00097 0.01738
453.70000 0.00113 0.00006 0.00073 0.00007 0.00100 0.01790
453.80000 0.00115 0.00006 0.00076 0.00007 0.00103 0.01845
453.90000 0.00117 0.00006 0.00080 0.00007 0.00104 0.01902
454.00000 0.00119 0.00006 0.00084 0.00007 0.00105 0.01963
454.10000 0.00122 0.00006 0.00089 0.00007 0.00107 0.02027
454.20000 0.00124 0.00006 0.00094 0.00007 0.00109 0.02096
454.30000 0.00127 0.00006 0.00099 0.00008 0.00112 0.02171
454.40000 0.00129 0.00006 0.00105 0.00008 0.00115 0.02251
454.50000 0.00132 0.00006 0.00112 0.00008 0.00118 0.02337
454.60000 0.00135 0.00006 0.00119 0.00008 0.00121 0.02429
454.70000 0.00138 0.00006 0.00127 0.00008 0.00124 0.02530
454.80000 0.00141 0.00006 0.00135 0.00008 0.00127 0.02639
454.90000 0.00144 0.00006 0.00145 0.00009 0.00131 0.02759
455.00000 0.00147 0.00006 0.00156 0.00009 0.00135 0.02891
455.10000 0.00150 0.00006 0.00169 0.00009 0.00139 0.03038
455.20000 0.00154 0.00006 0.00184 0.00009 0.00143 0.03203
455.30000 0.00157 0.00006 0.00200 0.00009 0.00148 0.03390
455.40000 0.00161 0.00007 0.00220 0.00010 0.00154 0.03604
455.50000 0.00165 0.00007 0.00243 0.00010 0.00158 0.03852
455.60000 0.00169 0.00007 0.00272 0.00010 0.00163 0.04143
455.70000 0.00173 0.00007 0.00306 0.00010 0.00171 0.04493
455.80000 0.00177 0.00007 0.00348 0.00011 0.00178 0.04916
455.90000 0.00181 0.00007 0.00401 0.00011 0.00189 0.05435
456.00000 0.00186 0.00007 0.00467 0.00011 0.00199 0.06076
456.10000 0.00191 0.00007 0.00551 0.00011 0.00214 0.06878
456.20000 0.00196 0.00007 0.00657 0.00012 0.00230 0.07879
456.30000 0.00201 0.00007 0.00791 0.00012 0.00254 0.09139
456.40000 0.00206 0.00007 0.00960 0.00012 0.00278 0.10707
456.50000 0.00212 0.00007 0.01171 0.00013 0.00312 0.12659
456.60000 0.00218 0.00007 0.01431 0.00013 0.00347 0.15053
456.70000 0.00224 0.00007 0.01749 0.00013 0.00395 0.17972
456.80000 0.00231 0.00007 0.02131 0.00014 0.00444 0.21461
456.90000 0.00237 0.00007 0.02582 0.00014 0.00505 0.25580
457.00000 0.00244 0.00007 0.03106 0.00015 0.00567 0.30339
457.10000 0.00252 0.00007 0.03700 0.00015 0.00645 0.35743
457.20000 0.00259 0.00007 0.04359 0.00015 0.00724 0.41727
457.30000 0.00267 0.00007 0.05072 0.00016 0.00816 0.48206
457.40000 0.00276 0.00007 0.05822 0.00016 0.00908 0.55019
457.50000 0.00285 0.00007 0.06588 0.00017 0.01020 0.61988
457.60000 0.00294 0.00007 0.07342 0.00017 0.01131 0.68858
457.70000 0.00304 0.00008 0.08054 0.00018 0.01258 0.75380
457.80000 0.00314 0.00008 0.08694 0.00019 0.01386 0.81259
457.90000 0.00325 0.00008 0.09230 0.00019 0.01525 0.86238
458.00000 0.00337 0.00008 0.09635 0.00020 0.01664 0.90067
458.10000 0.00349 0.00008 0.09889 0.00021 0.01807 0.92561
458.20000 0.00362 0.00008 0.09977 0.00021 0.01949 0.93597
458.30000 0.00376 0.00008 0.09895 0.00022 0.02089 0.93131
458.40000 0.00390 0.00008 0.09648 0.00023 0.02228 0.91207
458.50000 0.00406 0.00008 0.09249 0.00024 0.02355 0.87934
458.60000 0.00422 0.00008 0.08719 0.00025 0.02482 0.83514
458.70000 0.00440 0.00008 0.08086 0.00026 0.02591 0.78170
458.80000 0.00458 0.00008 0.07380 0.00027 0.02701 0.72188
458.90000 0.00478 0.00008 0.06631 0.00028 0.02794 0.65831
459.00000 0.00500 0.00008 0.05871 0.00029 0.02886 0.59383
459.10000 0.00522 0.00008 0.05126 0.00030 0.02963 0.53067
459.20000 0.00547 0.00008 0.04418 0.00032 0.03040 0.47096
459.30000 0.00573 0.00008 0.03763 0.00033 0.03105 0.41607
459.40000 0.00602 0.00008 0.03174 0.00035 0.03169 0.36713
459.50000 0.00633 0.00008 0.02656 0.00036 0.03226 0.32460
459.60000 0.00666 0.00009 0.02209 0.00038 0.03283 0.28868
459.70000 0.00702 0.00009 0.01832 0.00040 0.03333 0.25912
459.80000 0.00741 0.00009 0.01519 0.00042 0.03384 0.23556
459.90000 0.00784 0.00009 0.01264 0.00044 0.03431 0.21738
460.00000 0.00831 0.00009 0.01059 0.00047 0.03479 0.20398
460.10000 0.00882 0.00009 0.00895 0.00050 0.03525 0.19466
460.20000 0.00937 0.00009 0.00766 0.00053 0.03570 0.18883
460.30000 0.00998 0.00009 0.00664 0.00056 0.03616 0.18595
460.40000 0.01066 0.00009 0.00584 0.00059 0.03663 0.18553
460.50000 0.01139 0.00009 0.00520 0.00063 0.03712 0.18720
460.60000 0.01221 0.00009 0.00468 0.00068 0.03760 0.19066
460.70000 0.01310 0.00009 0.00425 0.00073 0.03811 0.19571
460.80000 0.01408 0.00009 0.00389 0.00078 0.03861 0.20218
460.90000 0.01517 0.00009 0.00357 0.00085 0.03915 0.21003
461.00000 0.01635 0.00009 0.00329 0.00092 0.03968 0.21919
461.10000 0.01765 0.00010 0.00304 0.00100 0.04029 0.22976
461.20000 0.01907 0.00010 0.00280 0.00110 0.04089 0.24169
461.30000 0.02062 0.00010 0.00258 0.00122 0.04155 0.25509
461.40000 0.02230 0.00010 0.00237 0.00136 0.04221 0.26997
461.50000 0.02410 0.00010 0.00218 0.00153 0.04295 0.28648
461.60000 0.02603 0.00010 0.00201 0.00174 0.04369 0.30459
461.70000 0.02807 0.00010 0.00185 0.00201 0.04454 0.32447
461.80000 0.03023 0.00010 0.00171 0.00234 0.04540 0.34603
461.90000 0.03247 0.00010 0.00159 0.00276 0.04636 0.36943
462.00000 0.03478 0.00010 0.00148 0.00329 0.04732 0.39456
462.10000 0.03714 0.00010 0.00139 0.00396 0.04842 0.42159
462.20000 0.03950 0.00010 0.00132 0.00480 0.04952 0.45038
462.30000 0.04184 0.00010 0.00126 0.00585 0.05076 0.48109
462.40000 0.04412 0.00011 0.00122 0.00716 0.05201 0.51357
462.50000 0.04630 0.00011 0.00119 0.00875 0.05339 0.54794
462.60000 0.04833 0.00011 0.00117 0.01066 0.05477 0.58402
462.70000 0.05019 0.00011 0.00116 0.01291 0.05629 0.62184
462.80000 0.05184 0.00011 0.00117 0.01553 0.05780 0.66106
462.90000 0.05324 0.00011 0.00119 0.01850 0.05944 0.70151
463.00000 0.05438 0.00011 0.00122 0.02180 0.06108 0.74261
463.10000 0.05524 0.00011 0.00127 0.02536 0.06284 0.78389
463.20000 0.05582 0.00011 0.00133 0.02911 0.06461 0.82443
463.30000 0.05612 0.00011 0.00140 0.03294 0.06647 0.86337
463.40000 0.05614 0.00011 0.00149 0.03671 0.06834 0.89954
463.50000 0.05592 0.00011 0.00160 0.04027 0.07028 0.93184
463.60000 0.05546 0.00012 0.00172 0.04347 0.07223 0.95903
463.70000 0.05481 0.00012 0.00186 0.04615 0.07422 0.98005
463.80000 0.05399 0.00012 0.00201 0.04817 0.07620 0.99392
463.90000 0.05303 0.00012 0.00218 0.04944 0.07821 1.00000
464.00000 0.05197 0.00012 0.00235 0.04988 0.08023 0.99792
464.10000 0.05083 0.00012 0.00253 0.04948 0.08221 0.98766
464.20000 0.04965 0.00012 0.00270 0.04824 0.08419 0.96963
464.30000 0.04844 0.00012 0.00287 0.04624 0.08612 0.94454
464.40000 0.04723 0.00012 0.00302 0.04360 0.08805 0.91346
464.50000 0.04602 0.00012 0.00315 0.04043 0.08993 0.87756
464.60000 0.04482 0.00013 0.00325 0.03690 0.09181 0.83827
464.70000 0.04364 0.00013 0.00331 0.03316 0.09358 0.79684
464.80000 0.04247 0.00013 0.00333 0.02935 0.09536 0.75467
464.90000 0.04131 0.00013 0.00331 0.02563 0.09704 0.71280
465.00000 0.04016 0.00013 0.00325 0.02209 0.09872 0.67226
465.10000 0.03901 0.00013 0.00315 0.01882 0.10029 0.63365
465.20000 0.03785 0.00013 0.00301 0.01587 0.10185 0.59757
465.30000 0.03669 0.00013 0.00285 0.01328 0.10332 0.56419
465.40000 0.03551 0.00013 0.00266 0.01104 0.10480 0.53370
465.50000 0.03433 0.00014 0.00245 0.00916 0.10618 0.50594
465.60000 0.03313 0.00014 0.00224 0.00760 0.10756 0.48087
465.70000 0.03192 0.00014 0.00202 0.00632 0.10883 0.45816
465.80000 0.03071 0.00014 0.00181 0.00529 0.11011 0.43767
465.90000 0.02950 0.00014 0.00162 0.00448 0.11133 0.41909
466.00000 0.02830 0.00014 0.00143 0.00383 0.11255 0.40225
466.10000 0.02712 0.00014 0.00127 0.00332 0.11368 0.38685
466.20000 0.02596 0.00014 0.00112 0.00292 0.11481 0.37280
466.30000 0.02484 0.00015 0.00099 0.00260 0.11586 0.35987
466.40000 0.02376 0.00015 0.00087 0.00234 0.11691 0.34800
466.50000 0.02273 0.00015 0.00078 0.00213 0.11789 0.33705
466.60000 0.02176 0.00015 0.00070 0.00194 0.11888 0.32700
466.70000 0.02084 0.00015 0.00063 0.00179 0.11981 0.31774
466.80000 0.01998 0.00015 0.00057 0.00165 0.12074 0.30926
466.90000 0.01918 0.00015 0.00052 0.00152 0.12161 0.30147
467.00000 0.01845 0.00016 0.00048 0.00140 0.12249 0.29440
467.10000 0.01778 0.00016 0.00045 0.00129 0.12332 0.28797
467.20000 0.01717 0.00016 0.00042 0.00119 0.12416 0.28220
467.30000 0.01661 0.00016 0.00040 0.00109 0.12496 0.27703
467.40000 0.01611 0.00016 0.00039 0.00101 0.12576 0.27245
467.50000 0.01567 0.00016 0.00038 0.00093 0.12652 0.26842
467.60000 0.01527 0.00017 0.00037 0.00086 0.12729 0.26494
467.70000 0.01492 0.00017 0.00036 0.00080 0.12802 0.26195
467.80000 0.01462 0.00017 0.00036 0.00074 0.12876 0.25948
467.90000 0.01436 0.00017 0.00036 0.00070 0.12946 0.25745
468.00000 0.01414 0.00017 0.00037 0.00066 0.13016 0.25590
468.10000 0.01396 0.00017 0.00038 0.00063 0.13085 0.25478
468.20000 0.01382 0.00018 0.00039 0.00061 0.13153 0.25411
468.30000 0.01372 0.00018 0.00041 0.00059 0.13220 0.25386
468.40000 0.01365 0.00018 0.00043 0.00058 0.13286 0.25404
468.50000 0.01362 0.00018 0.00046 0.00058 0.13352 0.25463
468.60000 0.01363 0.00018 0.00050 0.00058 0.13418 0.25563
468.70000 0.01366 0.00019 0.00054 0.00059 0.13484 0.25705
468.80000 0.01373 0.00019 0.00059 0.00061 0.13550 0.25886
468.90000 0.01383 0.00019 0.00065 0.00063 0.13613 0.26104
469.00000 0.01395 0.00019 0.00072 0.00066 0.13676 0.26360
469.10000 0.01409 0.00019 0.00080 0.00070 0.13739 0.26650
469.20000 0.01425 0.00020 0.00089 0.00075 0.13801 0.26973
469.30000 0.01443 0.00020 0.00099 0.00080 0.13864 0.27328
469.40000 0.01461 0.00020 0.00111 0.00086 0.13927 0.27708
469.50000 0.01479 0.00020 0.00125 0.00093 0.13991 0.28112
469.60000 0.01497 0.00020 0.00140 0.00101 0.14054 0.28533
469.70000 0.01514 0.00021 0.00157 0.00109 0.14116 0.28965
469.80000 0.01529 0.00021 0.00175 0.00118 0.14179 0.29403
469.90000 0.01542 0.00021 0.00196 0.00126 0.14241 0.29840
470.00000 0.01552 0.00021 0.00219 0.00135 0.14304 0.30268
470.10000 0.01559 0.00022 0.00243 0.00143 0.14367 0.30682
470.20000 0.01563 0.00022 0.00269 0.00151 0.14429 0.31073
470.30000 0.01563 0.00022 0.00298 0.00157 0.14492 0.31435
470.40000 0.01558 0.00022 0.00327 0.00162 0.14554 0.31761
470.50000 0.01550 0.00023 0.00358 0.00165 0.14616 0.32046
470.60000 0.01537 0.00023 0.00390 0.00167 0.14678 0.32286
470.70000 0.01520 0.00023 0.00422 0.00166 0.14741 0.32477
470.80000 0.01500 0.00023 0.00454 0.00163 0.14803 0.32617
470.90000 0.01477 0.00024 0.00486 0.00158 0.14867 0.32705
471.00000 0.01451 0.00024 0.00516 0.00151 0.14931 0.32738
471.10000 0.01422 0.00024 0.00543 0.00142 0.14994 0.32717
471.20000 0.01391 0.00025 0.00568 0.00133 0.15058 0.32640
471.30000 0.01360 0.00025 0.00588 0.00123 0.15122 0.32508
471.40000 0.01327 0.00025 0.00603 0.00112 0.15185 0.32320
471.50000 0.01294 0.00025 0.00612 0.00101 0.15248 0.32078
471.60000 0.01262 0.00026 0.00615 0.00091 0.15312 0.31784
471.70000 0.01230 0.00026 0.00611 0.00081 0.15376 0.31439
471.80000 0.01198 0.00026 0.00600 0.00072 0.15439 0.31048
471.90000 0.01169 0.00027 0.00583 0.00063 0.15504 0.30618
472.00000 0.01140 0.00027 0.00559 0.00056 0.15568 0.30153
472.10000 0.01113 0.00027 0.00530 0.00049 0.15633 0.29664
472.20000 0.01088 0.00028 0.00497 0.00044 0.15697 0.29158
472.30000 0.01064 0.00028 0.00461 0.00039 0.15762 0.28647
472.40000 0.01042 0.00029 0.00422 0.00035 0.15826 0.28139
472.50000 0.01022 0.00029 0.00383 0.00031 0.15889 0.27643
472.60000 0.01002 0.00029 0.00345 0.00028 0.15952 0.27168
472.70000 0.00984 0.00030 0.00308 0.00026 0.16015 0.26722
472.80000 0.00967 0.00030 0.00274 0.00024 0.16077 0.26308
472.90000 0.00950 0.00031 0.00242 0.00023 0.16141 0.25929
473.00000 0.00934 0.00031 0.00214 0.00021 0.16204 0.25587
473.10000 0.00918 0.00031 0.00190 0.00020 0.16265 0.25279
473.20000 0.00902 0.00032 0.00168 0.00019 0.16327 0.25004
473.30000 0.00886 0.00032 0.00150 0.00019 0.16389 0.24759
473.40000 0.00870 0.00033 0.00135 0.00018 0.16451 0.24541
473.50000 0.00854 0.00033 0.00123 0.00018 0.16513 0.24346
473.60000 0.00837 0.00034 0.00113 0.00018 0.16575 0.24169
473.70000 0.00820 0.00034 0.00105 0.00018 0.16635 0.24005
473.80000 0.00802 0.00035 0.00098 0.00018 0.16695 0.23853
473.90000 0.00784 0.00035 0.00093 0.00019 0.16755 0.23711
474.00000 0.00765 0.00036 0.00089 0.00020 0.16816 0.23576
474.10000 0.00746 0.00036 0.00086 0.00020 0.16875 0.23445
474.20000 0.00727 0.00037 0.00083 0.00022 0.16935 0.23319
474.30000 0.00708 0.00037 0.00080 0.00023 0.16994 0.23198
474.40000 0.00688 0.00038 0.00078 0.00025 0.17054 0.23080
474.50000 0.00669 0.00039 0.00075 0.00027 0.17116 0.22968
474.60000 0.00650 0.00039 0.00073 0.00029 0.17178 0.22860
474.70000 0.00631 0.00040 0.00070 0.00032 0.17238 0.22756
474.80000 0.00612 0.00040 0.00067 0.00036 0.17299 0.22658
474.90000 0.00594 0.00041 0.00063 0.00040 0.17361 0.22569
475.00000 0.00577 0.00042 0.00060 0.00044 0.17422 0.22487
475.10000 0.00560 0.00042 0.00056 0.00050 0.17483 0.22415
475.20000 0.00544 0.00043 0.00052 0.00056 0.17544 0.22354
475.30000 0.00529 0.00044 0.00048 0.00062 0.17606 0.22308
475.40000 0.00515 0.00045 0.00044 0.00070 0.17668 0.22276
475.50000 0.00501 0.00045 0.00040 0.00078 0.17732 0.22262
475.60000 0.00488 0.00046 0.00037 0.00088 0.17795 0.22265
475.70000 0.00477 0.00047 0.00033 0.00098 0.17859 0.22286
475.80000 0.00465 0.00048 0.00030 0.00109 0.17922 0.22326
475.90000 0.00455 0.00049 0.00027 0.00122 0.17987 0.22385
476.00000 0.00446 0.00050 0.00025 0.00135 0.18051 0.22461
476.10000 0.00437 0.00050 0.00022 0.00149 0.18116 0.22555
476.20000 0.00429 0.00051 0.00020 0.00164 0.18181 0.22665
476.30000 0.00421 0.00052 0.00019 0.00179 0.18246 0.22789
476.40000 0.00414 0.00053 0.00017 0.00195 0.18311 0.22924
476.50000 0.00407 0.00054 0.00016 0.00211 0.18378 0.23069
476.60000 0.00401 0.00055 0.00016 0.00227 0.18444 0.23219
476.70000 0.00395 0.00056 0.00015 0.00243 0.18512 0.23371
476.80000 0.00389 0.00057 0.00015 0.00258 0.18580 0.23520
476.90000 0.00383 0.00059 0.00014 0.00272 0.18647 0.23659
477.00000 0.00377 0.00060 0.00014 0.00284 0.18714 0.23786
477.10000 0.00371 0.00061 0.00014 0.00294 0.18781 0.23895
477.20000 0.00365 0.00062 0.00014 0.00301 0.18848 0.23982
477.30000 0.00358 0.00063 0.00014 0.00306 0.18915 0.24041
477.40000 0.00352 0.00065 0.00015 0.00308 0.18982 0.24071
477.50000 0.00345 0.00066 0.00015 0.00306 0.19050 0.24070
477.60000 0.00338 0.00067 0.00015 0.00300 0.19119 0.24037
477.70000 0.00331 0.00069 0.00015 0.00291 0.19185 0.23970
477.80000 0.00323 0.00070 0.00015 0.00280 0.19252 0.23873
477.90000 0.00316 0.00072 0.00015 0.00265 0.19320 0.23753
478.00000 0.00308 0.00074 0.00015 0.00248 0.19387 0.23611
478.10000 0.00300 0.00075 0.00015 0.00230 0.19455 0.23454
478.20000 0.00291 0.00077 0.00014 0.00211 0.19522 0.23287
478.30000 0.00283 0.00079 0.00014 0.00192 0.19590 0.23117
478.40000 0.00275 0.00080 0.00014 0.00173 0.19657 0.22950
478.50000 0.00266 0.00082 0.00014 0.00154 0.19725 0.22790
478.60000 0.00258 0.00084 0.00013 0.00137 0.19793 0.22642
478.70000 0.00250 0.00086 0.00013 0.00121 0.19861 0.22509
478.80000 0.00242 0.00089 0.00013 0.00107 0.19929 0.22392
478.90000 0.00234 0.00091 0.00013 0.00095 0.19995 0.22291
479.00000 0.00226 0.00093 0.00013 0.00084 0.20060 0.22207
479.10000 0.00218 0.00095 0.00013 0.00075 0.20126 0.22141
479.20000 0.00211 0.00098 0.00012 0.00068 0.20192 0.22091
479.30000 0.00204 0.00101 0.00012 0.00061 0.20257 0.22055
479.40000 0.00197 0.00103 0.00012 0.00056 0.20321 0.22032
479.50000 0.00190 0.00106 0.00012 0.00052 0.20387 0.22022
479.60000 0.00184 0.00109 0.00012 0.00049 0.20452 0.22021
479.70000 0.00178 0.00112 0.00011 0.00047 0.20516 0.22029
479.80000 0.00172 0.00115 0.00011 0.00044 0.20581 0.22044
479.90000 0.00166 0.00119 0.00011 0.00043 0.20645 0.22065
480.00000 0.00161 0.00122 0.00010 0.00041 0.20709 0.22091
480.10000 0.00156 0.00126 0.00010 0.00040 0.20772 0.22123
480.20000 0.00151 0.00130 0.00009 0.00039 0.20836 0.22158
480.30000 0.00146 0.00134 0.00009 0.00038 0.20899 0.22195
480.40000 0.00142 0.00138 0.00008 0.00036 0.20962 0.22236
480.50000 0.00138 0.00142 0.00008 0.00035 0.21024 0.22280
480.60000 0.00134 0.00147 0.00007 0.00033 0.21087 0.22326
480.70000 0.00130 0.00152 0.00007 0.00032 0.21150 0.22376
480.80000 0.00126 0.00157 0.00007 0.00030 0.21214 0.22429
480.90000 0.00123 0.00163 0.00006 0.00028 0.21278 0.22487
481.00000 0.00120 0.00168 0.00006 0.00026 0.21342 0.22548
481.10000 0.00116 0.00175 0.00006 0.00024 0.21406 0.22613
481.20000 0.00113 0.00181 0.00005 0.00022 0.21470 0.22683
481.30000 0.00110 0.00188 0.00005 0.00020 0.21533 0.22757
481.40000 0.00108 0.00195 0.00005 0.00018 0.21596 0.22838
481.50000 0.00105 0.00203 0.00005 0.00017 0.21660 0.22925
481.60000 0.00103 0.00211 0.00005 0.00015 0.21724 0.23019
481.70000 0.00100 0.00220 0.00005 0.00014 0.21789 0.23121
481.80000 0.00098 0.00229 0.00005 0.00012 0.21853 0.23231
481.90000 0.00096 0.00239 0.00005 0.00011 0.21918 0.23350
482.00000 0.00093 0.00250 0.00005 0.00010 0.21984 0.23477
482.10000 0.00091 0.00261 0.00005 0.00009 0.22050 0.23615
482.20000 0.00089 0.00274 0.00005 0.00009 0.22117 0.23762
482.30000 0.00087 0.00287 0.00005 0.00008 0.22184 0.23920
482.40000 0.00086 0.00301 0.00005 0.00008 0.22250 0.24089
482.50000 0.00084 0.00316 0.00005 0.00008 0.22319 0.24271
482.60000 0.00082 0.00333 0.00005 0.00007 0.22388 0.24467
482.70000 0.00081 0.00351 0.00005 0.00007 0.22457 0.24677
482.80000 0.00079 0.00371 0.00005 0.00007 0.22526 0.24902
482.90000 0.00077 0.00392 0.00005 0.00007 0.22597 0.25146
483.00000 0.00076 0.00415 0.00006 0.00007 0.22669 0.25408
483.10000 0.00075 0.00441 0.00006 0.00007 0.22742 0.25692
483.20000 0.00073 0.00469 0.00006 0.00007 0.22816 0.25998
483.30000 0.00072 0.00499 0.00007 0.00007 0.22891 0.26331
483.40000 0.00071 0.00533 0.00007 0.00007 0.22967 0.26690
483.50000 0.00069 0.00570 0.00007 0.00007 0.23046 0.27082
483.60000 0.00068 0.00610 0.00008 0.00007 0.23125 0.27507
483.70000 0.00067 0.00655 0.00008 0.00007 0.23207 0.27971
483.80000 0.00066 0.00704 0.00008 0.00007 0.23290 0.28475
483.90000 0.00065 0.00758 0.00008 0.00007 0.23376 0.29025
484.00000 0.00064 0.00818 0.00008 0.00007 0.23463 0.29621
484.10000 0.00063 0.00883 0.00008 0.00007 0.23554 0.30272
484.20000 0.00062 0.00954 0.00008 0.00007 0.23646 0.30975
484.30000 0.00061 0.01031 0.00008 0.00007 0.23743 0.31738
484.40000 0.00060 0.01115 0.00008 0.00007 0.23839 0.32558
484.50000 0.00059 0.01205 0.00007 0.00007 0.23942 0.33439
484.60000 0.00058 0.01301 0.00007 0.00007 0.24044 0.34376
484.70000 0.00057 0.01404 0.00007 0.00006 0.24152 0.35369
484.80000 0.00056 0.01511 0.00006 0.00006 0.24259 0.36411
484.90000 0.00055 0.01623 0.00006 0.00006 0.24372 0.37497
485.00000 0.00054 0.01739 0.00005 0.00006 0.24484 0.38614
485.10000 0.00054 0.01857 0.00005 0.00006 0.24602 0.39755
485.20000 0.00053 0.01975 0.00005 0.00006 0.24720 0.40901
485.30000 0.00052 0.02092 0.00004 0.00006 0.24842 0.42041
485.40000 0.00051 0.02206 0.00004 0.00006 0.24965 0.43154
485.50000 0.00051 0.02315 0.00004 0.00006 0.25090 0.44224
485.60000 0.00050 0.02417 0.00004 0.00006 0.25216 0.45233
485.70000 0.00049 0.02510 0.00003 0.00005 0.25344 0.46164
485.80000 0.00049 0.02592 0.00003 0.00005 0.25471 0.47002
485.90000 0.00048 0.02662 0.00003 0.00005 0.25601 0.47735
486.00000 0.00047 0.02719 0.00003 0.00005 0.25731 0.48351
486.10000 0.00047 0.02762 0.00003 0.00004 0.25861 0.48845
486.20000 0.00046 0.02791 0.00003 0.00004 0.25991 0.49213
486.30000 0.00046 0.02806 0.00003 0.00004 0.26123 0.49459
486.40000 0.00045 0.02807 0.00003 0.00004 0.26255 0.49585
486.50000 0.00044 0.02796 0.00003 0.00004 0.26384 0.49598
486.60000 0.00044 0.02773 0.00003 0.00003 0.26514 0.49509
486.70000 0.00043 0.02740 0.00003 0.00003 0.26643 0.49332
486.80000 0.00043 0.02699 0.00003 0.00003 0.26772 0.49081
486.90000 0.00042 0.02651 0.00003 0.00003 0.26901 0.48770
487.00000 0.00042 0.02598 0.00002 0.00003 0.27029 0.48413
487.10000 0.00041 0.02542 0.00002 0.00003 0.27154 0.48021
487.20000 0.00041 0.02483 0.00002 0.00003 0.27280 0.47608
487.30000 0.00040 0.02422 0.00002 0.00002 0.27401 0.47181
487.40000 0.00040 0.02362 0.00002 0.00002 0.27523 0.46751
487.50000 0.00039 0.02301 0.00002 0.00002 0.27641 0.46320
487.60000 0.00039 0.02241 0.00002 0.00002 0.27760 0.45894
487.70000 0.00038 0.02182 0.00002 0.00002 0.27874 0.45471
487.80000 0.00038 0.02123 0.00002 0.00002 0.27988 0.45054
487.90000 0.00038 0.02065 0.00002 0.00002 0.28100 0.44641
488.00000 0.00037 0.02008 0.00002 0.00002 0.28212 0.44230
488.10000 0.00037 0.01950 0.00002 0.00002 0.28319 0.43817
488.20000 0.00036 0.01893 0.00002 0.00002 0.28427 0.43402
488.30000 0.00036 0.01834 0.00002 0.00002 0.28534 0.42982
488.40000 0.00035 0.01776 0.00002 0.00002 0.28640 0.42557
488.50000 0.00035 0.01716 0.00002 0.00003 0.28743 0.42123
488.60000 0.00035 0.01656 0.00002 0.00003 0.28845 0.41684
488.70000 0.00034 0.01596 0.00002 0.00003 0.28946 0.41240
488.80000 0.00034 0.01535 0.00002 0.00003 0.29047 0.40794
488.90000 0.00034 0.01475 0.00002 0.00003 0.29145 0.40348
489.00000 0.00033 0.01415 0.00002 0.00003 0.29244 0.39906
489.10000 0.00033 0.01356 0.00002 0.00003 0.29340 0.39469
489.20000 0.00033 0.01298 0.00002 0.00004 0.29435 0.39045
489.30000 0.00032 0.01242 0.00002 0.00004 0.29530 0.38634
489.40000 0.00032 0.01188 0.00002 0.00004 0.29625 0.38242
489.50000 0.00032 0.01137 0.00002 0.00004 0.29716 0.37869
489.60000 0.00031 0.01088 0.00002 0.00004 0.29808 0.37520
489.70000 0.00031 0.01042 0.00002 0.00004 0.29899 0.37195
489.80000 0.00031 0.00999 0.00002 0.00004 0.29990 0.36897
489.90000 0.00030 0.00959 0.00002 0.00004 0.30079 0.36623
490.00000 0.00030 0.00923 0.00002 0.00004 0.30167 0.36377
490.10000 0.00030 0.00889 0.00002 0.00004 0.30254 0.36157
490.20000 0.00029 0.00858 0.00002 0.00004 0.30342 0.35963
490.30000 0.00029 0.00831 0.00002 0.00004 0.30428 0.35793
490.40000 0.00029 0.00806 0.00002 0.00004 0.30514 0.35647
490.50000 0.00029 0.00783 0.00002 0.00003 0.30599 0.35524
490.60000 0.00028 0.00764 0.00002 0.00003 0.30684 0.35423
490.70000 0.00028 0.00746 0.00002 0.00003 0.30767 0.35341
490.80000 0.00028 0.00731 0.00002 0.00003 0.30851 0.35280
490.90000 0.00028 0.00718 0.00002 0.00003 0.30932 0.35236
491.00000 0.00027 0.00707 0.00002 0.00002 0.31013 0.35210
491.10000 0.00027 0.00698 0.00002 0.00002 0.31096 0.35203
491.20000 0.00027 0.00691 0.00002 0.00002 0.31178 0.35214
491.30000 0.00027 0.00686 0.00002 0.00002 0.31260 0.35241
491.40000 0.00026 0.00683 0.00002 0.00002 0.31341 0.35284
491.50000 0.00026 0.00681 0.00002 0.00002 0.31422 0.35342
491.60000 0.00026 0.00681 0.00002 0.00002 0.31502 0.35416
491.70000 0.00026 0.00683 0.00002 0.00002 0.31583 0.35504
491.80000 0.00025 0.00687 0.00002 0.00002 0.31664 0.35607
491.90000 0.00025 0.00691 0.00002 0.00001 0.31744 0.35720
492.00000 0.00025 0.00697 0.00002 0.00001 0.31823 0.35845
492.10000 0.00025 0.00705 0.00002 0.00001 0.31903 0.35980
492.20000 0.00024 0.00713 0.00002 0.00001 0.31982 0.36122
492.30000 0.00024 0.00721 0.00002 0.00001 0.32061 0.36270
492.40000 0.00024 0.00730 0.00002 0.00001 0.32141 0.36422
492.50000 0.00024 0.00739 0.00002 0.00001 0.32219 0.36574
492.60000 0.00024 0.00748 0.00002 0.00001 0.32298 0.36724
492.70000 0.00023 0.00757 0.00002 0.00001 0.32377 0.36870
492.80000 0.00023 0.00764 0.00002 0.00001 0.32457 0.37009
492.90000 0.00023 0.00771 0.00002 0.00001 0.32534 0.37136
493.00000 0.00023 0.00776 0.00001 0.00001 0.32612 0.37252
493.10000 0.00023 0.00780 0.00001 0.00001 0.32690 0.37354
493.20000 0.00022 0.00781 0.00001 0.00001 0.32769 0.37441
493.30000 0.00022 0.00781 0.00001 0.00001 0.32848 0.37510
493.40000 0.00022 0.00779 0.00001 0.00001 0.32926 0.37562
493.50000 0.00022 0.00775 0.00001 0.00001 0.33006 0.37596
493.60000 0.00022 0.00768 0.00001 0.00001 0.33085 0.37612
493.70000 0.00022 0.00760 0.00001 0.00001 0.33164 0.37609
493.80000 0.00021 0.00750 0.00001 0.00001 0.33242 0.37591
493.90000 0.00021 0.00738 0.00001 0.00001 0.33320 0.37558
494.00000 0.00021 0.00725 0.00001 0.00001 0.33398 0.37512
494.10000 0.00021 0.00711 0.00001 0.00001 0.33476 0.37455
494.20000 0.00021 0.00696 0.00001 0.00001 0.33553 0.37391
494.30000 0.00021 0.00680 0.00001 0.00001 0.33631 0.37320
494.40000 0.00020 0.00664 0.00001 0.00001 0.33708 0.37245
494.50000 0.00020 0.00647 0.00001 0.00001 0.33786 0.37171
494.60000 0.00020 0.00631 0.00001 0.00001 0.33864 0.37097
494.70000 0.00020 0.00615 0.00001 0.00001 0.33942 0.37026
494.80000 0.00020 0.00599 0.00001 0.00001 0.34020 0.36959
494.90000 0.00020 0.00584 0.00001 0.00001 0.34097 0.36896
495.00000 0.00019 0.00570 0.00001 0.00001 0.34175 0.36841
495.10000 0.00019 0.00557 0.00001 0.00001 0.34251 0.36791
495.20000 0.00019 0.00544 0.00001 0.00001 0.34327 0.36748
495.30000 0.00019 0.00532 0.00001 0.00001 0.34405 0.36714
495.40000 0.00019 0.00521 0.00001 0.00001 0.34482 0.36686
495.50000 0.00019 0.00511 0.00001 0.00001 0.34558 0.36664
495.60000 0.00019 0.00501 0.00001 0.00001 0.34634 0.36647
495.70000 0.00018 0.00492 0.00001 0.00001 0.34711 0.36636
495.80000 0.00018 0.00483 0.00001 0.00001 0.34788 0.36629
495.90000 0.00018 0.00475 0.00001 0.00001 0.34865 0.36625
496.00000 0.00018 0.00467 0.00001 0.00001 0.34942 0.36624
496.10000 0.00018 0.00459 0.00001 0.00001 0.35018 0.36622
496.20000 0.00018 0.00451 0.00001 0.00001 0.35093 0.36621
496.30000 0.00018 0.00443 0.00001 0.00001 0.35171 0.36622
496.40000 0.00018 0.00435 0.00001 0.00001 0.35249 0.36621
496.50000 0.00017 0.00427 0.00001 0.00001 0.35326 0.36618
496.60000 0.00017 0.00418 0.00001 0.00001 0.35403 0.36614
496.70000 0.00017 0.00410 0.00001 0.00001 0.35481 0.36608
496.80000 0.00017 0.00401 0.00001 0.00001 0.35559 0.36601
496.90000 0.00017 0.00392 0.00001 0.00001 0.35636 0.36590
497.00000 0.00017 0.00383 0.00001 0.00001 0.35713 0.36578
497.10000 0.00017 0.00373 0.00001 0.00001 0.35790 0.36564
497.20000 0.00017 0.00363 0.00001 0.00001 0.35868 0.36550
497.30000 0.00016 0.00354 0.00001 0.00001 0.35946 0.36536
497.40000 0.00016 0.00344 0.00001 0.00001 0.36025 0.36522
497.50000 0.00016 0.00334 0.00001 0.00001 0.36103 0.36508
497.60000 0.00016 0.00325 0.00001 0.00001 0.36182 0.36494
497.70000 0.00016 0.00315 0.00001 0.00001 0.36259 0.36481
497.80000 0.00016 0.00306 0.00001 0.00001 0.36336 0.36470
497.90000 0.00016 0.00297 0.00001 0.00001 0.36413 0.36460
498.00000 0.00016 0.00289 0.00001 0.00001 0.36490 0.36454
498.10000 0.00016 0.00280 0.00001 0.00001 0.36568 0.36451
498.20000 0.00015 0.00272 0.00001 0.00001 0.36646 0.36451
498.30000 0.00015 0.00265 0.00001 0.00001 0.36723 0.36454
498.40000 0.00015 0.00257 0.00001 0.00001 0.36800 0.36461
498.50000 0.00015 0.00251 0.00001 0.00001 0.36878 0.36472
498.60000 0.00015 0.00244 0.00001 0.00001 0.36957 0.36487
498.70000 0.00015 0.00238 0.00001 0.00001 0.37035 0.36506
498.80000 0.00015 0.00233 0.00001 0.00001 0.37114 0.36529
498.90000 0.00015 0.00228 0.00001 0.00001 0.37191 0.36554
499.00000 0.00015 0.00223 0.00001 0.00001 0.37267 0.36582
499.10000 0.00015 0.00218 0.00001 0.00001 0.37343 0.36612
499.20000 0.00014 0.00214 0.00001 0.00001 0.37419 0.36645
499.30000 0.00014 0.00211 0.00001 0.00001 0.37496 0.36682
499.40000 0.00014 0.00207 0.00001 0.00001 0.37573 0.36721
499.50000 0.00014 0.00204 0.00001 0.00001 0.37649 0.36761
499.60000 0.00014 0.00200 0.00001 0.00001 0.37726 0.36802
499.70000 0.00014 0.00197 0.00001 0.00001 0.37804 0.36847
499.80000 0.00014 0.00194 0.00001 0.00001 0.37882 0.36892
499.90000 0.00014 0.00191 0.00001 0.00001 0.37959 0.36936
500.00000 0.00014 0.00188 0.00001 0.00001 0.38035 0.36979
500.10000 0.00014 0.00185 0.00001 0.00001 0.38112 0.37023
500.20000 0.00014 0.00182 0.00001 0.00001 0.38189 0.37066
500.30000 0.00013 0.00179 0.00001 0.00001 0.38265 0.37108
500.40000 0.00013 0.00176 0.00001 0.00001 0.38342 0.37149
500.50000 0.00013 0.00173 0.00001 0.00001 0.38418 0.37190
500.60000 0.00013 0.00169 0.00001 0.00001 0.38495 0.37229
500.70000 0.00013 0.00165 0.00001 0.00001 0.38571 0.37267
500.80000 0.00013 0.00162 0.00001 0.00001 0.38648 0.37303
500.90000 0.00013 0.00158 0.00001 0.00001 0.38725 0.37339
501.00000 0.00013 0.00154 0.00001 0.00001 0.38801 0.37374
501.10000 0.00013 0.00150 0.00001 0.00001 0.38878 0.37408
501.20000 0.00013 0.00146 0.00001 0.00001 0.38954 0.37442
501.30000 0.00013 0.00142 0.00001 0.00001 0.39031 0.37475
501.40000 0.00013 0.00137 0.00001 0.00001 0.39108 0.37508
501.50000 0.00013 0.00133 0.00001 0.00001 0.39184 0.37542
501.60000 0.00012 0.00129 0.00001 0.00001 0.39261 0.37575
501.70000 0.00012 0.00125 0.00001 0.00001 0.39337 0.37608
501.80000 0.00012 0.00121 0.00001 0.00001 0.39414 0.37643
501.90000 0.00012 0.00117 0.00001 0.00001 0.39490 0.37678
502.00000 0.00012 0.00113 0.00001 0.00001 0.39567 0.37713
502.10000 0.00012 0.00109 0.00001 0.00001 0.39644 0.37750
502.20000 0.00012 0.00105 0.00001 0.00001 0.39720 0.37787
502.30000 0.00012 0.00102 0.00001 0.00001 0.39797 0.37826
502.40000 0.00012 0.00098 0.00001 0.00001 0.39873 0.37866
502.50000 0.00012 0.00095 0.00001 0.00001 0.39950 0.37907
502.60000 0.00012 0.00092 0.00001 0.00001 0.40027 0.37949
502.70000 0.00012 0.00089 0.00001 0.00001 0.40103 0.37992
502.80000 0.00012 0.00086 0.00001 0.00001 0.40180 0.38037
502.90000 0.00012 0.00083 0.00001 0.00001 0.40256 0.38082
503.00000 0.00011 0.00081 0.00001 0.00001 0.40333 0.38129
503.10000 0.00011 0.00078 0.00001 0.00001 0.40409 0.38177
503.20000 0.00011 0.00076 0.00001 0.00001 0.40486 0.38226
503.30000 0.00011 0.00073 0.00001 0.00001 0.40563 0.38275
503.40000 0.00011 0.00071 0.00001 0.00001 0.40639 0.38326
503.50000 0.00011 0.00069 0.00001 0.00001 0.40716 0.38378
503.60000 0.00011 0.00067 0.00001 0.00001 0.40792 0.38430
503.70000 0.00011 0.00065 0.00001 0.00001 0.40869 0.38484
503.80000 0.00011 0.00063 0.00001 0.00001 0.40946 0.38538
503.90000 0.00011 0.00061 0.00001 0.00001 0.41022 0.38593
504.00000 0.00011 0.00060 0.00001 0.00001 0.41099 0.38648
504.10000 0.00011 0.00058 0.00001 0.00001 0.41175 0.38705
504.20000 0.00011 0.00057 0.00001 0.00001 0.41252 0.38762
504.30000 0.00011 0.00055 0.00001 0.00001 0.41328 0.38819
504.40000 0.00011 0.00054 0.00001 0.00001 0.41405 0.38877
504.50000 0.00011 0.00053 0.00001 0.00001 0.41482 0.38936
504.60000 0.00010 0.00051 0.00001 0.00001 0.41558 0.38995
504.70000 0.00010 0.00050 0.00001 0.00001 0.41635 0.39055
504.80000 0.00010 0.00049 0.00001 0.00001 0.41711 0.39115
504.90000 0.00010 0.00048 0.00001 0.00001 0.41788 0.39175
505.00000 0.00010 0.00047 0.00001 0.00001 0.41865 0.39236
505.10000 0.00010 0.00046 0.00001 0.00001 0.41941 0.39297
505.20000 0.00010 0.00045 0.00001 0.00001 0.42018 0.39359
505.30000 0.00010 0.00044 0.00001 0.00001 0.42094 0.39421
505.40000 0.00010 0.00043 0.00001 0.00001 0.42171 0.39483
505.50000 0.00010 0.00042 0.00001 0.00001 0.42247 0.39546
505.60000 0.00010 0.00041 0.00001 0.00001 0.42324 0.39609
505.70000 0.00010 0.00040 0.00001 0.00000 0.42401 0.39672
505.80000 0.00010 0.00039 0.00001 0.00000 0.42477 0.39735
505.90000 0.00010 0.00039 0.00001 0.00000 0.42554 0.39799
506.00000 0.00010 0.00038 0.00001 0.00000 0.42630 0.39863
506.10000 0.00010 0.00037 0.00001 0.00000 0.42707 0.39927
506.20000 0.00010 0.00037 0.00001 0.00000 0.42784 0.39991
506.30000 0.00010 0.00036 0.00001 0.00000 0.42860 0.40056
506.40000 0.00009 0.00035 0.00001 0.00000 0.42937 0.40121
506.50000 0.00009 0.00035 0.00001 0.00000 0.43013 0.40186
506.60000 0.00009 0.00034 0.00001 0.00000 0.43090 0.40251
506.70000 0.00009 0.00033 0.00001 0.00000 0.43166 0.40316
506.80000 0.00009 0.00033 0.00001 0.00000 0.43243 0.40381
506.90000 0.00009 0.00032 0.00001 0.00000 0.43320 0.40447
507.00000 0.00009 0.00032 0.00001 0.00000 0.43396 0.40513
507.10000 0.00009 0.00031 0.00001 0.00000 0.43473 0.40579
507.20000 0.00009 0.00031 0.00001 0.00000 0.43549 0.40645
507.30000 0.00009 0.00030 0.00001 0.00000 0.43626 0.40711
507.40000 0.00009 0.00030 0.00001 0.00000 0.43703 0.40777
507.50000 0.00009 0.00029 0.00001 0.00000 0.43779 0.40843
507.60000 0.00009 0.00029 0.00001 0.00000 0.43856 0.40910
507.70000 0.00009 0.00028 0.00001 0.00000 0.43932 0.40977
507.80000 0.00009 0.00028 0.00001 0.00000 0.44009 0.41043
507.90000 0.00009 0.00028 0.00001 0.00000 0.44085 0.41110
508.00000 0.00009 0.00027 0.00001 0.00000 0.44162 0.41177
508.10000 0.00009 0.00027 0.00001 0.00000 0.44239 0.41244
508.20000 0.00009 0.00026 0.00001 0.00000 0.44315 0.41311
508.30000 0.00009 0.00026 0.00001 0.00000 0.44392 0.41378
508.40000 0.00009 0.00026 0.00001 0.00000 0.44468 0.41446
508.50000 0.00009 0.00025 0.00001 0.00000 0.44545 0.41513
508.60000 0.00008 0.00025 0.00001 0.00000 0.44622 0.41580
508.70000 0.00008 0.00025 0.00001 0.00000 0.44698 0.41648
508.80000 0.00008 0.00024 0.00001 0.00000 0.44775 0.41715
508.90000 0.00008 0.00024 0.00001 0.00000 0.44851 0.41783
509.00000 0.00008 0.00024 0.00001 0.00000 0.44928 0.41851
509.10000 0.00008 0.00023 0.00001 0.00000 0.45004 0.41918
509.20000 0.00008 0.00023 0.00001 0.00000 0.45081 0.41986
509.30000 0.00008 0.00023 0.00001 0.00000 0.45158 0.42054
509.40000 0.00008 0.00022 0.00001 0.00000 0.45234 0.42122
509.50000 0.00008 0.00022 0.00001 0.00000 0.45311 0.42190
509.60000 0.00008 0.00022 0.00001 0.00000 0.45387 0.42258
509.70000 0.00008 0.00022 0.00001 0.00000 0.45464 0.42326
509.80000 0.00008 0.00021 0.00001 0.00000 0.45541 0.42395
509.90000 0.00008 0.00021 0.00001 0.00000 0.45617 0.42463
510.00000 0.00008 0.00021 0.00001 0.00000 0.45694 0.42531
