0.00000
0.00011
0.00022
0.00034
0.00046
0.00059
0.00072
0.00086
0.00100
0.00116
0.00132
0.00149
0.00166
0.00185
0.00205
0.00226
0.00249
0.00272
0.00298
0.00325
0.00353
0.00384
0.00418
0.00454
0.00492
0.00535
0.00581
0.00632
0.00689
0.00752
0.00822
0.00903
0.00995
0.01103
0.01231
0.01385
0.01574
0.01809
0.02104
0.02479
0.02956
0.03562
0.04331
0.05297
0.06496
0.07962
0.09724
0.11803
0.14201
0.16900
0.19862
0.23027
0.26311
0.29605
0.32795
0.35765
0.38415
0.40649
0.42417
0.43697
0.44513
0.44901
0.44926
0.44669
0.44200
0.43586
0.42869
0.42075
0.41206
0.40266
0.39247
0.38150
0.36984
0.35782
0.34581
0.33448
0.32444
0.31644
0.31105
0.30879
0.30983
0.31428
0.32203
0.33269
0.34574
0.36058
0.37671
0.39360
0.41096
0.42870
0.44701
0.46618
0.48689
0.50984
0.53571
0.56500
0.59814
0.63504
0.67535
0.71822
0.76252
0.80680
0.84944
0.88887
0.92366
0.95256
0.97479
0.98991
0.99815
1.00000
0.99642
0.98857
0.97776
0.96539
0.95253
0.94014
0.92886
0.91897
0.91025
0.90253
0.89500
0.88700
0.87768
0.86624
0.85209
0.83470
0.81389
0.78972
0.76239
0.73236
0.70021
0.66665
0.63250
0.59839
0.56501
0.53289
0.50252
0.47417
0.44809
0.42435
0.40295
0.38385
0.36685
0.35188
0.33879
0.32745
0.31765
0.30929
0.30226
0.29644
0.29165
0.28795
0.28514
0.28313
0.28185
0.28120
0.28108
0.28142
0.28210
0.28310
0.28424
0.28544
0.28662
0.28772
0.28866
0.28938
0.28984
0.28997
0.28982
0.28939
0.28877
0.28791
0.28695
0.28589
0.28478
0.28371
0.28272
0.28182
0.28104
0.28040
0.27991
0.27953
0.27940
0.27935
0.27942
0.27969
0.28006
0.28054
0.28111
0.28181
0.28259
0.28345
0.28437
0.28533
0.28630
0.28735
0.28843
0.28953
0.29064
0.29175
0.29289
0.29401
0.29510
0.29617
0.29720
0.29820
0.29917
0.30011
0.30104
0.30194
0.30284
0.30374
0.30465
0.30557
0.30650
0.30745
0.30843
0.30942
0.31044
0.31148
0.31254
0.31362
0.31471
0.31581
0.31693
0.31805
0.31919
0.32033
0.32148
0.32263
0.32378
0.32494
0.32610
0.32727
0.32843
0.32960
0.33077
0.33194
0.33310
0.33428
0.33545
0.33662
0.33779
0.33897
0.34014
0.34132
0.34250
0.34368
0.34486
0.34604
0.34722
0.34840
0.34959
0.35077
0.35196
0.35314
0.35433
0.35552
0.35671
0.35790
0.35909
0.36028
0.36147
0.36266
0.36385
0.36505
0.36624
0.36743
0.36863
0.36982
0.37102
0.37222
0.37341
0.37461
0.37581
0.37700
0.37820
0.37940
0.38060
0.38180
0.38300
0.38420
0.38540
0.38660
0.38780
0.38900
0.39020
0.39141
0.39261
0.39381
0.39501
0.39622
0.39742
0.39862
0.39982
0.40103
0.40223
0.40344
0.40464
0.40584
0.40705
