-5.00000 0.00033
-4.90000 0.00034
-4.80000 0.00035
-4.70000 0.00036
-4.60000 0.00038
-4.50000 0.00039
-4.40000 0.00041
-4.30000 0.00042
-4.20000 0.00044
-4.10000 0.00045
-4.00000 0.00047
-3.90000 0.00049
-3.80000 0.00051
-3.70000 0.00053
-3.60000 0.00056
-3.50000 0.00058
-3.40000 0.00061
-3.30000 0.00064
-3.20000 0.00067
-3.10000 0.00070
-3.00000 0.00073
-2.90000 0.00077
-2.80000 0.00081
-2.70000 0.00085
-2.60000 0.00090
-2.50000 0.00095
-2.40000 0.00100
-2.30000 0.00107
-2.20000 0.00113
-2.10000 0.00121
-2.00000 0.00129
-1.90000 0.00139
-1.80000 0.00150
-1.70000 0.00162
-1.60000 0.00177
-1.50000 0.00195
-1.40000 0.00218
-1.30000 0.00246
-1.20000 0.00282
-1.10000 0.00330
-1.00000 0.00394
-0.90000 0.00479
-0.80000 0.00594
-0.70000 0.00747
-0.60000 0.00950
-0.50000 0.01215
-0.40000 0.01555
-0.30000 0.01982
-0.20000 0.02509
-0.10000 0.03141
0.00000 0.03880
0.10000 0.04723
0.20000 0.05654
0.30000 0.06651
0.40000 0.07683
0.50000 0.08713
0.60000 0.09699
0.70000 0.10600
0.80000 0.11379
0.90000 0.12008
1.00000 0.12470
1.10000 0.12762
1.20000 0.12892
1.30000 0.12882
1.40000 0.12758
1.50000 0.12552
1.60000 0.12291
1.70000 0.11998
1.80000 0.11688
1.90000 0.11367
2.00000 0.11031
2.10000 0.10676
2.20000 0.10293
2.30000 0.09879
2.40000 0.09434
2.50000 0.08968
2.60000 0.08496
2.70000 0.08040
2.80000 0.07625
2.90000 0.07277
3.00000 0.07017
3.10000 0.06861
3.20000 0.06817
3.30000 0.06881
3.40000 0.07041
3.50000 0.07274
3.60000 0.07549
3.70000 0.07829
3.80000 0.08076
3.90000 0.08254
4.00000 0.08331
4.10000 0.08285
4.20000 0.08104
4.30000 0.07791
4.40000 0.07359
4.50000 0.06830
4.60000 0.06237
4.70000 0.05613
4.80000 0.04992
4.90000 0.04404
5.00000 0.03874
5.10000 0.03416
5.20000 0.03037
5.30000 0.02737
5.40000 0.02508
5.50000 0.02339
5.60000 0.02214
5.70000 0.02119
5.80000 0.02039
5.90000 0.01963
6.00000 0.01882
6.10000 0.01791
6.20000 0.01690
6.30000 0.01579
6.40000 0.01462
6.50000 0.01346
6.60000 0.01234
6.70000 0.01133
6.80000 0.01047
6.90000 0.00982
7.00000 0.00938
7.10000 0.00920
7.20000 0.00926
7.30000 0.00958
7.40000 0.01014
7.50000 0.01094
7.60000 0.01196
7.70000 0.01318
7.80000 0.01457
7.90000 0.01611
8.00000 0.01775
8.10000 0.01945
8.20000 0.02116
8.30000 0.02281
8.40000 0.02435
8.50000 0.02571
8.60000 0.02684
8.70000 0.02767
8.80000 0.02818
8.90000 0.02833
9.00000 0.02812
9.10000 0.02755
9.20000 0.02665
9.30000 0.02547
9.40000 0.02406
9.50000 0.02247
9.60000 0.02078
9.70000 0.01907
9.80000 0.01738
9.90000 0.01578
10.00000 0.01431
10.10000 0.01301
10.20000 0.01192
10.30000 0.01103
10.40000 0.01035
10.50000 0.00989
10.60000 0.00963
10.70000 0.00954
10.80000 0.00962
10.90000 0.00984
11.00000 0.01016
11.10000 0.01055
11.20000 0.01098
11.30000 0.01140
11.40000 0.01179
11.50000 0.01210
11.60000 0.01230
11.70000 0.01237
11.80000 0.01230
11.90000 0.01207
12.00000 0.01170
12.10000 0.01119
12.20000 0.01058
12.30000 0.00987
12.40000 0.00910
12.50000 0.00830
12.60000 0.00750
12.70000 0.00671
12.80000 0.00595
12.90000 0.00524
13.00000 0.00459
13.10000 0.00401
13.20000 0.00349
13.30000 0.00303
13.40000 0.00264
13.50000 0.00232
13.60000 0.00205
13.70000 0.00183
13.80000 0.00166
13.90000 0.00152
14.00000 0.00142
14.10000 0.00136
14.20000 0.00131
14.30000 0.00129
14.40000 0.00128
14.50000 0.00129
14.60000 0.00131
14.70000 0.00135
14.80000 0.00138
14.90000 0.00142
15.00000 0.00146
15.10000 0.00149
15.20000 0.00151
15.30000 0.00153
15.40000 0.00153
15.50000 0.00151
15.60000 0.00147
15.70000 0.00142
15.80000 0.00135
15.90000 0.00127
16.00000 0.00118
16.10000 0.00108
16.20000 0.00098
16.30000 0.00087
16.40000 0.00077
16.50000 0.00068
16.60000 0.00060
16.70000 0.00052
16.80000 0.00046
16.90000 0.00040
17.00000 0.00035
17.10000 0.00031
17.20000 0.00028
17.30000 0.00025
17.40000 0.00023
17.50000 0.00021
17.60000 0.00020
17.70000 0.00018
17.80000 0.00017
17.90000 0.00016
18.00000 0.00015
18.10000 0.00015
18.20000 0.00014
18.30000 0.00013
18.40000 0.00013
18.50000 0.00012
18.60000 0.00012
18.70000 0.00011
18.80000 0.00011
18.90000 0.00010
19.00000 0.00010
19.10000 0.00010
19.20000 0.00009
19.30000 0.00009
19.40000 0.00009
19.50000 0.00008
19.60000 0.00008
19.70000 0.00008
19.80000 0.00007
19.90000 0.00007
20.00000 0.00007
20.10000 0.00007
20.20000 0.00006
20.30000 0.00006
20.40000 0.00006
20.50000 0.00006
20.60000 0.00005
20.70000 0.00005
20.80000 0.00005
20.90000 0.00005
21.00000 0.00005
21.10000 0.00004
21.20000 0.00004
21.30000 0.00004
21.40000 0.00004
21.50000 0.00004
21.60000 0.00004
21.70000 0.00003
21.80000 0.00003
21.90000 0.00003
22.00000 0.00003
22.10000 0.00003
22.20000 0.00003
22.30000 0.00003
22.40000 0.00003
22.50000 0.00002
22.60000 0.00002
22.70000 0.00002
22.80000 0.00002
22.90000 0.00002
23.00000 0.00002
23.10000 0.00002
23.20000 0.00002
23.30000 0.00001
23.40000 0.00001
23.50000 0.00001
23.60000 0.00001
23.70000 0.00001
23.80000 0.00001
23.90000 0.00001
24.00000 0.00001
24.10000 0.00001
24.20000 0.00001
24.30000 0.00001
24.40000 0.00000
24.50000 0.00000
24.60000 0.00000
24.70000 0.00000
24.80000 0.00000
24.90000 0.00000
25.00000 0.00000
