0.00000
0.00011
0.00022
0.00034
0.00047
0.00059
0.00073
0.00087
0.00102
0.00118
0.00134
0.00151
0.00169
0.00188
0.00209
0.00230
0.00253
0.00277
0.00302
0.00330
0.00359
0.00390
0.00424
0.00460
0.00499
0.00541
0.00587
0.00638
0.00693
0.00755
0.00822
0.00898
0.00983
0.01081
0.01193
0.01324
0.01480
0.01670
0.01903
0.02198
0.02576
0.03065
0.03704
0.04537
0.05619
0.07009
0.08766
0.10947
0.13592
0.16714
0.20297
0.24286
0.28578
0.33019
0.37423
0.41577
0.45272
0.48303
0.50523
0.51855
0.52310
0.51970
0.50995
0.49602
0.48006
0.46416
0.44974
0.43757
0.42756
0.41916
0.41140
0.40326
0.39391
0.38308
0.37089
0.35810
0.34573
0.33501
0.32706
0.32287
0.32293
0.32758
0.33681
0.35024
0.36733
0.38737
0.40969
0.43349
0.45811
0.48292
0.50751
0.53152
0.55502
0.57824
0.60154
0.62538
0.65038
0.67691
0.70527
0.73541
0.76708
0.79969
0.83244
0.86442
0.89467
0.92220
0.94621
0.96600
0.98130
0.99193
0.99805
1.00000
0.99829
0.99363
0.98657
0.97776
0.96775
0.95693
0.94537
0.93336
0.92063
0.90712
0.89254
0.87661
0.85915
0.83991
0.81887
0.79608
0.77164
0.74577
0.71871
0.69078
0.66238
0.63370
0.60504
0.57661
0.54867
0.52140
0.49503
0.46975
0.44574
0.42320
0.40220
0.38289
0.36534
0.34958
0.33553
0.32316
0.31245
0.30328
0.29552
0.28920
0.28414
0.28022
0.27736
0.27545
0.27436
0.27403
0.27433
0.27524
0.27661
0.27833
0.28030
0.28243
0.28457
0.28659
0.28833
0.28966
0.29055
0.29093
0.29087
0.29031
0.28941
0.28823
0.28684
0.28537
0.28392
0.28252
0.28124
0.28011
0.27914
0.27835
0.27783
0.27745
0.27726
0.27730
0.27750
0.27784
0.27832
0.27894
0.27967
0.28050
0.28140
0.28236
0.28334
0.28440
0.28552
0.28669
0.28788
0.28910
0.29037
0.29164
0.29290
0.29412
0.29529
0.29641
0.29747
0.29846
0.29939
0.30027
0.30110
0.30192
0.30272
0.30354
0.30437
0.30523
0.30612
0.30706
0.30802
0.30902
0.31005
0.31111
0.31219
0.31329
0.31440
0.31553
0.31666
0.31780
0.31895
0.32011
0.32126
0.32243
0.32359
0.32476
0.32592
0.32709
0.32826
0.32942
0.33059
0.33175
0.33292
0.33408
0.33524
0.33641
0.33757
0.33874
0.33990
0.34107
0.34224
0.34341
0.34459
0.34576
0.34694
0.34812
0.34930
0.35048
0.35166
0.35284
0.35402
0.35520
0.35638
0.35756
0.35875
0.35993
0.36111
0.36230
0.36348
0.36467
0.36586
0.36704
0.36823
0.36942
0.37061
0.37180
0.37299
0.37418
0.37537
0.37656
0.37775
0.37894
0.38014
0.38133
0.38252
0.38371
0.38491
0.38610
0.38729
0.38849
0.38968
0.39087
0.39207
0.39326
0.39446
0.39565
0.39685
0.39804
0.39924
0.40043
0.40163
0.40283
0.40402
