-54.79402 0.00050
-51.73872 0.00068
-51.71301 0.00000
-51.69143 0.00000
-51.65044 0.00000
-50.99871 0.00002
-49.82671 0.00000
-49.80846 0.00000
-49.70681 0.00000
-48.90480 0.00000
-48.85224 0.00000
-48.79650 0.00000
-48.41549 0.00000
-48.31289 0.00000
-48.28675 0.00000
-48.14878 0.00000
-48.09893 0.00000
-48.03867 0.00000
-47.91408 0.00003
-47.65103 0.00000
-47.22047 0.00000
-47.18386 0.00000
-47.16497 0.00000
-47.16225 0.00000
-47.15516 0.00000
-47.09026 0.00000
-47.07370 0.00000
-47.04561 0.00000
-46.96071 0.00000
-46.89997 0.00000
-46.53131 0.00000
-46.49941 0.00000
-46.49712 0.00000
-45.98974 0.00000
-45.90005 0.00000
-45.84702 0.00000
-45.83697 0.00000
-45.83557 0.00000
-45.69748 0.00001
-45.56248 0.00000
-45.54302 0.00065
-45.50074 0.00000
-45.45229 0.00000
-44.76102 0.00000
-44.71640 0.00000
-44.66776 0.00000
-44.64724 0.00000
-44.62106 0.00000
-44.62053 0.00000
-44.58141 0.00000
-44.55123 0.00000
-44.23241 0.00000
-44.22846 0.00000
-44.22752 0.00000
-44.22015 0.00000
-44.21405 0.00000
-44.21397 0.00000
-44.21227 0.00000
-44.21029 0.00000
-44.20964 0.00000
-44.20812 0.00000
-44.20607 0.00000
-44.20401 0.00000
-44.19764 0.00000
-44.19630 0.00000
-44.19397 0.00000
-44.06503 0.00000
-44.05746 0.00000
-44.00141 0.00000
-43.99612 0.00000
-43.94786 0.00000
-43.94383 0.00000
-43.93989 0.00000
-43.87876 0.00000
-43.84847 0.00000
-43.83848 0.00000
-43.64351 0.00032
-43.61823 0.00000
-43.54607 0.00000
-43.33935 0.00000
-42.61737 0.00018
-42.55320 0.00000
-42.48847 0.00089
-42.41399 0.00000
-42.41093 0.00000
-42.40992 0.00000
-42.40793 0.00000
-42.40356 0.00000
-42.40136 0.00000
-42.39404 0.00000
-42.39397 0.00000
-42.38984 0.00000
-42.38821 0.00000
-42.38492 0.00000
-42.38349 0.00000
-42.28827 0.00000
-42.25701 0.00000
-42.19555 0.00000
-42.16018 0.00000
-42.15718 0.00000
-42.12808 0.00000
-42.05296 0.00000
-42.03955 0.00000
-42.02345 0.00000
-41.58890 0.00000
-41.38967 0.00000
-40.89548 0.00018
-40.89468 0.00000
-40.65002 0.00000
-40.64247 0.00000
-40.62975 0.00000
-40.53095 0.00031
-40.45728 0.00000
-40.35746 0.00000
-40.04421 0.00000
-40.01112 0.00000
-39.95840 0.00000
-39.95063 0.00000
-39.93756 0.00000
-39.65622 0.00000
-39.64709 0.00000
-39.63865 0.00039
-39.57708 0.00000
-39.57122 0.00000
-39.54505 0.00000
-39.25848 0.00000
-39.14090 0.00000
-39.04733 0.00000
-38.89618 0.00000
-38.88854 0.00000
-38.87567 0.00000
-38.83415 0.00000
-38.75119 0.00000
-38.74003 0.00000
-38.66161 0.00000
-38.58883 0.00000
-38.55239 0.00000
-38.51021 0.00000
-38.50262 0.00000
-38.49168 0.00000
-38.48989 0.00000
-38.47485 0.00000
-38.30463 0.00000
-38.15856 0.00000
-38.12591 0.00000
-38.12428 0.00000
-38.11478 0.00000
-38.09050 0.00000
-37.99968 0.00000
-37.93721 0.00000
-37.89271 0.00033
-37.88817 0.00000
-37.75520 0.00000
-37.74456 0.00000
-37.72768 0.00000
-37.66668 0.00000
-37.64712 0.00000
-37.63975 0.00000
-37.62722 0.00000
-37.56048 0.00000
-37.55316 0.00000
-37.54070 0.00000
-37.47841 0.00000
-37.45520 0.00000
-37.42113 0.00000
-37.41070 0.00000
-37.40914 0.00000
-37.36990 0.00000
-37.31719 0.00000
-37.31268 0.00000
-37.30633 0.00000
-37.23030 0.00000
-37.20818 0.00000
-37.20415 0.00000
-37.17435 0.00000
-37.04814 0.00000
-37.01488 0.00000
-37.00377 0.00000
-36.89676 0.00000
-36.80935 0.00000
-36.77429 0.00000
-36.73926 0.00000
-36.58469 0.00000
-36.57397 0.00000
-36.55557 0.00000
-36.46853 0.00000
-36.45807 0.00000
-36.42077 0.00000
-36.41308 0.00000
-36.40380 0.00000
-36.38393 0.00000
-36.36938 0.00000
-36.35888 0.00000
-36.28510 0.00000
-36.28228 0.00000
-36.27768 0.00000
-36.25468 0.00000
-36.22108 0.00000
-36.22101 0.00000
-36.21094 0.00000
-36.15465 0.00000
-36.11105 0.00000
-36.07726 0.00000
-36.07029 0.00000
-35.88118 0.00000
-35.87381 0.00000
-35.87240 0.00000
-35.86509 0.00000
-35.86141 0.00000
-35.85269 0.00000
-35.84681 0.00000
-35.83965 0.00000
-35.74512 0.00000
-35.71013 0.00000
-35.70254 0.00000
-35.66085 0.00003
-35.62978 0.00000
-35.58272 0.00000
-35.56884 0.00000
-35.55151 0.00000
-35.53005 0.00000
-35.52163 0.00000
-35.51961 0.00000
-35.48748 0.00000
-35.46096 0.00000
-35.43982 0.00000
-35.36345 0.00000
-35.35106 0.00000
-35.34701 0.00000
-35.33147 0.00000
-35.30314 0.00000
-35.25373 0.00000
-35.25091 0.00000
-35.23873 0.00000
-35.21404 0.00000
-35.21243 0.00000
-35.20937 0.00000
-35.20397 0.00000
-35.18389 0.00000
-35.15132 0.00000
-35.14125 0.00000
-35.11503 0.00000
-35.07590 0.00000
-35.06533 0.00000
-35.04327 0.00000
-35.03304 0.00000
-35.02705 0.00000
-35.02307 0.00000
-34.97700 0.00000
-34.97433 0.00000
-34.94845 0.00003
-34.93351 0.00000
-34.90635 0.00000
-34.87785 0.00000
-34.86400 0.00000
-34.85754 0.00000
-34.85273 0.00000
-34.84546 0.00000
-34.69382 0.00000
-34.68336 0.00000
-34.68194 0.00000
-34.67150 0.00000
-34.65171 0.00000
-34.60999 0.00000
-34.59818 0.00000
-34.53470 0.00000
-34.45940 0.00000
-34.45834 0.00010
-34.42399 0.00000
-34.41991 0.00000
-34.41843 0.00000
-34.41653 0.00073
-34.41427 0.00000
-34.40397 0.00000
-34.39977 0.00000
-34.39822 0.00000
-34.38403 0.00000
-34.30141 0.00000
-34.30084 0.00000
-34.28827 0.00000
-34.27883 0.00000
-34.25471 0.00000
-34.24833 0.00000
-34.23371 0.00000
-34.22123 0.00000
-34.21590 0.00000
-34.21076 0.00000
-34.20398 0.00000
-34.18152 0.00000
-34.17883 0.00000
-34.13416 0.00001
-33.98293 0.00019
-33.97024 0.00000
-33.95722 0.00000
-33.95344 0.00000
-33.92593 0.00000
-33.86823 0.00000
-33.85711 0.00000
-33.84030 0.00000
-33.83278 0.00000
-33.83103 0.00000
-33.82765 0.00000
-33.78092 0.00000
-33.77560 0.00000
-33.77097 0.00000
-33.74023 0.00000
-33.70611 0.00004
-33.70274 0.00000
-33.65361 0.00000
-33.63631 0.00000
-33.57854 0.00000
-33.52702 0.00000
-33.52363 0.00000
-33.52042 0.00000
-33.51516 0.00000
-33.50436 0.00000
-33.50366 0.00000
-33.47717 0.00000
-33.47186 0.00000
-33.46916 0.00000
-33.45427 0.00000
-33.44472 0.00000
-33.43862 0.00000
-33.42345 0.00000
-33.41964 0.00000
-33.40974 0.00000
-33.40580 0.00000
-33.39556 0.00000
-33.38666 0.00000
-33.38596 0.00000
-33.37736 0.00000
-33.35613 0.00000
-33.35389 0.00000
-33.34889 0.00000
-33.34540 0.00000
-33.33767 0.00000
-33.33551 0.00000
-33.32840 0.00000
-33.32607 0.00000
-33.31628 0.00000
-33.29564 0.00000
-33.29385 0.00000
-33.27516 0.00000
-33.25661 0.00000
-33.24737 0.00000
-33.23257 0.00000
-33.22009 0.00000
-33.21215 0.00000
-33.21132 0.00000
-33.20322 0.00000
-32.96194 0.00000
-32.95960 0.00000
-32.94589 0.00000
-32.92406 0.00000
-32.92397 0.00000
-32.91996 0.00000
-32.91842 0.00000
-32.91430 0.00000
-32.90396 0.00000
-32.89977 0.00000
-32.89822 0.00000
-32.88636 0.00000
-32.88397 0.00000
-32.86644 0.00000
-32.86474 0.00000
-32.86187 0.00000
-32.85158 0.00000
-32.80156 0.00000
-32.78886 0.00000
-32.77943 0.00000
-32.75960 0.00029
-32.75496 0.00000
-32.74883 0.00000
-32.73413 0.00000
-32.72131 0.00000
-32.71597 0.00000
-32.71081 0.00000
-32.70395 0.00000
-32.61180 0.00000
-32.60391 0.00000
-32.59825 0.00000
-32.59546 0.00000
-32.58962 0.00000
-32.58398 0.00000
-32.57516 0.00000
-32.49956 0.00000
-32.48954 0.00000
-32.46049 0.00000
-32.45079 0.00000
-32.44141 0.00000
-32.41451 0.00000
-32.40125 0.00000
-32.39874 0.00000
-32.39453 0.00000
-32.39137 0.00000
-32.38400 0.00000
-32.38278 0.00000
-32.36273 0.00000
-32.30748 0.00000
-32.30571 0.00000
-32.29854 0.00000
-32.26220 0.00000
-32.24229 0.00000
-32.24077 0.00000
-32.23746 0.00000
-32.20873 0.00000
-32.16526 0.00000
-32.13206 0.00116
-32.13148 0.00000
-32.11560 0.00000
-32.10021 0.00000
-32.09909 0.00000
-32.09192 0.00000
-32.07363 0.00000
-32.07150 0.00000
-32.06654 0.00000
-32.06484 0.00000
-32.05296 0.00000
-32.03407 0.00000
-32.01564 0.00000
-32.01149 0.00000
-31.98186 0.00000
-31.98038 0.00000
-31.97626 0.00000
-31.97520 0.00000
-31.97442 0.00000
-31.96841 0.00000
-31.96150 0.00000
-31.96070 0.00000
-31.95955 0.00000
-31.95848 0.00000
-31.93937 0.00003
-31.91405 0.00000
-31.91398 0.00000
-31.90889 0.00000
-31.90621 0.00000
-31.90204 0.00001
-31.89403 0.00000
-31.89397 0.00000
-31.85244 0.00000
-31.85002 0.00000
-31.84403 0.00000
-31.84083 0.00000
-31.83996 0.00000
-31.83840 0.00000
-31.83647 0.00000
-31.83428 0.00000
-31.82503 0.00000
-31.82407 0.00000
-31.82398 0.00000
-31.81975 0.00000
-31.81825 0.00000
-31.80814 0.00000
-31.80403 0.00000
-31.79169 0.00000
-31.76151 0.00000
-31.75878 0.00000
-31.72140 0.00000
-31.70864 0.00000
-31.69925 0.00000
-31.67481 0.00000
-31.66872 0.00000
-31.65401 0.00000
-31.64124 0.00000
-31.63589 0.00000
-31.63082 0.00000
-31.62401 0.00000
-31.62399 0.00000
-31.47646 0.00000
-31.44321 0.00000
-31.44195 0.00000
-31.42370 0.00000
-31.41613 0.00000
-31.40187 0.00000
-31.36065 0.00000
-31.33740 0.00000
-31.31564 0.00000
-31.31351 0.00000
-31.29609 0.00000
-31.24457 0.00000
-31.24328 0.00000
-31.22896 0.00000
-31.21085 0.00000
-31.20735 0.00000
-31.14841 0.00000
-31.14180 0.00000
-31.08399 0.00001
-31.05678 0.00000
-31.05224 0.00000
-31.04960 0.00000
-30.89750 0.00000
-30.89599 0.00000
-30.68888 0.00000
-30.68685 0.00000
-30.66982 0.00001
-30.64825 0.00000
-30.64332 0.00000
-30.64238 0.00000
-30.63239 0.00000
-30.62819 0.00000
-30.57521 0.00000
-30.51324 0.00000
-30.39454 0.00000
-30.39129 0.00000
-30.37533 0.00000
-30.37477 0.00000
-30.36723 0.00000
-30.34239 0.00000
-30.33778 0.00000
-30.33388 0.00000
-30.33244 0.00000
-30.23486 0.00000
-30.23321 0.00000
-30.22371 0.00000
-30.20994 0.00000
-30.20840 0.00000
-30.20443 0.00000
-30.20363 0.00000
-30.20150 0.00000
-30.20022 0.00000
-30.19733 0.00000
-30.19590 0.00000
-30.19103 0.00000
-30.18887 0.00000
-30.18548 0.00000
-30.18495 0.00000
-30.18334 0.00000
-30.18263 0.00000
-30.18154 0.00000
-30.17979 0.00000
-30.17869 0.00000
-30.17512 0.00000
-30.17241 0.00000
-30.15157 0.00000
-30.14766 0.00000
-30.14696 0.00000
-30.14553 0.00000
-30.14379 0.00000
-30.14171 0.00000
-30.13784 0.00000
-30.13647 0.00000
-30.13398 0.00000
-30.13070 0.00000
-30.12995 0.00000
-30.12868 0.00000
-30.12517 0.00000
-30.12427 0.00000
-30.11401 0.00000
-30.11400 0.00000
-30.10975 0.00000
-30.10821 0.00000
-30.10272 0.00000
-30.09838 0.00000
-30.09399 0.00000
-30.08396 0.00000
-30.07886 0.00000
-30.07662 0.00000
-30.06405 0.00000
-30.06401 0.00000
-30.05634 0.00000
-30.03263 0.00000
-30.02404 0.00000
-30.02399 0.00000
-30.02069 0.00000
-30.01826 0.00000
-30.01554 0.00000
-30.01134 0.00000
-30.00968 0.00000
-30.00393 0.00000
-29.99846 0.00000
-29.99800 0.00000
-29.99505 0.00000
-29.99492 0.00000
-29.99367 0.00000
-29.98931 0.00000
-29.98896 0.00000
-29.98730 0.00000
-29.98207 0.00000
-29.96723 0.00000
-29.96479 0.00000
-29.95872 0.00000
-29.94947 0.00000
-29.94594 0.00000
-29.94401 0.00000
-29.94209 0.00000
-29.93662 0.00000
-29.93125 0.00000
-29.92596 0.00000
-29.92041 0.00000
-29.91399 0.00000
-29.91002 0.00000
-29.88067 0.00000
-29.87125 0.00000
-29.86199 0.00000
-29.83605 0.00000
-29.83465 0.00000
-29.83379 0.00000
-29.83126 0.00000
-29.82626 0.00000
-29.82505 0.00000
-29.82140 0.00000
-29.81876 0.00000
-29.81143 0.00000
-29.80406 0.00000
-29.80177 0.00000
-29.48748 0.00000
-29.48659 0.00000
-29.48033 0.00000
-29.47922 0.00000
-29.47633 0.00000
-29.47296 0.00000
-29.46650 0.00000
-29.46586 0.00000
-29.46244 0.00000
-29.45815 0.00000
-29.45614 0.00000
-29.45572 0.00000
-29.45452 0.00000
-29.38979 0.00000
-29.38869 0.00000
-29.38659 0.00000
-29.38480 0.00000
-29.33402 0.00000
-29.33401 0.00000
-29.32889 0.00000
-29.31404 0.00000
-29.31401 0.00000
-29.01611 0.00003
-28.98836 0.00000
-28.95973 0.00000
-28.95768 0.00000
-28.90249 0.00000
-28.85859 0.00000
-28.81570 0.00000
-28.53389 0.00000
-28.53219 0.00000
-28.52607 0.00000
-28.52437 0.00000
-28.52227 0.00000
-28.51478 0.00000
-28.50756 0.00000
-28.50161 0.00000
-28.50071 0.00000
-28.49846 0.00000
-28.49512 0.00000
-28.49428 0.00000
-28.49199 0.00000
-28.43230 0.00000
-28.42902 0.00000
-28.40483 0.00000
-28.39744 0.00000
-28.39575 0.00000
-28.39222 0.00000
-28.39058 0.00000
-28.38814 0.00000
-28.38120 0.00000
-28.37829 0.00000
-28.37782 0.00000
-28.37660 0.00000
-28.37402 0.00000
-28.37398 0.00000
-28.37168 0.00000
-28.36886 0.00000
-28.36322 0.00000
-28.35396 0.00000
-28.34703 0.00000
-28.34652 0.00000
-28.34244 0.00000
-28.34115 0.00000
-28.34039 0.00000
-28.33753 0.00000
-28.33209 0.00000
-28.33058 0.00000
-28.32895 0.00000
-28.32723 0.00000
-28.32163 0.00000
-28.31394 0.00000
-28.31012 0.00000
-28.30824 0.00000
-28.30551 0.00000
-28.29964 0.00000
-28.29396 0.00000
-28.28512 0.00000
-28.26393 0.00000
-28.25683 0.00000
-28.24394 0.00000
-28.24043 0.00000
-28.22805 0.00000
-28.21007 0.00000
-28.20026 0.00000
-28.20000 0.00000
-28.19166 0.00000
-28.18479 0.00000
-28.17060 0.00000
-28.16123 0.00000
-28.15230 0.00000
-28.15196 0.00000
-28.13581 0.00000
-28.13490 0.00000
-28.12938 0.00000
-28.12740 0.00000
-28.12462 0.00000
-28.11136 0.00000
-28.10874 0.00000
-28.10139 0.00000
-28.09395 0.00000
-28.08895 0.00000
-27.95525 0.00000
-27.76525 0.00000
-27.76473 0.00000
-27.76097 0.00000
-27.75751 0.00000
-27.75550 0.00000
-27.75334 0.00000
-27.75258 0.00000
-27.75141 0.00000
-27.74917 0.00000
-27.74709 0.00000
-27.74667 0.00000
-27.74547 0.00000
-27.66146 0.00000
-27.65838 0.00000
-27.64761 0.00000
-27.64256 0.00000
-27.64021 0.00000
-27.63914 0.00000
-27.63039 0.00000
-27.62571 0.00000
-27.62403 0.00000
-27.61887 0.00000
-27.61214 0.00000
-27.60395 0.00000
-27.58520 0.00000
-27.58465 0.00000
-27.58373 0.00000
-27.58217 0.00000
-27.56339 0.00000
-27.56201 0.00000
-27.55830 0.00000
-27.55706 0.00000
-27.53903 0.00000
-27.51497 0.00000
-27.44552 0.00000
-27.26034 0.00000
-27.16332 0.00000
-27.15748 0.00000
-27.15514 0.00000
-27.13274 0.00000
-27.07972 0.00000
-27.07589 0.00000
-26.92405 0.00086
-26.73626 0.00001
-26.73505 0.00000
-26.73015 0.00000
-26.72380 0.00000
-26.72045 0.00000
-26.70447 0.00000
-26.69578 0.00000
-26.69434 0.00000
-26.69070 0.00000
-26.68921 0.00000
-26.68654 0.00000
-26.68303 0.00000
-26.68273 0.00000
-26.68137 0.00000
-26.61191 0.00000
-26.56250 0.00000
-26.55632 0.00000
-26.55408 0.00000
-26.55395 0.00000
-26.54687 0.00000
-26.54543 0.00000
-26.53424 0.00000
-26.53397 0.00000
-26.44121 0.00000
-26.40359 0.00000
-26.29305 0.00000
-26.27770 0.00000
-26.23507 0.00000
-26.16382 0.00000
-26.13842 0.00000
-26.12447 0.00000
-26.12292 0.00000
-26.11106 0.00000
-26.04672 0.00000
-25.88556 0.00000
-25.88282 0.00000
-25.88153 0.00000
-25.87602 0.00000
-25.87539 0.00000
-25.87437 0.00000
-25.87294 0.00000
-25.85990 0.00000
-25.82685 0.00000
-25.82381 0.00000
-25.81517 0.00000
-25.81451 0.00000
-25.75603 0.00000
-25.75592 0.00000
-25.75454 0.00000
-25.75374 0.00000
-25.54677 0.00000
-25.52847 0.00000
-25.40799 0.00000
-25.36627 0.00000
-25.23417 0.00001
-25.20915 0.00000
-25.19645 0.00000
-25.18082 0.00107
-25.15512 0.00041
-24.70124 0.00000
-24.51567 0.00005
-24.37788 0.00000
-24.01311 0.00000
-24.01282 0.00000
-24.00992 0.00000
-24.00463 0.00000
-23.64572 0.00028
-23.51742 0.00000
-23.26561 0.00037
-22.69755 0.00008
-22.52147 0.00000
-22.51684 0.00000
-22.48975 0.00000
-21.94749 0.00048
-21.82605 0.00015
-21.78606 0.00000
-21.76093 0.00000
-21.68829 0.00054
-21.45368 0.00000
-21.44263 0.00000
-21.32600 0.00000
-21.32238 0.00000
-21.29815 0.00000
-21.26754 0.00011
-21.22582 0.00000
-21.22169 0.00000
-21.21366 0.00000
-20.73447 0.00058
-20.68006 0.00039
-20.63100 0.00000
-20.47919 0.00000
-20.47539 0.00000
-20.45037 0.00000
-20.44576 0.00000
-20.36999 0.00000
-20.35602 0.00000
-20.34595 0.00000
-20.34121 0.00000
-20.17678 0.00000
-20.17383 0.00000
-20.16836 0.00000
-20.16620 0.00003
-20.09267 0.00000
-20.07845 0.00000
-20.07172 0.00000
-20.05640 0.00063
-20.02538 0.00000
-19.88762 0.00000
-19.88396 0.00000
-19.85927 0.00000
-19.60630 0.00038
-19.58758 0.00000
-19.53013 0.00079
-19.32656 0.00000
-19.31600 0.00000
-19.29917 0.00000
-19.28983 0.00000
-19.28668 0.00000
-19.28072 0.00000
-19.23859 0.00680
-19.11020 0.00000
-19.09796 0.00000
-19.09388 0.00000
-19.00347 0.00000
-18.72500 0.00000
-18.72205 0.00000
-18.72201 0.00000
-18.71654 0.00000
-18.71573 0.00000
-18.71226 0.00000
-18.68847 0.00000
-18.56383 0.00096
-18.56045 0.00000
-18.51673 0.00000
-18.51337 0.00000
-18.49007 0.00000
-18.47411 0.00049
-18.45801 0.00000
-18.37702 0.00000
-18.33968 0.00062
-18.13900 0.01171
-18.03734 0.00000
-18.02461 0.00000
-18.01996 0.00000
-17.89676 0.00007
-17.82066 0.00000
-17.81032 0.00000
-17.74828 0.00003
-17.70521 0.00000
-17.63498 0.00000
-17.60372 0.00000
-17.57197 0.00000
-17.56904 0.00000
-17.56356 0.00000
-17.52447 0.00000
-17.51526 0.00000
-17.46340 0.00000
-17.44971 0.00271
-17.39239 0.00000
-17.38956 0.00000
-17.38430 0.00000
-17.35976 0.00000
-17.26363 0.00000
-16.96563 0.00004
-16.83526 0.00001
-16.81998 0.00000
-16.81002 0.00000
-16.80654 0.00000
-16.78330 0.00000
-16.74880 0.00000
-16.74541 0.00000
-16.73385 0.00000
-16.72243 0.00000
-16.67243 0.00011
-16.65345 0.00000
-16.63819 0.00000
-16.57035 0.00000
-16.55812 0.00000
-16.55375 0.00000
-16.30975 0.00000
-16.29806 0.00000
-16.29801 0.00000
-16.29413 0.00000
-16.09907 0.00000
-16.07976 0.00000
-15.91096 0.00000
-15.89736 0.00000
-15.89243 0.00000
-15.84717 0.00000
-15.84641 0.00000
-15.83681 0.00000
-15.74872 0.00000
-15.74123 0.00000
-15.74036 0.00000
-15.73832 0.00002
-15.71959 0.00000
-15.68143 0.00000
-15.67862 0.00000
-15.67332 0.00000
-15.63250 0.00000
-15.62971 0.00000
-15.62452 0.00000
-15.54033 0.00000
-15.52305 0.00000
-15.46418 0.00000
-15.45959 0.00000
-15.43036 0.00000
-15.03444 0.00001
-14.97687 0.00000
-14.92750 0.00000
-14.91572 0.00000
-14.84641 0.00000
-14.81028 0.00000
-14.63434 0.00000
-14.61706 0.00000
-14.60516 0.00000
-14.60110 0.00000
-14.54484 0.00000
-14.53322 0.00000
-14.52935 0.00000
-14.38067 0.00036
-14.02003 0.00000
-14.01566 0.00000
-14.00738 0.00000
-13.96905 0.00000
-13.92608 0.00100
-13.42604 0.00000
-13.41026 0.00000
-13.40345 0.00000
-12.85438 0.00000
-12.05190 0.00063
-11.33329 0.00177
-10.93169 0.00000
-10.31907 0.00000
-10.09264 0.00020
-9.52094 0.00000
-9.30471 0.00059
-8.27530 0.00015
-8.06396 0.00000
-7.74509 0.00127
-7.43532 0.00000
-6.34926 0.00015
-6.27543 0.00000
-5.75320 0.00403
-5.63998 0.00000
-5.15389 0.11867
-4.90397 0.20369
3.45527 2.74087
4.28327 1.66243
4.31136 0.00000
4.40920 0.01763
5.09080 0.00000
5.19477 0.01562
6.11707 0.00000
6.35494 0.00427
6.90125 0.00000
7.14395 0.00347
7.64597 0.00000
8.22691 0.00287
8.44721 0.00000
9.02558 0.00215
9.02658 0.00000
9.81918 0.00000
10.29513 0.01256
11.04154 0.00003
11.09612 0.00909
11.57690 0.00000
11.57742 0.00001
12.83459 0.00005
12.98275 0.00000
13.00137 0.00000
13.18818 0.00000
13.20634 0.00014
13.37446 0.00003
13.52412 0.00000
13.54392 0.00000
13.72070 0.00000
13.73442 0.00000
13.74137 0.00000
13.75372 0.00009
14.11286 0.00000
14.13387 0.00057
14.26077 0.00000
14.28285 0.00000
14.67571 0.00000
14.69801 0.00039
14.72677 0.00000
14.81153 0.00000
14.83782 0.00000
14.85938 0.00020
14.93015 0.00000
14.99175 0.00044
15.00352 0.00000
15.20194 0.00407
15.27001 0.00000
15.38722 0.00000
15.39237 0.00000
15.45761 0.00009
15.46639 0.00000
15.47825 0.00000
15.54299 0.00026
15.57659 0.00000
15.58474 0.00000
15.66682 0.00038
15.85467 0.00000
15.86302 0.00321
15.97524 0.00182
16.00624 0.00000
16.00872 0.00000
16.07490 0.00001
16.08370 0.00000
16.13355 0.00000
16.14593 0.00000
16.18211 0.00000
16.19592 0.00000
16.24262 0.00016
16.27811 0.00000
16.34024 0.00000
16.41943 0.00000
16.45176 0.00000
16.51516 0.00005
16.54861 0.00108
16.55181 0.00000
16.62009 0.00000
16.62194 0.00000
16.65766 0.00000
16.69015 0.00000
16.73976 0.00000
16.78207 0.00000
16.80781 0.00000
17.00633 0.00000
17.06097 0.00000
17.07594 0.00006
17.13610 0.00000
17.21060 0.00000
17.24180 0.00000
17.31658 0.00000
17.46054 0.00000
17.62135 0.00000
17.70368 0.00000
17.71809 0.00000
17.74661 0.00000
17.81719 0.00000
17.82903 0.00000
17.84135 0.01427
17.85217 0.00000
17.90209 0.00000
18.01109 0.00000
18.04637 0.00000
18.05490 0.00000
18.10481 0.00002
18.22146 0.00000
18.24890 0.00000
18.28097 0.00000
18.32421 0.00000
18.34727 0.01405
18.37251 0.02180
18.38696 0.00000
18.39421 0.00000
18.45587 0.01087
18.51196 0.00000
18.51202 0.00000
18.53496 0.00000
18.60510 0.00000
18.72240 0.00000
18.78074 0.00000
18.80726 0.01639
18.83805 0.00000
18.91279 0.00000
19.00767 0.00120
19.01866 0.00000
19.05703 0.00000
19.06707 0.02982
19.13116 0.00007
19.22686 0.00000
19.23716 0.00000
19.27680 0.00000
19.40365 0.00000
19.42082 0.00000
19.52711 0.00733
19.52885 0.00000
19.60212 0.00000
19.63059 0.00000
19.71753 0.00000
19.75567 0.00000
19.78715 0.00000
19.82853 0.00000
19.87834 0.00002
19.90468 0.00000
20.02224 0.00000
20.18322 0.00000
20.20623 0.00009
20.25346 0.00000
20.32569 0.00000
20.32601 0.00000
20.32865 0.00020
20.34753 0.00037
20.39475 0.00000
20.43263 0.00000
20.47819 0.00000
20.48591 0.00000
20.51248 0.00000
20.52252 0.00014
20.53658 0.00001
20.66610 0.00000
20.71560 0.00000
20.79180 0.00002
20.84310 0.00000
20.85998 0.00000
20.86001 0.00000
20.86526 0.00000
20.93751 0.00000
20.96824 0.00000
21.03658 0.00000
21.04424 0.00000
21.14987 0.00000
21.21905 0.00000
21.33706 0.00000
21.45490 0.00000
21.58021 0.00000
21.60768 0.00000
21.67692 0.00000
21.75007 0.00000
21.85647 0.00000
21.94697 0.00000
21.99615 0.00000
22.13910 0.00000
22.22607 0.00000
22.23825 0.00000
22.25628 0.00000
22.32987 0.00004
22.38166 0.00000
22.39889 0.00001
22.41017 0.00000
22.48314 0.00000
22.55049 0.00000
22.66778 0.00000
22.96266 0.00000
23.05491 0.00000
23.12435 0.00000
23.23164 0.00000
23.49589 0.00000
23.53008 0.00000
23.66450 0.00000
23.78999 0.00000
24.04232 0.00000
24.09463 0.00001
24.94076 0.00000
24.96870 0.00000
25.44570 0.00000
25.45041 0.00000
25.45486 0.00000
25.45510 0.00000
25.46379 0.00000
25.46639 0.00000
25.52075 0.00000
25.55067 0.00000
25.63984 0.00000
25.64725 0.00000
25.65022 0.00000
25.65457 0.00000
25.66297 0.00000
25.66635 0.00000
26.00218 0.00002
26.11250 0.00010
27.20182 0.00000
27.20249 0.00000
27.21104 0.00000
27.21455 0.00000
27.21557 0.00000
27.21908 0.00000
27.22897 0.00000
27.22900 0.00000
27.23072 0.00000
27.23921 0.00000
27.24037 0.00000
27.24424 0.00000
27.24903 0.00000
27.25410 0.00000
27.25834 0.00000
27.27732 0.00000
27.29438 0.00000
27.30444 0.00000
27.30596 0.00000
27.32766 0.00000
27.33837 0.00000
27.39973 0.00000
27.40148 0.00000
27.40218 0.00000
27.40905 0.00000
27.41014 0.00000
27.41387 0.00000
27.41541 0.00000
27.42170 0.00000
27.42343 0.00000
27.42904 0.00000
27.43427 0.00000
27.43918 0.00000
27.44036 0.00000
27.44349 0.00000
27.44556 0.00000
27.44911 0.00000
27.45337 0.00000
27.45465 0.00000
27.45503 0.00000
27.45831 0.00000
27.45930 0.00000
27.46198 0.00000
27.46363 0.00000
27.46948 0.00000
27.52514 0.00000
27.53588 0.00000
27.54864 0.00000
27.55854 0.00000
27.62826 0.00000
27.62916 0.00000
27.64475 0.00000
27.64759 0.00000
27.65191 0.00000
27.65298 0.00000
27.65426 0.00000
27.65764 0.00000
27.66158 0.00000
27.66353 0.00000
27.66813 0.00000
27.70873 0.00000
27.70939 0.00000
27.96913 0.00000
27.97902 0.00000
27.98178 0.00000
27.99018 0.00000
27.99140 0.00000
27.99418 0.00000
27.99896 0.00000
28.00492 0.00000
28.00906 0.00000
28.04251 0.00000
28.05442 0.00000
28.07502 0.00000
28.08068 0.00000
28.08553 0.00000
28.09229 0.00000
28.09338 0.00000
28.10172 0.00000
28.10566 0.00000
28.10600 0.00000
28.11273 0.00000
28.11416 0.00000
28.15898 0.00000
28.17283 0.00000
28.17338 0.00000
28.17904 0.00000
28.18521 0.00000
28.19009 0.00000
28.19140 0.00000
28.19349 0.00000
28.19892 0.00000
28.19900 0.00000
28.20414 0.00000
28.20905 0.00000
28.36770 0.00000
28.37727 0.00000
28.38122 0.00000
28.39100 0.00000
28.39674 0.00000
28.40707 0.00000
28.42904 0.00000
28.43975 0.00000
28.45933 0.00000
28.47067 0.00000
28.51383 0.00000
28.52439 0.00000
28.54673 0.00000
28.55837 0.00000
28.56626 0.00000
28.57581 0.00000
28.59278 0.00000
28.59879 0.00000
28.60313 0.00000
28.60923 0.00000
28.63572 0.00000
28.64715 0.00000
28.65153 0.00000
28.66279 0.00000
28.70759 0.00000
28.71989 0.00000
28.92916 0.00000
28.93896 0.00000
28.93904 0.00000
28.95416 0.00000
28.95892 0.00000
29.00462 0.00000
29.01446 0.00000
29.01852 0.00000
29.03778 0.00000
29.04067 0.00000
29.04269 0.00000
29.05150 0.00000
29.05296 0.00000
29.05610 0.00000
29.11889 0.00000
29.11901 0.00000
29.13345 0.00000
29.13905 0.00000
29.14352 0.00000
29.15321 0.00000
29.15669 0.00000
29.15891 0.00000
29.16096 0.00000
29.16216 0.00000
29.16628 0.00000
29.19032 0.00000
29.19525 0.00000
29.19717 0.00000
29.19883 0.00000
29.20503 0.00000
29.23280 0.00000
29.24021 0.00000
29.24111 0.00000
29.24366 0.00000
29.25070 0.00000
29.25127 0.00000
29.25625 0.00000
29.27139 0.00000
29.29377 0.00000
29.35231 0.00000
29.35447 0.00000
29.35899 0.00000
29.36064 0.00000
29.36193 0.00000
29.36482 0.00000
29.38957 0.00000
29.39329 0.00000
29.39679 0.00000
29.39861 0.00000
29.39945 0.00000
29.40362 0.00000
29.43975 0.00000
29.66845 0.00000
29.67920 0.00000
29.68740 0.00000
29.68896 0.00000
29.68909 0.00000
29.70423 0.00000
29.70892 0.00000
29.71372 0.00000
29.73457 0.00000
29.75454 0.00000
29.78329 0.00000
29.78773 0.00000
29.79107 0.00000
29.79408 0.00000
29.79545 0.00000
29.79855 0.00000
29.80073 0.00000
29.80471 0.00000
29.80515 0.00000
29.81481 0.00000
29.81661 0.00000
29.81805 0.00000
29.86746 0.00000
29.86907 0.00000
29.87464 0.00000
29.88339 0.00000
29.88509 0.00000
29.88893 0.00000
29.88963 0.00000
29.89950 0.00000
29.90338 0.00000
29.90886 0.00000
29.91310 0.00000
29.93031 0.00000
29.96531 0.00000
29.99363 0.00000
29.99429 0.00000
29.99603 0.00000
30.00364 0.00000
30.00457 0.00000
30.00502 0.00000
30.07269 0.00000
30.08590 0.00000
30.10055 0.00000
30.13221 0.00000
30.14713 0.00000
30.15450 0.00000
30.16178 0.00000
30.16444 0.00000
30.17640 0.00000
30.19796 0.00000
30.19966 0.00000
30.21742 0.00000
30.22010 0.00000
30.22634 0.00000
30.23394 0.00000
30.24252 0.00000
30.24716 0.00000
30.24839 0.00000
30.26931 0.00000
30.27123 0.00000
30.29678 0.00000
30.30241 0.00000
30.31736 0.00000
30.33648 0.00000
30.33795 0.00000
30.34016 0.00000
30.35395 0.00000
30.35801 0.00000
30.36309 0.00000
30.38795 0.00000
30.39266 0.00000
30.39557 0.00000
30.40225 0.00000
30.40821 0.00000
30.44569 0.00000
30.45188 0.00000
30.45568 0.00000
30.46060 0.00000
30.50185 0.00000
30.51818 0.00000
30.51905 0.00000
30.52358 0.00000
30.53295 0.00000
30.53585 0.00000
30.56420 0.00000
30.57588 0.00000
30.57839 0.00000
30.58200 0.00000
30.61144 0.00000
30.62369 0.00000
30.66903 0.00000
30.67051 0.00000
30.68896 0.00000
30.69024 0.00000
30.72291 0.00000
30.73594 0.00000
30.76168 0.00000
30.76641 0.00000
30.76815 0.00000
30.81950 0.00000
30.84808 0.00000
30.85171 0.00000
30.90539 0.00000
30.91859 0.00000
30.94497 0.00000
31.00251 0.00000
31.01013 0.00000
31.05834 0.00000
31.19512 0.00000
31.19705 0.00000
31.20382 0.00000
31.20510 0.00000
31.21531 0.00000
31.28008 0.00000
31.32803 0.00000
31.38581 0.00000
31.38856 0.00000
31.43568 0.00000
31.50918 0.00000
31.51896 0.00000
31.51903 0.00000
31.52513 0.00000
31.52666 0.00000
31.53134 0.00000
31.53422 0.00000
31.53900 0.00000
31.58460 0.00000
31.61772 0.00000
31.69908 0.00000
31.71339 0.00000
31.71889 0.00000
31.73338 0.00000
31.73681 0.00000
31.73875 0.00000
31.73902 0.00000
31.74339 0.00000
31.78913 0.00000
31.79696 0.00000
31.79844 0.00000
31.81948 0.00000
31.82203 0.00000
31.83563 0.00000
31.86584 0.00000
31.86747 0.00000
31.87135 0.00000
31.87611 0.00000
31.88033 0.00000
31.88287 0.00000
31.88304 0.00000
31.90834 0.00000
31.90934 0.00000
31.91000 0.00001
31.92951 0.00000
31.93029 0.00000
31.94378 0.00000
31.95680 0.00000
31.96350 0.00000
31.97138 0.00000
31.97462 0.00000
31.98833 0.00000
31.99573 0.00000
31.99699 0.00000
32.00129 0.00000
32.00951 0.00000
32.01298 0.00000
32.01708 0.00000
32.03024 0.00000
32.04043 0.00000
32.05495 0.00000
32.06483 0.00000
32.07198 0.00000
32.07603 0.00000
32.08030 0.00000
32.08495 0.00000
32.08843 0.00000
32.09409 0.00000
32.10377 0.00000
32.12424 0.00000
32.13473 0.00000
32.15331 0.00000
32.15916 0.00000
32.16062 0.00000
32.16344 0.00000
32.16903 0.00000
32.18465 0.00000
32.19877 0.00000
32.22385 0.00000
32.22697 0.00000
32.22727 0.00000
32.24067 0.00000
32.25155 0.00000
32.28448 0.00000
32.29237 0.00000
32.36112 0.00000
32.37896 0.00000
32.38335 0.00000
32.39906 0.00000
32.63200 0.00000
32.64584 0.00000
32.65792 0.00000
32.68978 0.00000
32.71722 0.00000
32.74744 0.00000
32.77493 0.00000
32.82633 0.00000
32.84222 0.00000
32.84675 0.00000
32.86781 0.00000
32.88203 0.00000
32.90008 0.00000
32.90711 0.00000
33.00431 0.00001
33.28968 0.00000
33.29192 0.00000
33.31268 0.00000
33.33412 0.00000
33.33898 0.00000
33.35073 0.00000
33.35197 0.00000
33.35833 0.00000
33.36468 0.00000
33.37283 0.00000
33.37392 0.00000
33.38612 0.00000
33.39027 0.00000
33.39748 0.00000
33.39811 0.00000
33.42371 0.00000
33.44311 0.00000
33.45489 0.00000
33.46915 0.00000
33.47058 0.00000
33.49639 0.00000
33.50158 0.00000
33.52654 0.00000
33.53983 0.00000
33.56637 0.00000
33.59615 0.00000
33.62377 0.00000
33.70333 0.00000
33.70654 0.00000
33.70991 0.00000
33.71697 0.00001
33.71894 0.00000
33.71902 0.00000
33.72175 0.00000
33.72518 0.00000
33.72906 0.00000
33.73078 0.00000
33.73334 0.00000
33.73562 0.00000
33.73892 0.00000
33.73901 0.00000
33.74113 0.00000
33.74296 0.00000
33.74796 0.00000
33.74818 0.00000
33.75048 0.00000
33.75135 0.00000
33.75277 0.00000
33.75364 0.00000
33.75558 0.00000
33.75897 0.00000
33.75901 0.00000
33.76168 0.00000
33.76444 0.00000
33.76614 0.00000
33.77390 0.00000
33.77648 0.00000
33.77719 0.00000
33.77894 0.00000
33.77946 0.00000
33.78831 0.00000
33.82029 0.00000
33.82841 0.00000
33.88307 0.00000
33.88895 0.00000
33.89801 0.00000
33.89918 0.00000
33.90022 0.00000
33.90190 0.00000
33.90210 0.00000
33.91827 0.00000
33.92042 0.00002
33.93562 0.00000
33.94110 0.00001
34.41603 0.00000
34.41942 0.00000
34.46423 0.00001
34.53739 0.00000
34.56060 0.00001
34.63257 0.00000
34.63710 0.00001
34.63972 0.00000
34.96252 0.00000
35.04414 0.00000
35.04908 0.00000
35.05514 0.00000
35.06187 0.00000
35.07045 0.00001
35.08315 0.00000
35.10620 0.00000
35.10818 0.00000
35.15304 0.00000
35.17907 0.00000
35.18475 0.00000
35.19323 0.00000
35.19731 0.00000
35.21160 0.00000
35.22759 0.00000
35.24970 0.00000
35.25452 0.00000
35.30104 0.00000
35.30610 0.00000
35.32871 0.00000
35.35357 0.00000
35.40009 0.00000
35.41652 0.00000
35.41994 0.00000
35.42895 0.00000
35.42900 0.00000
35.43517 0.00000
35.43905 0.00000
35.44081 0.00000
35.44334 0.00000
35.44585 0.00000
35.44894 0.00000
35.44904 0.00000
35.45072 0.00000
35.45425 0.00000
35.45865 0.00000
35.46322 0.00000
35.46558 0.00000
35.46893 0.00000
35.46906 0.00000
35.53996 0.00007
35.54047 0.00000
35.56994 0.00000
35.57310 0.00000
35.58088 0.00000
35.58138 0.00000
35.58462 0.00000
35.58506 0.00000
35.59027 0.00000
35.59184 0.00000
35.59257 0.00000
35.59671 0.00000
35.59760 0.00000
35.59809 0.00000
35.60110 0.00001
35.64648 0.00000
35.87621 0.00035
35.98472 0.00029
36.09206 0.00000
36.12418 0.00000
36.12892 0.00000
36.14186 0.00000
36.16286 0.00000
36.16551 0.00000
36.18790 0.00000
36.23275 0.00000
36.25647 0.00086
36.25876 0.00000
36.29125 0.00000
36.30436 0.00000
36.32938 0.00000
36.38623 0.00000
36.46685 0.00003
36.49647 0.00000
36.49989 0.00000
36.50895 0.00000
36.50904 0.00000
36.51514 0.00000
36.51905 0.00000
36.52079 0.00000
36.52331 0.00000
36.52590 0.00000
36.52894 0.00000
36.52900 0.00000
36.53863 0.00000
36.54325 0.00000
36.54560 0.00000
36.54893 0.00000
36.54899 0.00000
36.55688 0.00000
36.57561 0.00000
36.64767 0.00000
36.66628 0.00000
36.69579 0.00000
36.70039 0.00000
36.72219 0.00000
36.74345 0.00000
36.75206 0.00000
36.78738 0.00000
36.84143 0.00000
36.86826 0.00000
36.87516 0.00000
36.88297 0.00008
36.94330 0.00000
36.96320 0.00000
36.99436 0.00000
37.08348 0.00000
37.09088 0.00000
37.09104 0.00000
37.09528 0.00000
37.09834 0.00000
37.10358 0.00000
37.10605 0.00000
37.11938 0.00000
37.12039 0.00000
37.12352 0.00000
37.13044 0.00000
37.13402 0.00000
37.13901 0.00000
37.14289 0.00000
37.14408 0.00000
37.15394 0.00000
37.16121 0.00000
37.16248 0.00000
37.19291 0.00000
37.20935 0.00000
37.28313 0.00000
37.29927 0.00000
37.32262 0.00000
37.33881 0.00000
37.53141 0.00000
37.53342 0.00000
37.62421 0.00000
37.62906 0.00000
37.64194 0.00000
37.65430 0.00000
37.66306 0.00000
37.67345 0.00000
37.68784 0.00000
37.72210 0.00000
37.73260 0.00000
37.73588 0.00000
37.75855 0.00000
37.76726 0.00000
37.78103 0.00000
37.79118 0.00000
37.83045 0.00000
37.85795 0.00000
37.87162 0.00000
37.88374 0.00000
37.99648 0.00000
37.99989 0.00000
38.00894 0.00000
38.00901 0.00000
38.01524 0.00000
38.01902 0.00000
38.02077 0.00000
38.02334 0.00000
38.02583 0.00000
38.02888 0.00000
38.02901 0.00000
38.03865 0.00000
38.04100 0.00000
38.04329 0.00000
38.04567 0.00000
38.04897 0.00000
38.04905 0.00000
38.12464 0.00000
38.19276 0.00001
38.25138 0.00000
38.25558 0.00000
38.26334 0.00000
38.31217 0.00000
38.32418 0.00000
38.34622 0.00000
38.37782 0.00000
38.41930 0.00000
38.43126 0.00000
38.46815 0.00000
38.70090 0.00000
38.78928 0.00000
38.84177 0.00000
38.86488 0.00000
38.87710 0.00000
38.89100 0.00000
38.90707 0.00000
38.95335 0.00000
38.98103 0.00000
38.98205 0.00000
38.98954 0.00000
39.01203 0.00000
39.02043 0.00000
39.05567 0.00000
39.05615 0.00000
39.09325 0.00000
39.09494 0.00000
39.09499 0.00000
39.09943 0.00000
39.11414 0.00000
39.12771 0.00000
39.15176 0.00000
39.15389 0.00000
39.15744 0.00000
39.16053 0.00000
39.20163 0.00000
39.22594 0.00000
39.26592 0.00001
39.26867 0.00000
39.27793 0.00000
39.28936 0.00000
39.29079 0.00000
39.29570 0.00000
39.29661 0.00000
39.31687 0.00000
39.35877 0.00000
39.37880 0.00000
39.40244 0.00000
39.41959 0.00000
39.42994 0.00000
39.44045 0.00000
39.44178 0.00000
39.44603 0.00000
39.46458 0.00000
39.52787 0.00000
39.55531 0.00000
39.55680 0.00000
39.57286 0.00000
39.64292 0.00000
39.65171 0.00000
39.66300 0.00000
39.68681 0.00000
39.71229 0.00000
39.81887 0.00000
39.83611 0.00000
39.84938 0.00000
39.90078 0.00000
39.91573 0.00000
39.94855 0.00000
39.98905 0.00000
40.00919 0.00000
40.02654 0.00000
40.04899 0.00000
40.10984 0.00000
40.11636 0.00000
40.21665 0.00000
40.35249 0.00000
40.40662 0.00000
40.42579 0.00000
40.46977 0.00000
40.49210 0.00000
40.53494 0.00000
40.56049 0.00000
40.71582 0.00000
40.74697 0.00000
40.83668 0.00000
40.89600 0.00000
40.94039 0.00000
40.95243 0.00000
41.01238 0.00000
41.02985 0.00000
41.11970 0.00000
41.17768 0.00000
41.30820 0.00000
41.31690 0.00000
41.32719 0.00000
41.37975 0.00000
41.39191 0.00000
41.45304 0.00000
41.46719 0.00000
41.50278 0.00000
41.55906 0.00000
41.90087 0.00000
41.90509 0.00000
41.94844 0.00000
41.98328 0.00000
42.03923 0.00000
42.19353 0.00000
42.20096 0.00000
42.20845 0.00002
42.32655 0.00000
42.38442 0.00000
42.43227 0.00000
42.46545 0.00000
42.49173 0.00000
42.51831 0.00000
42.59925 0.00000
42.78210 0.00000
42.82975 0.00000
42.91531 0.00000
42.99393 0.00000
43.04355 0.00000
43.08360 0.00000
43.20710 0.00000
43.27287 0.00000
43.37449 0.00000
43.88627 0.00000
43.93144 0.00000
43.97065 0.00001
44.34156 0.00000
44.82095 0.00000
45.20869 0.00001
45.37994 0.00000
46.17565 0.00000
46.27088 0.00000
46.99357 0.00001
51.09786 0.00000
51.13236 0.00000
51.21642 0.00000
51.24987 0.00000
51.33030 0.00000
51.39870 0.00000
51.50300 0.00000
51.61444 0.00000
51.61900 0.00000
51.62824 0.00000
51.63221 0.00000
51.63367 0.00000
51.63641 0.00000
51.63897 0.00000
51.63905 0.00000
51.64191 0.00000
51.64570 0.00000
51.65128 0.00000
51.65561 0.00000
51.65656 0.00000
51.65723 0.00000
51.67277 0.00000
51.67411 0.00000
51.68482 0.00000
51.68579 0.00000
51.68877 0.00000
51.69256 0.00000
51.69382 0.00000
51.69801 0.00000
51.70875 0.00000
51.71033 0.00000
51.71296 0.00000
51.71528 0.00000
51.72909 0.00000
51.73013 0.00000
51.73116 0.00000
51.73766 0.00000
51.75608 0.00000
51.77101 0.00000
51.80995 0.00000
51.81002 0.00000
51.81896 0.00000
51.81904 0.00000
51.82790 0.00000
51.82822 0.00000
51.83466 0.00000
51.83658 0.00000
51.83897 0.00000
51.84422 0.00000
51.84861 0.00000
51.85255 0.00000
51.85673 0.00000
52.63522 0.00000
52.70425 0.00000
52.87250 0.00000
53.01185 0.00000
53.46080 0.00000
53.49743 0.00000
53.52956 0.00000
53.53711 0.00000
53.54778 0.00000
53.56067 0.00000
53.57698 0.00000
53.64248 0.00000
53.65460 0.00000
53.95793 0.00000
53.97092 0.00000
54.01326 0.00000
54.06441 0.00000
54.08778 0.00000
54.11735 0.00000
54.20551 0.00000
54.21310 0.00000
54.22178 0.00000
54.25414 0.00000
54.33456 0.00000
54.51551 0.00000
54.52784 0.00000
54.57587 0.00000
54.66985 0.00000
54.70426 0.00000
54.82540 0.00000
54.94090 0.00000
54.99824 0.00000
55.07661 0.00000
55.20179 0.00000
55.20762 0.00000
55.38216 0.00000
55.45817 0.00000
56.17486 0.00000
56.25967 0.00000
56.28205 0.00000
56.29752 0.00000
57.02864 0.00000
57.07833 0.00000
57.14629 0.00000
57.30775 0.00000
57.87529 0.00000
57.88847 0.00000
57.99826 0.00000
59.53859 0.00000
60.55989 0.00001
