-20.00000 -0.00415
-19.95000 -0.00420
-19.90000 -0.00424
-19.85000 -0.00429
-19.80000 -0.00434
-19.75000 -0.00438
-19.70000 -0.00443
-19.65000 -0.00447
-19.60000 -0.00452
-19.55000 -0.00456
-19.50000 -0.00460
-19.45000 -0.00465
-19.40000 -0.00469
-19.35000 -0.00473
-19.30000 -0.00477
-19.25000 -0.00481
-19.20000 -0.00484
-19.15000 -0.00488
-19.10000 -0.00491
-19.05000 -0.00495
-19.00000 -0.00498
-18.95000 -0.00501
-18.90000 -0.00503
-18.85000 -0.00506
-18.80000 -0.00508
-18.75000 -0.00511
-18.70000 -0.00513
-18.65000 -0.00514
-18.60000 -0.00516
-18.55000 -0.00518
-18.50000 -0.00519
-18.45000 -0.00520
-18.40000 -0.00521
-18.35000 -0.00522
-18.30000 -0.00523
-18.25000 -0.00523
-18.20000 -0.00524
-18.15000 -0.00524
-18.10000 -0.00524
-18.05000 -0.00525
-18.00000 -0.00525
-17.95000 -0.00525
-17.90000 -0.00525
-17.85000 -0.00524
-17.80000 -0.00524
-17.75000 -0.00524
-17.70000 -0.00524
-17.65000 -0.00523
-17.60000 -0.00523
-17.55000 -0.00523
-17.50000 -0.00523
-17.45000 -0.00522
-17.40000 -0.00522
-17.35000 -0.00522
-17.30000 -0.00521
-17.25000 -0.00521
-17.20000 -0.00521
-17.15000 -0.00521
-17.10000 -0.00521
-17.05000 -0.00521
-17.00000 -0.00521
-16.95000 -0.00521
-16.90000 -0.00521
-16.85000 -0.00521
-16.80000 -0.00521
-16.75000 -0.00521
-16.70000 -0.00522
-16.65000 -0.00522
-16.60000 -0.00522
-16.55000 -0.00523
-16.50000 -0.00523
-16.45000 -0.00524
-16.40000 -0.00524
-16.35000 -0.00525
-16.30000 -0.00525
-16.25000 -0.00526
-16.20000 -0.00527
-16.15000 -0.00528
-16.10000 -0.00529
-16.05000 -0.00530
-16.00000 -0.00531
-15.95000 -0.00532
-15.90000 -0.00533
-15.85000 -0.00534
-15.80000 -0.00535
-15.75000 -0.00537
-15.70000 -0.00538
-15.65000 -0.00539
-15.60000 -0.00541
-15.55000 -0.00543
-15.50000 -0.00544
-15.45000 -0.00546
-15.40000 -0.00548
-15.35000 -0.00550
-15.30000 -0.00552
-15.25000 -0.00554
-15.20000 -0.00556
-15.15000 -0.00558
-15.10000 -0.00561
-15.05000 -0.00563
-15.00000 -0.00566
-14.95000 -0.00568
-14.90000 -0.00571
-14.85000 -0.00574
-14.80000 -0.00577
-14.75000 -0.00580
-14.70000 -0.00583
-14.65000 -0.00586
-14.60000 -0.00589
-14.55000 -0.00593
-14.50000 -0.00596
-14.45000 -0.00600
-14.40000 -0.00604
-14.35000 -0.00607
-14.30000 -0.00611
-14.25000 -0.00615
-14.20000 -0.00619
-14.15000 -0.00623
-14.10000 -0.00628
-14.05000 -0.00632
-14.00000 -0.00637
-13.95000 -0.00641
-13.90000 -0.00646
-13.85000 -0.00651
-13.80000 -0.00655
-13.75000 -0.00660
-13.70000 -0.00666
-13.65000 -0.00671
-13.60000 -0.00676
-13.55000 -0.00681
-13.50000 -0.00687
-13.45000 -0.00693
-13.40000 -0.00698
-13.35000 -0.00704
-13.30000 -0.00710
-13.25000 -0.00716
-13.20000 -0.00722
-13.15000 -0.00729
-13.10000 -0.00735
-13.05000 -0.00741
-13.00000 -0.00748
-12.95000 -0.00755
-12.90000 -0.00762
-12.85000 -0.00769
-12.80000 -0.00776
-12.75000 -0.00783
-12.70000 -0.00790
-12.65000 -0.00798
-12.60000 -0.00806
-12.55000 -0.00813
-12.50000 -0.00821
-12.45000 -0.00829
-12.40000 -0.00837
-12.35000 -0.00846
-12.30000 -0.00854
-12.25000 -0.00863
-12.20000 -0.00871
-12.15000 -0.00880
-12.10000 -0.00889
-12.05000 -0.00899
-12.00000 -0.00908
-11.95000 -0.00918
-11.90000 -0.00927
-11.85000 -0.00937
-11.80000 -0.00947
-11.75000 -0.00957
-11.70000 -0.00968
-11.65000 -0.00978
-11.60000 -0.00989
-11.55000 -0.01000
-11.50000 -0.01011
-11.45000 -0.01022
-11.40000 -0.01034
-11.35000 -0.01045
-11.30000 -0.01057
-11.25000 -0.01069
-11.20000 -0.01081
-11.15000 -0.01093
-11.10000 -0.01106
-11.05000 -0.01119
-11.00000 -0.01132
-10.95000 -0.01145
-10.90000 -0.01158
-10.85000 -0.01171
-10.80000 -0.01185
-10.75000 -0.01199
-10.70000 -0.01213
-10.65000 -0.01227
-10.60000 -0.01241
-10.55000 -0.01256
-10.50000 -0.01271
-10.45000 -0.01286
-10.40000 -0.01301
-10.35000 -0.01317
-10.30000 -0.01332
-10.25000 -0.01348
-10.20000 -0.01364
-10.15000 -0.01380
-10.10000 -0.01397
-10.05000 -0.01413
-10.00000 -0.01430
-9.95000 -0.01448
-9.90000 -0.01465
-9.85000 -0.01483
-9.80000 -0.01500
-9.75000 -0.01519
-9.70000 -0.01537
-9.65000 -0.01556
-9.60000 -0.01574
-9.55000 -0.01593
-9.50000 -0.01613
-9.45000 -0.01633
-9.40000 -0.01652
-9.35000 -0.01673
-9.30000 -0.01693
-9.25000 -0.01714
-9.20000 -0.01735
-9.15000 -0.01756
-9.10000 -0.01778
-9.05000 -0.01800
-9.00000 -0.01822
-8.95000 -0.01845
-8.90000 -0.01868
-8.85000 -0.01891
-8.80000 -0.01915
-8.75000 -0.01939
-8.70000 -0.01963
-8.65000 -0.01988
-8.60000 -0.02013
-8.55000 -0.02038
-8.50000 -0.02064
-8.45000 -0.02090
-8.40000 -0.02116
-8.35000 -0.02143
-8.30000 -0.02170
-8.25000 -0.02198
-8.20000 -0.02226
-8.15000 -0.02254
-8.10000 -0.02283
-8.05000 -0.02312
-8.00000 -0.02342
-7.95000 -0.02373
-7.90000 -0.02403
-7.85000 -0.02435
-7.80000 -0.02467
-7.75000 -0.02499
-7.70000 -0.02532
-7.65000 -0.02566
-7.60000 -0.02600
-7.55000 -0.02635
-7.50000 -0.02670
-7.45000 -0.02706
-7.40000 -0.02743
-7.35000 -0.02781
-7.30000 -0.02819
-7.25000 -0.02858
-7.20000 -0.02898
-7.15000 -0.02939
-7.10000 -0.02981
-7.05000 -0.03023
-7.00000 -0.03067
-6.95000 -0.03111
-6.90000 -0.03157
-6.85000 -0.03203
-6.80000 -0.03251
-6.75000 -0.03300
-6.70000 -0.03349
-6.65000 -0.03400
-6.60000 -0.03452
-6.55000 -0.03506
-6.50000 -0.03561
-6.45000 -0.03616
-6.40000 -0.03674
-6.35000 -0.03732
-6.30000 -0.03793
-6.25000 -0.03854
-6.20000 -0.03917
-6.15000 -0.03982
-6.10000 -0.04048
-6.05000 -0.04115
-6.00000 -0.04184
-5.95000 -0.04255
-5.90000 -0.04328
-5.85000 -0.04402
-5.80000 -0.04478
-5.75000 -0.04556
-5.70000 -0.04635
-5.65000 -0.04717
-5.60000 -0.04800
-5.55000 -0.04885
-5.50000 -0.04972
-5.45000 -0.05061
-5.40000 -0.05152
-5.35000 -0.05245
-5.30000 -0.05339
-5.25000 -0.05436
-5.20000 -0.05534
-5.15000 -0.05635
-5.10000 -0.05738
-5.05000 -0.05842
-5.00000 -0.05949
-4.95000 -0.06057
-4.90000 -0.06167
-4.85000 -0.06279
-4.80000 -0.06393
-4.75000 -0.06509
-4.70000 -0.06627
-4.65000 -0.06746
-4.60000 -0.06867
-4.55000 -0.06989
-4.50000 -0.07113
-4.45000 -0.07238
-4.40000 -0.07365
-4.35000 -0.07493
-4.30000 -0.07621
-4.25000 -0.07751
-4.20000 -0.07881
-4.15000 -0.08012
-4.10000 -0.08143
-4.05000 -0.08275
-4.00000 -0.08406
-3.95000 -0.08538
-3.90000 -0.08669
-3.85000 -0.08799
-3.80000 -0.08929
-3.75000 -0.09057
-3.70000 -0.09184
-3.65000 -0.09310
-3.60000 -0.09434
-3.55000 -0.09556
-3.50000 -0.09675
-3.45000 -0.09792
-3.40000 -0.09905
-3.35000 -0.10016
-3.30000 -0.10123
-3.25000 -0.10227
-3.20000 -0.10326
-3.15000 -0.10422
-3.10000 -0.10512
-3.05000 -0.10599
-3.00000 -0.10680
-2.95000 -0.10756
-2.90000 -0.10827
-2.85000 -0.10892
-2.80000 -0.10952
-2.75000 -0.11006
-2.70000 -0.11055
-2.65000 -0.11097
-2.60000 -0.11133
-2.55000 -0.11163
-2.50000 -0.11187
-2.45000 -0.11205
-2.40000 -0.11217
-2.35000 -0.11223
-2.30000 -0.11223
-2.25000 -0.11217
-2.20000 -0.11205
-2.15000 -0.11187
-2.10000 -0.11164
-2.05000 -0.11135
-2.00000 -0.11101
-1.95000 -0.11062
-1.90000 -0.11018
-1.85000 -0.10970
-1.80000 -0.10917
-1.75000 -0.10859
-1.70000 -0.10798
-1.65000 -0.10733
-1.60000 -0.10665
-1.55000 -0.10593
-1.50000 -0.10518
-1.45000 -0.10440
-1.40000 -0.10360
-1.35000 -0.10278
-1.30000 -0.10193
-1.25000 -0.10106
-1.20000 -0.10018
-1.15000 -0.09929
-1.10000 -0.09838
-1.05000 -0.09746
-1.00000 -0.09653
-0.95000 -0.09560
-0.90000 -0.09466
-0.85000 -0.09372
-0.80000 -0.09278
-0.75000 -0.09183
-0.70000 -0.09089
-0.65000 -0.08995
-0.60000 -0.08901
-0.55000 -0.08808
-0.50000 -0.08715
-0.45000 -0.08623
-0.40000 -0.08532
-0.35000 -0.08442
-0.30000 -0.08352
-0.25000 -0.08263
-0.20000 -0.08175
-0.15000 -0.08089
-0.10000 -0.08003
-0.05000 -0.07918
0.00000 -0.07835
0.05000 -0.07753
0.10000 -0.07671
0.15000 -0.07591
0.20000 -0.07512
0.25000 -0.07434
0.30000 -0.07358
0.35000 -0.07282
0.40000 -0.07208
0.45000 -0.07134
0.50000 -0.07062
0.55000 -0.06991
0.60000 -0.06921
0.65000 -0.06852
0.70000 -0.06784
0.75000 -0.06717
0.80000 -0.06651
0.85000 -0.06585
0.90000 -0.06521
0.95000 -0.06458
1.00000 -0.06395
1.05000 -0.06333
1.10000 -0.06272
1.15000 -0.06212
1.20000 -0.06153
1.25000 -0.06094
1.30000 -0.06036
1.35000 -0.05979
1.40000 -0.05923
1.45000 -0.05867
1.50000 -0.05812
1.55000 -0.05757
1.60000 -0.05703
1.65000 -0.05650
1.70000 -0.05598
1.75000 -0.05546
1.80000 -0.05494
1.85000 -0.05444
1.90000 -0.05393
1.95000 -0.05344
2.00000 -0.05295
2.05000 -0.05247
2.10000 -0.05199
2.15000 -0.05152
2.20000 -0.05106
2.25000 -0.05060
2.30000 -0.05015
2.35000 -0.04971
2.40000 -0.04927
2.45000 -0.04883
2.50000 -0.04841
2.55000 -0.04798
2.60000 -0.04757
2.65000 -0.04716
2.70000 -0.04675
2.75000 -0.04635
2.80000 -0.04596
2.85000 -0.04557
2.90000 -0.04518
2.95000 -0.04480
3.00000 -0.04443
3.05000 -0.04405
3.10000 -0.04368
3.15000 -0.04332
3.20000 -0.04295
3.25000 -0.04259
3.30000 -0.04224
3.35000 -0.04188
3.40000 -0.04153
3.45000 -0.04117
3.50000 -0.04082
3.55000 -0.04047
3.60000 -0.04012
3.65000 -0.03977
3.70000 -0.03942
3.75000 -0.03907
3.80000 -0.03872
3.85000 -0.03837
3.90000 -0.03801
3.95000 -0.03766
4.00000 -0.03730
4.05000 -0.03695
4.10000 -0.03659
4.15000 -0.03623
4.20000 -0.03587
4.25000 -0.03550
4.30000 -0.03514
4.35000 -0.03477
4.40000 -0.03440
4.45000 -0.03403
4.50000 -0.03365
4.55000 -0.03328
4.60000 -0.03290
4.65000 -0.03252
4.70000 -0.03214
4.75000 -0.03176
4.80000 -0.03138
4.85000 -0.03100
4.90000 -0.03062
4.95000 -0.03024
5.00000 -0.02985
5.05000 -0.02947
5.10000 -0.02909
5.15000 -0.02871
5.20000 -0.02833
5.25000 -0.02795
5.30000 -0.02757
5.35000 -0.02719
5.40000 -0.02682
5.45000 -0.02645
5.50000 -0.02608
5.55000 -0.02571
5.60000 -0.02535
5.65000 -0.02499
5.70000 -0.02463
5.75000 -0.02427
5.80000 -0.02392
5.85000 -0.02358
5.90000 -0.02323
5.95000 -0.02289
6.00000 -0.02256
6.05000 -0.02223
6.10000 -0.02190
6.15000 -0.02158
6.20000 -0.02126
6.25000 -0.02095
6.30000 -0.02064
6.35000 -0.02033
6.40000 -0.02003
6.45000 -0.01974
6.50000 -0.01945
6.55000 -0.01916
6.60000 -0.01888
6.65000 -0.01860
6.70000 -0.01833
6.75000 -0.01807
6.80000 -0.01780
6.85000 -0.01755
6.90000 -0.01729
6.95000 -0.01705
7.00000 -0.01680
7.05000 -0.01656
7.10000 -0.01633
7.15000 -0.01610
7.20000 -0.01587
7.25000 -0.01565
7.30000 -0.01543
7.35000 -0.01522
7.40000 -0.01501
7.45000 -0.01480
7.50000 -0.01460
7.55000 -0.01440
7.60000 -0.01421
7.65000 -0.01402
7.70000 -0.01383
7.75000 -0.01365
7.80000 -0.01347
7.85000 -0.01330
7.90000 -0.01312
7.95000 -0.01295
8.00000 -0.01279
8.05000 -0.01262
8.10000 -0.01247
8.15000 -0.01231
8.20000 -0.01215
8.25000 -0.01200
8.30000 -0.01186
8.35000 -0.01171
8.40000 -0.01157
8.45000 -0.01143
8.50000 -0.01129
8.55000 -0.01116
8.60000 -0.01102
8.65000 -0.01089
8.70000 -0.01077
8.75000 -0.01064
8.80000 -0.01052
8.85000 -0.01040
8.90000 -0.01028
8.95000 -0.01016
9.00000 -0.01005
9.05000 -0.00994
9.10000 -0.00983
9.15000 -0.00972
9.20000 -0.00962
9.25000 -0.00951
9.30000 -0.00941
9.35000 -0.00931
9.40000 -0.00921
9.45000 -0.00911
9.50000 -0.00902
9.55000 -0.00892
9.60000 -0.00883
9.65000 -0.00874
9.70000 -0.00865
9.75000 -0.00856
9.80000 -0.00848
9.85000 -0.00839
9.90000 -0.00831
9.95000 -0.00823
10.00000 -0.00815
10.05000 -0.00807
10.10000 -0.00799
10.15000 -0.00792
10.20000 -0.00784
10.25000 -0.00777
10.30000 -0.00769
10.35000 -0.00762
10.40000 -0.00755
10.45000 -0.00748
10.50000 -0.00742
10.55000 -0.00735
10.60000 -0.00728
10.65000 -0.00722
10.70000 -0.00715
10.75000 -0.00709
10.80000 -0.00703
10.85000 -0.00697
10.90000 -0.00691
10.95000 -0.00685
11.00000 -0.00679
11.05000 -0.00674
11.10000 -0.00668
11.15000 -0.00663
11.20000 -0.00657
11.25000 -0.00652
11.30000 -0.00647
11.35000 -0.00641
11.40000 -0.00636
11.45000 -0.00631
11.50000 -0.00626
11.55000 -0.00622
11.60000 -0.00617
11.65000 -0.00612
11.70000 -0.00607
11.75000 -0.00603
11.80000 -0.00598
11.85000 -0.00594
11.90000 -0.00590
11.95000 -0.00585
12.00000 -0.00581
12.05000 -0.00577
12.10000 -0.00573
12.15000 -0.00569
12.20000 -0.00565
12.25000 -0.00561
12.30000 -0.00557
12.35000 -0.00554
12.40000 -0.00550
12.45000 -0.00546
12.50000 -0.00543
12.55000 -0.00539
12.60000 -0.00536
12.65000 -0.00532
12.70000 -0.00529
12.75000 -0.00526
12.80000 -0.00522
12.85000 -0.00519
12.90000 -0.00516
12.95000 -0.00513
13.00000 -0.00510
13.05000 -0.00507
13.10000 -0.00504
13.15000 -0.00501
13.20000 -0.00498
13.25000 -0.00495
13.30000 -0.00492
13.35000 -0.00489
13.40000 -0.00487
13.45000 -0.00484
13.50000 -0.00481
13.55000 -0.00479
13.60000 -0.00476
13.65000 -0.00473
13.70000 -0.00471
13.75000 -0.00468
13.80000 -0.00466
13.85000 -0.00463
13.90000 -0.00461
13.95000 -0.00458
14.00000 -0.00456
14.05000 -0.00454
14.10000 -0.00451
14.15000 -0.00449
14.20000 -0.00447
14.25000 -0.00445
14.30000 -0.00442
14.35000 -0.00440
14.40000 -0.00438
14.45000 -0.00436
14.50000 -0.00434
14.55000 -0.00431
14.60000 -0.00429
14.65000 -0.00427
14.70000 -0.00425
14.75000 -0.00423
14.80000 -0.00421
14.85000 -0.00419
14.90000 -0.00417
14.95000 -0.00415
15.00000 -0.00413
15.05000 -0.00410
15.10000 -0.00408
15.15000 -0.00406
15.20000 -0.00404
15.25000 -0.00402
15.30000 -0.00400
15.35000 -0.00398
15.40000 -0.00396
15.45000 -0.00395
15.50000 -0.00393
15.55000 -0.00391
15.60000 -0.00389
15.65000 -0.00387
15.70000 -0.00385
15.75000 -0.00383
15.80000 -0.00381
15.85000 -0.00379
15.90000 -0.00377
15.95000 -0.00375
16.00000 -0.00373
16.05000 -0.00371
16.10000 -0.00370
16.15000 -0.00368
16.20000 -0.00366
16.25000 -0.00364
16.30000 -0.00362
16.35000 -0.00360
16.40000 -0.00358
16.45000 -0.00357
16.50000 -0.00355
16.55000 -0.00353
16.60000 -0.00351
16.65000 -0.00349
16.70000 -0.00347
16.75000 -0.00346
16.80000 -0.00344
16.85000 -0.00342
16.90000 -0.00340
16.95000 -0.00338
17.00000 -0.00337
17.05000 -0.00335
17.10000 -0.00333
17.15000 -0.00331
17.20000 -0.00329
17.25000 -0.00328
17.30000 -0.00326
17.35000 -0.00324
17.40000 -0.00322
17.45000 -0.00321
17.50000 -0.00319
17.55000 -0.00317
17.60000 -0.00315
17.65000 -0.00313
17.70000 -0.00312
17.75000 -0.00310
17.80000 -0.00308
17.85000 -0.00306
17.90000 -0.00305
17.95000 -0.00303
18.00000 -0.00301
18.05000 -0.00299
18.10000 -0.00298
18.15000 -0.00296
18.20000 -0.00294
18.25000 -0.00293
18.30000 -0.00291
18.35000 -0.00289
18.40000 -0.00287
18.45000 -0.00286
18.50000 -0.00284
18.55000 -0.00282
18.60000 -0.00281
18.65000 -0.00279
18.70000 -0.00277
18.75000 -0.00276
18.80000 -0.00274
18.85000 -0.00272
18.90000 -0.00271
18.95000 -0.00269
19.00000 -0.00268
19.05000 -0.00266
19.10000 -0.00264
19.15000 -0.00263
19.20000 -0.00261
19.25000 -0.00260
19.30000 -0.00258
19.35000 -0.00257
19.40000 -0.00255
19.45000 -0.00254
19.50000 -0.00252
19.55000 -0.00251
19.60000 -0.00249
19.65000 -0.00248
19.70000 -0.00246
19.75000 -0.00245
19.80000 -0.00243
19.85000 -0.00242
19.90000 -0.00240
19.95000 -0.00239
20.00000 -0.00238
