529.09998 0.25171
532.30573 0.17997
533.08179 0.00002
533.68506 0.11929
534.18335 0.00001
536.88373 0.00000
536.91205 0.00033
536.94470 0.00000
536.96375 0.00000
537.61633 0.00000
537.64832 0.00022
537.76971 0.00118
537.87000 0.00000
538.04218 0.00000
538.07202 0.00087
538.28851 0.00020
538.60864 0.00000
538.76050 0.00000
538.85815 0.00052
539.38806 0.00092
540.11633 0.00000
540.13580 0.00000
540.37042 0.00000
540.40137 0.00000
540.58234 0.00006
541.05688 0.00098
541.51984 0.00000
541.53894 0.00000
541.63538 0.00000
541.64539 0.00000
542.34692 0.00068
542.46301 0.00000
542.55713 0.00000
542.58289 0.00000
542.69733 0.00000
542.70789 0.00000
542.91431 0.00000
542.96234 0.00003
543.38007 0.00605
543.55090 0.00123
543.55469 0.00000
543.58606 0.00000
543.70569 0.00002
544.66437 0.00000
544.68591 0.00000
544.87903 0.00000
544.94666 0.00000
544.97772 0.00000
544.99561 0.00130
545.39563 0.00000
545.40588 0.00000
545.41864 0.00000
545.42896 0.00000
545.42902 0.00000
545.74207 0.00000
545.76410 0.00000
546.13513 0.00000
546.14532 0.00000
546.16095 0.00000
546.17126 0.00000
546.22614 0.00000
546.24860 0.00000
546.35425 0.00000
546.36456 0.00000
546.48047 0.00000
546.49109 0.00000
546.54126 0.00394
546.54449 0.00000
546.55560 0.00000
546.70264 0.00000
546.71490 0.00000
546.95825 0.00000
546.98450 0.00000
547.09711 0.00000
547.10748 0.00000
547.11450 0.00098
547.19348 0.00000
547.21112 0.00000
547.22162 0.00000
547.32318 0.00000
547.32678 0.00000
547.33801 0.00000
547.37201 0.00021
547.41315 0.00001
547.51782 0.00001
547.61609 0.00000
547.65106 0.00000
547.88556 0.00000
547.89948 0.00000
547.92468 0.00000
547.97058 0.00219
547.99109 0.00000
547.99231 0.00000
547.99872 0.00015
548.01093 0.00000
548.01874 0.00000
548.03247 0.00000
548.03339 0.00000
548.04132 0.00000
548.07446 0.00000
548.17816 0.00084
548.25159 0.00001
548.43341 0.00000
548.45538 0.00000
548.45844 0.00000
548.48047 0.00000
548.48981 0.00002
548.52014 0.00000
548.62170 0.00000
548.96313 0.00001
549.00275 0.00000
549.00586 0.00004
549.00793 0.00000
549.00830 0.00000
549.01532 0.00000
549.02539 0.00000
549.17114 0.00000
549.19305 0.00000
549.19940 0.00000
549.22137 0.00000
549.31274 0.00018
549.39844 0.00000
549.42065 0.00000
549.53552 0.00000
549.54956 0.00007
549.55823 0.00000
549.60352 0.00000
549.62610 0.00000
549.75867 0.00000
549.78119 0.00000
549.83374 0.00002
550.14026 0.00000
550.16241 0.00000
550.26288 0.00000
550.28540 0.00000
550.32104 0.00007
550.39014 0.00000
550.41290 0.00000
550.67999 0.00000
550.69019 0.00000
550.75415 0.00000
550.82202 0.00000
550.82819 0.00000
550.84412 0.00000
550.90143 0.00000
550.91663 0.00000
550.93402 0.00000
550.95923 0.00000
550.97070 0.00000
550.98138 0.00000
550.98688 0.00000
550.98987 0.00000
550.99762 0.00000
551.10327 0.00000
551.12091 0.00000
551.17896 0.00000
551.17908 0.00000
551.27386 0.00000
551.27417 0.00035
551.28735 0.00000
551.69312 0.00000
551.76849 0.00000
551.78619 0.00000
551.80896 0.00000
551.82813 0.00000
551.83966 0.00000
551.93176 0.00001
551.93207 0.00000
551.94073 0.00000
551.96942 0.00005
551.98071 0.00000
551.98181 0.00000
551.99670 0.00000
552.00562 0.00000
552.00610 0.00002
552.03894 0.00000
552.07819 0.00001
552.08264 0.00000
552.10608 0.00000
552.42084 0.00000
552.44025 0.00000
552.50806 0.00000
552.51184 0.00000
552.51917 0.00000
552.52142 0.00000
552.52551 0.00000
552.57288 0.00000
552.68781 0.00010
552.68835 0.00001
552.85980 0.00000
552.87585 0.00000
552.93921 0.00000
552.99133 0.00000
553.01508 0.00002
553.02991 0.00009
553.10693 0.00000
553.14441 0.00000
553.15521 0.00005
553.30109 0.00000
553.44489 0.00000
553.44617 0.00000
553.44885 0.00000
553.51306 0.00000
553.51843 0.00000
553.52625 0.00000
553.53577 0.00000
553.75861 0.00000
553.86060 0.00000
553.87506 0.00000
553.88782 0.00000
553.89404 0.00000
553.92725 0.00000
553.93115 0.00000
553.93365 0.00000
553.98438 0.00003
554.00958 0.00000
554.01965 0.00013
554.03101 0.00000
554.03973 0.00000
554.04974 0.00000
554.05383 0.00000
554.07281 0.00000
554.21375 0.00000
554.24402 0.00000
554.34045 0.00000
554.36340 0.00000
554.44940 0.00037
554.58325 0.00000
554.59521 0.00012
554.86316 0.00015
554.88104 0.00000
554.92639 0.00000
554.98718 0.00059
555.04907 0.00000
555.06885 0.00000
555.11597 0.00000
555.16992 0.00000
555.25146 0.00000
555.28857 0.00000
555.30200 0.00000
555.30200 0.00000
555.34882 0.00000
555.36902 0.00000
555.37549 0.00000
555.38202 0.00000
555.41577 0.00000
555.48157 0.00000
555.50159 0.00000
555.57318 0.00000
555.59503 0.00062
555.62494 0.00000
555.65363 0.00016
555.71497 0.00000
555.71497 0.00000
555.73914 0.00000
556.12671 0.00032
556.21857 0.00000
556.22888 0.00000
556.26575 0.00000
556.39307 0.00000
556.41223 0.00000
556.42310 0.00002
556.45325 0.00000
556.50836 0.00000
556.55249 0.00000
556.69421 0.00000
556.88525 0.00000
556.90015 0.00000
556.91296 0.00000
556.91302 0.00000
557.02100 0.00000
557.18274 0.00003
557.20111 0.00000
557.21692 0.00000
557.30670 0.00000
557.31525 0.00000
557.31812 0.00000
557.41681 0.00000
557.43176 0.00015
557.56616 0.00000
557.59668 0.00003
557.84686 0.00040
557.98248 0.00000
558.04395 0.00000
558.04401 0.00000
558.20697 0.00000
558.20697 0.00000
558.29633 0.00000
558.30463 0.00000
558.30725 0.00000
558.31219 0.00000
558.35022 0.00000
558.36310 0.00000
558.40637 0.00000
558.44788 0.00000
558.67877 0.00000
558.68005 0.00000
558.68115 0.00000
558.71228 0.00000
558.79437 0.00000
558.86023 0.00005
558.89362 0.00000
558.90521 0.00000
558.93182 0.00000
558.94336 0.00000
558.97699 0.00000
559.03601 0.00000
559.03827 0.00000
559.05902 0.00000
559.06940 0.00000
559.07062 0.00000
559.07324 0.00000
559.09692 0.00000
559.09869 0.00000
559.10077 0.00000
559.10126 0.00000
559.11859 0.00000
559.11975 0.00000
559.12079 0.00000
559.12183 0.00000
559.13672 0.00023
559.23022 0.00000
559.27460 0.00000
559.28308 0.00000
559.30658 0.00000
559.38953 0.00000
559.40002 0.00000
559.41833 0.00000
559.53082 0.00377
559.53802 0.00012
559.59558 0.00000
559.59930 0.00000
559.63055 0.00000
559.63293 0.00000
559.63300 0.00000
559.64380 0.00000
559.64478 0.00000
559.64557 0.00000
559.64673 0.00000
559.65845 0.00000
559.68951 0.00000
559.70074 0.00000
559.79388 0.00000
559.79510 0.00000
559.80896 0.00000
559.80902 0.00000
559.82190 0.00000
559.83221 0.00000
559.94232 0.00000
559.94922 0.00000
559.95795 0.00000
559.95905 0.00000
559.96912 0.00000
559.98315 0.00000
559.98688 0.00000
559.99548 0.00000
560.00244 0.00000
560.00323 0.00000
560.01685 0.00000
560.01703 0.00000
560.01874 0.00000
560.04083 0.00000
560.04370 0.00000
560.05029 0.00000
560.07867 0.00000
560.11395 0.00000
560.11444 0.00000
560.12140 0.00000
560.12537 0.00000
560.13464 0.00000
560.18481 0.00000
560.19202 0.00002
560.19427 0.00029
560.20703 0.00000
560.23035 0.00000
560.26587 0.00000
560.29950 0.00000
560.30231 0.00000
560.33813 0.00000
560.39313 0.00000
560.40356 0.00000
560.42480 0.00000
560.45734 0.00000
560.47711 0.00000
560.49957 0.00000
560.50018 0.00000
560.52606 0.00000
560.53284 0.00000
560.54498 0.00000
560.54547 0.00000
560.54596 0.00000
560.56519 0.00000
560.58221 0.00000
560.59003 0.00000
560.65057 0.00000
560.66461 0.00000
560.70892 0.00000
560.70905 0.00000
560.72473 0.00000
560.76312 0.00000
560.78412 0.00000
560.85901 0.00000
560.87238 0.00000
560.87451 0.00000
560.87671 0.00000
560.88733 0.00000
560.89203 0.00000
560.94647 0.00000
560.95782 0.00000
560.95953 0.00000
560.96075 0.00000
560.97107 0.00000
560.97400 0.00000
561.01520 0.00000
561.02905 0.00000
561.03748 0.00000
561.05896 0.00000
561.05902 0.00000
561.06696 0.00000
561.07227 0.00000
561.07373 0.00000
561.09332 0.00000
561.09509 0.00000
561.09735 0.00000
561.09924 0.00000
561.10071 0.00000
561.10138 0.00000
561.11957 0.00000
561.12091 0.00000
561.13239 0.00000
561.16107 0.00000
561.21014 0.00000
561.29382 0.00000
561.37622 0.00000
561.41895 0.00000
561.44855 0.00000
561.53198 0.00000
561.56396 0.00000
561.56403 0.00000
561.57300 0.00000
561.60901 0.00000
561.62396 0.00000
561.62402 0.00000
561.66962 0.00000
561.68213 0.00000
561.70001 0.00000
561.70789 0.00000
561.71069 0.00000
561.71497 0.00000
561.72278 0.00000
561.72552 0.00000
561.73529 0.00000
561.74780 0.00000
561.75867 0.00000
561.75903 0.00000
561.80902 0.00000
561.82391 0.00000
561.82397 0.00000
561.84705 0.00000
561.84937 0.00000
561.85779 0.00000
561.85858 0.00000
561.86066 0.00000
561.86121 0.00000
561.92267 0.00000
561.92365 0.00000
561.92633 0.00000
561.93982 0.00000
561.95898 0.00000
561.95905 0.00000
561.98553 0.00000
561.99188 0.00000
561.99591 0.00000
562.00232 0.00000
562.00336 0.00000
562.00616 0.00000
562.01733 0.00000
562.01843 0.00000
562.02545 0.00000
562.03717 0.00000
562.03943 0.00000
562.04352 0.00000
562.04761 0.00000
562.11792 0.00000
562.12225 0.00000
562.12512 0.00000
562.13855 0.00000
562.17120 0.00000
562.20697 0.00000
562.22406 0.00000
562.33484 0.00000
562.40393 0.00000
562.41949 0.00000
562.46527 0.00207
562.46875 0.00000
562.48419 0.00000
562.48505 0.00000
562.49255 0.00062
562.50903 0.00000
562.54333 0.00000
562.59637 0.00000
562.59930 0.00000
562.60046 0.00000
562.60785 0.00000
562.60828 0.00000
562.61078 0.00000
562.66504 0.00000
562.70905 0.00000
562.71887 0.00000
562.77545 0.00000
562.79230 0.00000
562.80902 0.00000
562.81580 0.00000
562.81598 0.00000
562.81805 0.00000
562.82227 0.00000
562.82306 0.00000
562.84235 0.00000
562.84863 0.00000
562.88843 0.00000
562.91736 0.00000
562.92529 0.00000
562.92706 0.00000
562.93829 0.00000
562.94080 0.00000
563.05908 0.00000
563.06946 0.00000
563.07465 0.00000
563.15796 0.00000
563.15948 0.00000
563.16022 0.00000
563.16394 0.00000
563.16571 0.00000
563.16748 0.00000
563.16870 0.00000
563.21814 0.00000
563.28961 0.00000
563.29187 0.00000
563.29266 0.00000
563.29932 0.00000
563.32324 0.00000
563.35657 0.00000
563.38623 0.00000
563.39093 0.00000
563.40442 0.00000
563.41669 0.00000
563.49890 0.00000
563.49902 0.00000
563.50195 0.00000
563.50226 0.00000
563.50317 0.00000
563.53510 0.00000
563.58246 0.00000
563.60010 0.00000
563.65991 0.00000
563.67542 0.00000
563.69897 0.00000
563.70502 0.00000
563.74023 0.00000
563.74866 0.00003
563.76270 0.00000
563.77405 0.00000
563.80902 0.00000
563.82404 0.00000
563.82526 0.00000
563.82660 0.00000
563.83539 0.00000
563.84094 0.00000
563.85394 0.00000
563.86743 0.00000
563.86926 0.00178
563.87256 0.00000
563.90887 0.00000
563.95905 0.00000
564.00830 0.00000
564.01208 0.00000
564.01422 0.00000
564.01508 0.00000
564.03687 0.00000
564.04425 0.00000
564.04553 0.00000
564.04614 0.00000
564.04761 0.00000
564.05505 0.00000
564.05670 0.00000
564.05719 0.00000
564.05835 0.00000
564.10901 0.00000
564.11169 0.00000
564.11835 0.00000
564.15369 0.00000
564.15454 0.00000
564.15936 0.00000
564.17126 0.00000
564.19287 0.00000
564.23212 0.00000
564.24268 0.00000
564.25800 0.00000
564.26813 0.00000
564.26953 0.00000
564.27679 0.00000
564.27704 0.00000
564.35052 0.00000
564.35895 0.00000
564.35907 0.00000
564.36877 0.00000
564.39246 0.00000
564.39905 0.00000
564.41681 0.00000
564.42255 0.00000
564.51654 0.00000
564.52551 0.00000
564.54407 0.00000
564.55762 0.00000
564.55981 0.00000
564.57001 0.00000
564.59747 0.00000
564.60229 0.00000
564.60364 0.00000
564.60565 0.00000
564.62622 0.00000
564.63013 0.00000
564.63568 0.00000
564.64105 0.00000
564.65680 0.00000
564.65948 0.00000
564.67395 0.00000
564.67401 0.00000
564.68793 0.00000
564.69952 0.00000
564.70306 0.00001
564.70911 0.00000
564.71063 0.00000
564.71729 0.00000
564.72040 0.00000
564.72577 0.00000
564.72974 0.00000
564.73328 0.00000
564.75732 0.00000
564.76422 0.00000
564.76611 0.00000
564.76898 0.00000
564.76904 0.00000
564.80890 0.00000
564.82428 0.00000
564.83173 0.00000
564.87018 0.00000
564.87115 0.00000
564.88165 0.00000
564.91351 0.00000
564.92499 0.00000
564.93921 0.00000
564.94025 0.00000
564.94556 0.00000
564.94739 0.00000
564.95776 0.00000
564.95917 0.00000
564.97363 0.00000
564.97449 0.00000
564.97565 0.00000
564.98260 0.00000
564.98700 0.00000
564.99603 0.00002
565.00940 0.00000
565.06262 0.00000
565.07428 0.00000
565.12506 0.00000
565.19501 0.00000
565.24536 0.00000
565.29980 0.00000
565.33167 0.00000
565.33673 0.00000
565.34711 0.00000
565.38654 0.00000
565.42059 0.00000
565.46094 0.00000
565.47424 0.00000
565.49896 0.00000
565.49902 0.00000
565.50220 0.00000
565.50342 0.00000
565.53638 0.00000
565.55426 0.00000
565.57825 0.00000
565.57922 0.00000
565.62781 0.00000
565.69861 0.00000
565.75684 0.00000
565.76721 0.00000
565.80859 0.00000
565.83221 0.00000
565.86829 0.00000
565.87177 0.00000
565.91199 0.00000
565.91541 0.00000
565.94922 0.00000
565.95258 0.00000
565.96082 0.00000
565.99194 0.00000
565.99200 0.00000
565.99872 0.00001
566.00153 0.00000
566.01807 0.00000
566.04974 0.00000
566.15900 0.00000
566.18018 0.00000
566.19733 0.00000
566.24457 0.00000
566.25873 0.00000
566.26147 0.00000
566.27936 0.00000
566.28583 0.00000
566.35907 0.00000
566.38562 0.00000
566.39319 0.00000
566.39905 0.00000
566.41388 0.00000
566.41833 0.00000
566.42108 0.00000
566.44141 0.00000
566.50323 0.00000
566.59583 0.00000
566.59930 0.00000
566.60132 0.00000
566.60876 0.00000
566.61298 0.00000
566.63330 0.00000
566.64709 0.00000
566.70105 0.00000
566.71094 0.00000
566.71265 0.00000
566.71558 0.00000
566.76904 0.00000
566.80139 0.00000
566.81494 0.00000
566.81506 0.00000
566.82330 0.00000
566.85583 0.00000
566.85699 0.00000
566.88586 0.00000
566.88727 0.00000
567.02655 0.00000
567.03833 0.00000
567.09857 0.00000
567.11108 0.00000
567.13452 0.00000
567.14880 0.00000
567.20856 0.00000
567.21484 0.00000
567.21967 0.00000
567.22937 0.00000
567.23047 0.00000
567.25134 0.00000
567.25256 0.00000
567.25629 0.00000
567.26147 0.00000
567.26379 0.00000
567.26740 0.00000
567.27258 0.00000
567.29260 0.00000
567.33868 0.00000
567.34558 0.00000
567.35345 0.00000
567.36084 0.00000
567.37256 0.00000
567.39563 0.00000
567.41284 0.00000
567.42487 0.00000
567.43365 0.00000
567.43652 0.00000
567.44226 0.00000
567.52673 0.00000
567.54236 0.00000
567.54370 0.00000
567.55164 0.00001
567.66907 0.00000
567.69788 0.00000
567.74841 0.00000
567.79419 0.00000
567.82031 0.00000
567.85632 0.00000
567.87195 0.00000
567.87201 0.00000
567.92725 0.00000
567.93219 0.00000
567.93530 0.00000
567.93884 0.00000
567.94385 0.00000
567.94708 0.00000
567.96588 0.00000
568.04858 0.00000
568.06152 0.00000
568.07660 0.00000
568.09747 0.00000
568.10187 0.00000
568.10248 0.00000
568.11865 0.00000
568.12976 0.00000
568.13666 0.00000
568.15265 0.00000
568.15790 0.00000
568.15845 0.00000
568.21045 0.00000
568.21448 0.00001
568.21893 0.00000
568.22095 0.00000
568.22107 0.00000
568.22461 0.00000
568.22595 0.00000
568.27734 0.00000
568.31482 0.00000
568.32581 0.00000
568.35907 0.00000
568.40399 0.00000
568.45642 0.00000
568.48041 0.00000
568.48132 0.00000
568.48834 0.00000
568.49084 0.00000
568.49097 0.00000
568.51678 0.00004
568.53729 0.00000
568.54980 0.00000
568.56244 0.00000
568.58435 0.00000
568.58569 0.00000
568.59717 0.00000
568.63324 0.00000
568.65192 0.00000
568.71783 0.00000
568.72052 0.00000
568.73065 0.00000
568.75098 0.00000
568.76117 0.00000
568.76904 0.00000
568.77460 0.00000
568.77911 0.00000
568.78241 0.00000
568.79675 0.00000
568.80847 0.00000
568.80963 0.00000
568.82532 0.00000
568.83185 0.00000
568.89136 0.00000
568.91235 0.00000
568.92358 0.00000
568.95050 0.00000
568.96198 0.00000
568.96204 0.00000
568.96466 0.00000
569.00824 0.00000
569.02045 0.00000
569.02698 0.00000
569.06146 0.00000
569.07440 0.00000
569.10229 0.00000
569.12927 0.00000
569.15674 0.00000
569.15942 0.00000
569.16034 0.00000
569.16907 0.00000
569.18451 0.00000
569.20526 0.00000
569.26154 0.00000
569.26324 0.00001
569.26624 0.00000
569.28430 0.00004
569.33594 0.00000
569.33600 0.00000
569.34100 0.00000
569.35468 0.00000
569.36987 0.00000
569.43146 0.00000
569.44830 0.00000
569.48303 0.00000
569.50848 0.00000
569.51227 0.00000
569.53064 0.00000
569.54688 0.00000
569.58148 0.00000
569.63330 0.00000
569.64319 0.00000
569.66345 0.00000
569.66895 0.00000
569.66901 0.00000
569.67627 0.00000
569.73950 0.00000
569.75110 0.00003
569.77417 0.00000
569.86731 0.00002
569.97943 0.00000
569.98395 0.00001
570.04321 0.00000
570.11346 0.00000
570.11615 0.00000
570.13611 0.00003
570.14600 0.00000
570.15912 0.00000
570.18719 0.00000
570.21057 0.00000
570.24017 0.00000
570.25677 0.00000
570.26703 0.00000
570.34338 0.00000
570.36584 0.00000
570.39148 0.00000
570.40076 0.00000
570.40570 0.00000
570.41272 0.00000
570.44592 0.00000
570.47046 0.00000
570.47632 0.00001
570.56555 0.00001
570.66260 0.00000
570.66656 0.00000
570.76758 0.00011
570.84039 0.00000
570.84222 0.00000
570.93396 0.00003
570.93988 0.00006
571.00812 0.00000
571.01105 0.00000
571.01672 0.00004
571.02625 0.00000
571.02808 0.00001
571.04498 0.00000
571.04651 0.00000
571.05554 0.00000
571.06378 0.00000
571.07129 0.00000
571.07898 0.00000
571.10144 0.00000
571.15546 0.00002
571.16907 0.00000
571.17761 0.00000
571.18768 0.00000
571.19006 0.00000
571.19702 0.00000
571.22968 0.00000
571.23102 0.00000
571.27374 0.00000
571.34503 0.00000
571.37927 0.00000
571.40735 0.00000
571.46936 0.00000
571.53314 0.00000
571.53656 0.00000
571.55219 0.00000
571.59570 0.00000
571.60718 0.00000
571.61646 0.00000
571.62256 0.00000
571.62921 0.00001
571.64307 0.00000
571.65424 0.00000
571.66901 0.00000
571.68158 0.00000
571.70660 0.00000
571.70844 0.00001
571.71259 0.00000
571.71503 0.00000
571.73425 0.00000
571.73621 0.00000
571.76196 0.00000
571.83521 0.00000
571.89502 0.00000
571.90961 0.00000
572.01971 0.00000
572.03271 0.00000
572.04028 0.00000
572.06042 0.00000
572.06952 0.00000
572.07062 0.00000
572.15710 0.00000
572.17755 0.00000
572.24957 0.00000
572.26428 0.00000
572.29388 0.00000
572.31323 0.00000
572.32684 0.00000
572.38531 0.00000
572.39923 0.00000
572.45190 0.00000
572.45801 0.00000
572.46814 0.00000
572.51263 0.00001
572.54803 0.00002
572.55200 0.00000
572.55640 0.00000
572.58112 0.00000
572.64600 0.00000
572.64923 0.00000
572.65479 0.00001
572.66223 0.00001
572.66620 0.00000
572.67523 0.00000
572.68732 0.00000
572.73303 0.00000
572.80365 0.00000
572.82367 0.00000
572.84070 0.00000
572.84656 0.00000
572.90356 0.00000
572.92236 0.00001
572.92859 0.00000
573.03204 0.00000
573.04993 0.00000
573.14966 0.00001
573.16901 0.00000
573.17468 0.00001
573.22870 0.00000
573.28943 0.00005
573.30798 0.00000
573.30969 0.00000
573.32489 0.00000
573.34277 0.00000
573.45013 0.00000
573.50238 0.00000
573.53833 0.00003
573.56421 0.00000
573.57849 0.00000
573.59393 0.00001
573.66168 0.00000
573.78870 0.00000
573.83545 0.00007
573.86798 0.00000
573.87183 0.00000
573.88983 0.00000
574.02295 0.00000
574.02301 0.00000
574.03125 0.00000
574.07739 0.00000
574.08813 0.00000
574.14954 0.00000
574.16364 0.00008
574.19128 0.00000
574.21246 0.00000
574.25549 0.00000
574.38788 0.00000
574.44342 0.00000
574.44647 0.00004
574.46393 0.00000
574.46399 0.00000
574.50720 0.00000
574.55511 0.00001
574.55658 0.00000
574.56195 0.00000
574.56201 0.00000
574.61023 0.00000
574.78436 0.00000
574.86389 0.00001
574.89545 0.00000
574.91882 0.00042
574.92493 0.00000
574.92499 0.00000
574.97552 0.00000
575.03943 0.00000
575.30731 0.00000
575.33362 0.00000
575.35480 0.00000
575.37128 0.00000
575.47229 0.00013
575.49634 0.00000
575.50635 0.00000
575.52393 0.00032
575.55426 0.00000
575.59357 0.00000
575.67047 0.00000
575.70673 0.00000
575.74500 0.00003
575.76904 0.00000
575.81342 0.00000
575.81775 0.00005
575.92401 0.00000
575.94452 0.00000
575.96381 0.00000
575.99304 0.00000
576.01440 0.00000
576.02692 0.00000
576.03876 0.00000
576.04352 0.00000
576.07782 0.00001
576.09137 0.00000
576.21094 0.00000
576.28748 0.00018
576.30261 0.00000
576.32855 0.00000
576.36829 0.00000
576.40002 0.00000
576.42804 0.00000
576.44720 0.00000
576.49225 0.00000
576.64911 0.00000
576.75525 0.00000
576.84326 0.00000
576.90131 0.00000
577.08203 0.00001
577.24902 0.00000
577.31476 0.00000
577.44177 0.00000
577.46222 0.00001
577.51514 0.00001
577.54352 0.00000
577.79553 0.00001
577.81592 0.00000
577.93762 0.00001
578.34491 0.00000
578.38159 0.00000
578.40112 0.00000
578.41052 0.00012
578.49487 0.00000
578.67334 0.00000
578.71423 0.00000
579.02533 0.00010
579.07831 0.00012
579.09424 0.00000
579.12024 0.00000
579.31409 0.00002
579.40680 0.00000
579.42529 0.00009
579.71075 0.00011
579.82050 0.00000
579.93396 0.00000
580.53522 0.00010
580.54785 0.00000
580.57422 0.00000
581.02209 0.00225
582.09564 0.00001
582.37079 0.00002
583.69879 0.00171
585.04346 0.00116
