-5.00000 0.00000 0.00637
-4.90000 0.00000 0.00659
-4.80000 0.00000 0.00683
-4.70000 0.00000 0.00707
-4.60000 0.00000 0.00733
-4.50000 0.00000 0.00760
-4.40000 0.00000 0.00789
-4.30000 0.00000 0.00819
-4.20000 0.00000 0.00850
-4.10000 0.00000 0.00884
-4.00000 0.00000 0.00919
-3.90000 0.00000 0.00956
-3.80000 0.00000 0.00996
-3.70000 0.00000 0.01038
-3.60000 0.00000 0.01083
-3.50000 0.00000 0.01131
-3.40000 0.00000 0.01182
-3.30000 0.00000 0.01237
-3.20000 0.00000 0.01296
-3.10000 0.00000 0.01360
-3.00000 0.00000 0.01429
-2.90000 0.00000 0.01504
-2.80000 0.00000 0.01586
-2.70000 0.00000 0.01677
-2.60000 0.00000 0.01776
-2.50000 0.00000 0.01886
-2.40000 0.00000 0.02009
-2.30000 0.00000 0.02146
-2.20000 0.00000 0.02301
-2.10000 0.00000 0.02478
-2.00000 0.00000 0.02680
-1.90000 0.00000 0.02914
-1.80000 0.00000 0.03187
-1.70000 0.00000 0.03509
-1.60000 0.00000 0.03893
-1.50000 0.00000 0.04356
-1.40000 0.00000 0.04919
-1.30000 0.00000 0.05608
-1.20000 0.00000 0.06457
-1.10000 0.00000 0.07503
-1.00000 0.00000 0.08794
-0.90000 0.00000 0.10378
-0.80000 0.00000 0.12309
-0.70000 0.00000 0.14640
-0.60000 0.00000 0.17417
-0.50000 0.00000 0.20675
-0.40000 0.00000 0.24433
-0.30000 0.00000 0.28682
-0.20000 0.00000 0.33383
-0.10000 0.00000 0.38464
0.00000 0.00000 0.43816
0.10000 0.00000 0.49296
0.20000 0.00000 0.54733
0.30000 0.00000 0.59942
0.40000 0.00000 0.64734
0.50000 0.00000 0.68932
0.60000 0.00000 0.72390
0.70000 0.00000 0.75005
0.80000 0.00000 0.76726
0.90000 0.00000 0.77560
1.00000 0.00000 0.77568
1.10000 0.00000 0.76859
1.20000 0.00000 0.75572
1.30000 0.00000 0.73861
1.40000 0.00000 0.71876
1.50000 0.00000 0.69750
1.60000 0.00000 0.67586
1.70000 0.00000 0.65455
1.80000 0.00000 0.63396
1.90000 0.00000 0.61422
2.00000 0.00000 0.59534
2.10000 0.00000 0.57728
2.20000 0.00000 0.56006
2.30000 0.00000 0.54383
2.40000 0.00000 0.52888
2.50000 0.00000 0.51561
2.60000 0.00000 0.50453
2.70000 0.00000 0.49612
2.80000 0.00000 0.49080
2.90000 0.00000 0.48887
3.00000 0.00000 0.49043
3.10000 0.00000 0.49542
3.20000 0.00000 0.50355
3.30000 0.00000 0.51442
3.40000 0.00000 0.52748
3.50000 0.00000 0.54215
3.60000 0.00000 0.55782
3.70000 0.00000 0.57398
3.80000 0.00000 0.59016
3.90000 0.00000 0.60609
4.00000 0.00000 0.62160
4.10000 0.00000 0.63673
4.20000 0.00000 0.65164
4.30000 0.00000 0.66663
4.40000 0.00000 0.68207
4.50000 0.00000 0.69836
4.60000 0.00000 0.71589
4.70000 0.00000 0.73494
4.80000 0.00000 0.75568
4.90000 0.00000 0.77814
5.00000 0.00000 0.80214
5.10000 0.00000 0.82733
5.20000 0.00000 0.85320
5.30000 0.00000 0.87910
5.40000 0.00000 0.90428
5.50000 0.00000 0.92796
5.60000 0.00000 0.94935
5.70000 0.00000 0.96770
5.80000 0.00000 0.98238
5.90000 0.00000 0.99286
6.00000 0.00000 0.99880
6.10000 0.00000 1.00000
6.20000 0.00000 0.99644
6.30000 0.00000 0.98824
6.40000 0.00000 0.97570
6.50000 0.00000 0.95918
6.60000 0.00000 0.93917
6.70000 0.00000 0.91620
6.80000 0.00000 0.89081
6.90000 0.00000 0.86356
7.00000 0.00000 0.83497
7.10000 0.00000 0.80555
7.20000 0.00000 0.77571
7.30000 0.00000 0.74584
7.40000 0.00000 0.71624
7.50000 0.00000 0.68714
7.60000 0.00000 0.65872
7.70000 0.00000 0.63106
7.80000 0.00000 0.60421
7.90000 0.00000 0.57815
8.00000 0.00000 0.55285
8.10000 0.00000 0.52821
8.20000 0.00000 0.50413
8.30000 0.00000 0.48051
8.40000 0.00000 0.45724
8.50000 0.00000 0.43425
8.60000 0.00000 0.41148
8.70000 0.00000 0.38890
8.80000 0.00000 0.36654
8.90000 0.00000 0.34442
9.00000 0.00000 0.32263
9.10000 0.00000 0.30126
9.20000 0.00000 0.28042
9.30000 0.00000 0.26023
9.40000 0.00000 0.24081
9.50000 0.00000 0.22228
9.60000 0.00000 0.20473
9.70000 0.00000 0.18826
9.80000 0.00000 0.17293
9.90000 0.00000 0.15879
10.00000 0.00000 0.14587
10.10000 0.00000 0.13417
10.20000 0.00000 0.12368
10.30000 0.00000 0.11437
10.40000 0.00000 0.10618
10.50000 0.00000 0.09906
10.60000 0.00000 0.09291
10.70000 0.00000 0.08765
10.80000 0.00000 0.08319
10.90000 0.00000 0.07940
11.00000 0.00000 0.07619
11.10000 0.00000 0.07345
11.20000 0.00000 0.07105
11.30000 0.00000 0.06890
11.40000 0.00000 0.06691
11.50000 0.00000 0.06497
11.60000 0.00000 0.06303
11.70000 0.00000 0.06103
11.80000 0.00000 0.05892
11.90000 0.00000 0.05668
12.00000 0.00000 0.05431
12.10000 0.00000 0.05181
12.20000 0.00000 0.04921
12.30000 0.00000 0.04653
12.40000 0.00000 0.04381
12.50000 0.00000 0.04108
12.60000 0.00000 0.03838
12.70000 0.00000 0.03574
12.80000 0.00000 0.03320
12.90000 0.00000 0.03077
13.00000 0.00000 0.02849
13.10000 0.00000 0.02635
13.20000 0.00000 0.02437
13.30000 0.00000 0.02255
13.40000 0.00000 0.02089
13.50000 0.00000 0.01938
13.60000 0.00000 0.01801
13.70000 0.00000 0.01678
13.80000 0.00000 0.01566
13.90000 0.00000 0.01466
14.00000 0.00000 0.01376
14.10000 0.00000 0.01295
14.20000 0.00000 0.01222
14.30000 0.00000 0.01155
14.40000 0.00000 0.01094
14.50000 0.00000 0.01039
14.60000 0.00000 0.00988
14.70000 0.00000 0.00942
14.80000 0.00000 0.00899
14.90000 0.00000 0.00859
15.00000 0.00000 0.00822
15.10000 0.00000 0.00788
15.20000 0.00000 0.00756
15.30000 0.00000 0.00726
15.40000 0.00000 0.00698
15.50000 0.00000 0.00671
15.60000 0.00000 0.00646
15.70000 0.00000 0.00623
15.80000 0.00000 0.00601
15.90000 0.00000 0.00580
16.00000 0.00000 0.00560
16.10000 0.00000 0.00542
16.20000 0.00000 0.00524
16.30000 0.00000 0.00508
16.40000 0.00000 0.00492
16.50000 0.00000 0.00477
16.60000 0.00000 0.00463
16.70000 0.00000 0.00450
16.80000 0.00000 0.00438
16.90000 0.00000 0.00426
17.00000 0.00000 0.00415
17.10000 0.00000 0.00405
17.20000 0.00000 0.00395
17.30000 0.00000 0.00386
17.40000 0.00000 0.00378
17.50000 0.00000 0.00370
17.60000 0.00000 0.00362
17.70000 0.00000 0.00355
17.80000 0.00000 0.00348
17.90000 0.00000 0.00341
18.00000 0.00000 0.00334
18.10000 0.00000 0.00327
18.20000 0.00000 0.00319
18.30000 0.00000 0.00312
18.40000 0.00000 0.00305
18.50000 0.00000 0.00297
18.60000 0.00000 0.00289
18.70000 0.00000 0.00281
18.80000 0.00000 0.00273
18.90000 0.00000 0.00264
19.00000 0.00000 0.00256
19.10000 0.00000 0.00247
19.20000 0.00000 0.00238
19.30000 0.00000 0.00229
19.40000 0.00000 0.00220
19.50000 0.00000 0.00212
19.60000 0.00000 0.00203
19.70000 0.00000 0.00195
19.80000 0.00000 0.00187
19.90000 0.00000 0.00180
20.00000 0.00000 0.00173
20.10000 0.00000 0.00166
20.20000 0.00000 0.00159
20.30000 0.00000 0.00153
20.40000 0.00000 0.00146
20.50000 0.00000 0.00141
20.60000 0.00000 0.00135
20.70000 0.00000 0.00130
20.80000 0.00000 0.00125
20.90000 0.00000 0.00120
21.00000 0.00000 0.00115
21.10000 0.00000 0.00110
21.20000 0.00000 0.00106
21.30000 0.00000 0.00102
21.40000 0.00000 0.00098
21.50000 0.00000 0.00094
21.60000 0.00000 0.00090
21.70000 0.00000 0.00086
21.80000 0.00000 0.00082
21.90000 0.00000 0.00079
22.00000 0.00000 0.00075
22.10000 0.00000 0.00072
22.20000 0.00000 0.00069
22.30000 0.00000 0.00065
22.40000 0.00000 0.00062
22.50000 0.00000 0.00059
22.60000 0.00000 0.00056
22.70000 0.00000 0.00053
22.80000 0.00000 0.00050
22.90000 0.00000 0.00048
23.00000 0.00000 0.00045
23.10000 0.00000 0.00042
23.20000 0.00000 0.00040
23.30000 0.00000 0.00037
23.40000 0.00000 0.00034
23.50000 0.00000 0.00032
23.60000 0.00000 0.00030
23.70000 0.00000 0.00027
23.80000 0.00000 0.00025
23.90000 0.00000 0.00023
24.00000 0.00000 0.00020
24.10000 0.00000 0.00018
24.20000 0.00000 0.00016
24.30000 0.00000 0.00014
24.40000 0.00000 0.00012
24.50000 0.00000 0.00010
24.60000 0.00000 0.00008
24.70000 0.00000 0.00006
24.80000 0.00000 0.00004
24.90000 0.00000 0.00002
25.00000 0.00000 0.00000
