-5.00000 0.00166
-4.90000 0.00171
-4.80000 0.00176
-4.70000 0.00181
-4.60000 0.00186
-4.50000 0.00191
-4.40000 0.00197
-4.30000 0.00203
-4.20000 0.00209
-4.10000 0.00215
-4.00000 0.00221
-3.90000 0.00227
-3.80000 0.00234
-3.70000 0.00241
-3.60000 0.00248
-3.50000 0.00255
-3.40000 0.00263
-3.30000 0.00271
-3.20000 0.00279
-3.10000 0.00287
-3.00000 0.00296
-2.90000 0.00305
-2.80000 0.00314
-2.70000 0.00323
-2.60000 0.00333
-2.50000 0.00343
-2.40000 0.00354
-2.30000 0.00365
-2.20000 0.00376
-2.10000 0.00388
-2.00000 0.00401
-1.90000 0.00413
-1.80000 0.00427
-1.70000 0.00440
-1.60000 0.00455
-1.50000 0.00470
-1.40000 0.00485
-1.30000 0.00502
-1.20000 0.00519
-1.10000 0.00536
-1.00000 0.00555
-0.90000 0.00574
-0.80000 0.00594
-0.70000 0.00616
-0.60000 0.00638
-0.50000 0.00661
-0.40000 0.00686
-0.30000 0.00711
-0.20000 0.00738
-0.10000 0.00767
0.00000 0.00797
0.10000 0.00828
0.20000 0.00862
0.30000 0.00897
0.40000 0.00935
0.50000 0.00974
0.60000 0.01016
0.70000 0.01061
0.80000 0.01109
0.90000 0.01160
1.00000 0.01214
1.10000 0.01272
1.20000 0.01334
1.30000 0.01401
1.40000 0.01473
1.50000 0.01551
1.60000 0.01636
1.70000 0.01728
1.80000 0.01828
1.90000 0.01937
2.00000 0.02058
2.10000 0.02191
2.20000 0.02339
2.30000 0.02504
2.40000 0.02690
2.50000 0.02901
2.60000 0.03141
2.70000 0.03418
2.80000 0.03740
2.90000 0.04117
3.00000 0.04561
3.10000 0.05087
3.20000 0.05716
3.30000 0.06468
3.40000 0.07369
3.50000 0.08449
3.60000 0.09739
3.70000 0.11275
3.80000 0.13092
3.90000 0.15223
4.00000 0.17699
4.10000 0.20545
4.20000 0.23774
4.30000 0.27387
4.40000 0.31369
4.50000 0.35684
4.60000 0.40280
4.70000 0.45079
4.80000 0.49990
4.90000 0.54902
5.00000 0.59696
5.10000 0.64251
5.20000 0.68447
5.30000 0.72178
5.40000 0.75359
5.50000 0.77929
5.60000 0.79860
5.70000 0.81152
5.80000 0.81842
5.90000 0.81990
6.00000 0.81680
6.10000 0.81008
6.20000 0.80075
6.30000 0.78975
6.40000 0.77794
6.50000 0.76594
6.60000 0.75416
6.70000 0.74275
6.80000 0.73162
6.90000 0.72047
7.00000 0.70883
7.10000 0.69615
7.20000 0.68184
7.30000 0.66536
7.40000 0.64626
7.50000 0.62423
7.60000 0.59913
7.70000 0.57104
7.80000 0.54018
7.90000 0.50697
8.00000 0.47193
8.10000 0.43572
8.20000 0.39899
8.30000 0.36244
8.40000 0.32672
8.50000 0.29239
8.60000 0.25994
8.70000 0.22974
8.80000 0.20204
8.90000 0.17697
9.00000 0.15457
9.10000 0.13479
9.20000 0.11750
9.30000 0.10253
9.40000 0.08965
9.50000 0.07865
9.60000 0.06929
9.70000 0.06136
9.80000 0.05463
9.90000 0.04893
10.00000 0.04408
10.10000 0.03995
10.20000 0.03641
10.30000 0.03335
10.40000 0.03070
10.50000 0.02839
10.60000 0.02636
10.70000 0.02455
10.80000 0.02295
10.90000 0.02151
11.00000 0.02021
11.10000 0.01903
11.20000 0.01796
11.30000 0.01698
11.40000 0.01608
11.50000 0.01526
11.60000 0.01449
11.70000 0.01379
11.80000 0.01313
11.90000 0.01252
12.00000 0.01195
12.10000 0.01142
12.20000 0.01092
12.30000 0.01045
12.40000 0.01001
12.50000 0.00960
12.60000 0.00921
12.70000 0.00884
12.80000 0.00850
12.90000 0.00817
13.00000 0.00786
13.10000 0.00756
13.20000 0.00728
13.30000 0.00702
13.40000 0.00677
13.50000 0.00652
13.60000 0.00630
13.70000 0.00608
13.80000 0.00587
13.90000 0.00567
14.00000 0.00548
14.10000 0.00530
14.20000 0.00512
14.30000 0.00495
14.40000 0.00479
14.50000 0.00464
14.60000 0.00449
14.70000 0.00435
14.80000 0.00422
14.90000 0.00408
15.00000 0.00396
15.10000 0.00384
15.20000 0.00372
15.30000 0.00361
15.40000 0.00350
15.50000 0.00339
15.60000 0.00329
15.70000 0.00320
15.80000 0.00310
15.90000 0.00301
16.00000 0.00292
16.10000 0.00284
16.20000 0.00276
16.30000 0.00268
16.40000 0.00260
16.50000 0.00252
16.60000 0.00245
16.70000 0.00238
16.80000 0.00231
16.90000 0.00225
17.00000 0.00218
17.10000 0.00212
17.20000 0.00206
17.30000 0.00200
17.40000 0.00195
17.50000 0.00189
17.60000 0.00184
17.70000 0.00179
17.80000 0.00174
17.90000 0.00169
18.00000 0.00164
18.10000 0.00159
18.20000 0.00155
18.30000 0.00150
18.40000 0.00146
18.50000 0.00142
18.60000 0.00138
18.70000 0.00134
18.80000 0.00130
18.90000 0.00126
19.00000 0.00122
19.10000 0.00119
19.20000 0.00115
19.30000 0.00112
19.40000 0.00108
19.50000 0.00105
19.60000 0.00102
19.70000 0.00099
19.80000 0.00096
19.90000 0.00093
20.00000 0.00090
20.10000 0.00087
20.20000 0.00084
20.30000 0.00082
20.40000 0.00079
20.50000 0.00076
20.60000 0.00074
20.70000 0.00071
20.80000 0.00069
20.90000 0.00066
21.00000 0.00064
21.10000 0.00062
21.20000 0.00060
21.30000 0.00057
21.40000 0.00055
21.50000 0.00053
21.60000 0.00051
21.70000 0.00049
21.80000 0.00047
21.90000 0.00045
22.00000 0.00043
22.10000 0.00041
22.20000 0.00040
22.30000 0.00038
22.40000 0.00036
22.50000 0.00034
22.60000 0.00033
22.70000 0.00031
22.80000 0.00029
22.90000 0.00028
23.00000 0.00026
23.10000 0.00025
23.20000 0.00023
23.30000 0.00022
23.40000 0.00020
23.50000 0.00019
23.60000 0.00017
23.70000 0.00016
23.80000 0.00015
23.90000 0.00013
24.00000 0.00012
24.10000 0.00011
24.20000 0.00009
24.30000 0.00008
24.40000 0.00007
24.50000 0.00006
24.60000 0.00005
24.70000 0.00003
24.80000 0.00002
24.90000 0.00001
25.00000 0.00000
