0.00000
0.00025
0.00050
0.00077
0.00105
0.00135
0.00166
0.00199
0.00233
0.00270
0.00308
0.00349
0.00392
0.00438
0.00487
0.00539
0.00594
0.00654
0.00718
0.00787
0.00862
0.00943
0.01032
0.01129
0.01235
0.01353
0.01483
0.01627
0.01788
0.01969
0.02173
0.02404
0.02666
0.02966
0.03311
0.03712
0.04179
0.04732
0.05391
0.06183
0.07149
0.08336
0.09805
0.11627
0.13887
0.16660
0.20013
0.23991
0.28589
0.33756
0.39381
0.45293
0.51267
0.57032
0.62334
0.66913
0.70593
0.73271
0.74946
0.75726
0.75806
0.75425
0.74817
0.74193
0.73641
0.73196
0.72777
0.72294
0.71606
0.70622
0.69305
0.67698
0.65869
0.63954
0.62115
0.60476
0.59145
0.58196
0.57655
0.57510
0.57714
0.58208
0.58933
0.59811
0.60763
0.61730
0.62656
0.63489
0.64214
0.64827
0.65355
0.65853
0.66405
0.67100
0.68019
0.69230
0.70791
0.72711
0.74975
0.77523
0.80279
0.83164
0.86080
0.88919
0.91575
0.93967
0.96019
0.97679
0.98900
0.99671
1.00000
0.99897
0.99392
0.98531
0.97346
0.95909
0.94236
0.92397
0.90415
0.88345
0.86239
0.84110
0.81999
0.79934
0.77925
0.75984
0.74116
0.72312
0.70564
0.68849
0.67142
0.65417
0.63653
0.61845
0.59971
0.58052
0.56099
0.54128
0.52162
0.50228
0.48343
0.46533
0.44802
0.43179
0.41676
0.40304
0.39060
0.37965
0.37002
0.36167
0.35460
0.34864
0.34378
0.33988
0.33684
0.33462
0.33309
0.33212
0.33158
0.33137
0.33133
0.33130
0.33121
0.33087
0.33026
0.32940
0.32826
0.32685
0.32520
0.32347
0.32170
0.31994
0.31827
0.31672
0.31533
0.31413
0.31313
0.31236
0.31180
0.31145
0.31130
0.31134
0.31155
0.31190
0.31240
0.31300
0.31372
0.31451
0.31539
0.31633
0.31732
0.31836
0.31943
0.32052
0.32162
0.32271
0.32378
0.32483
0.32584
0.32680
0.32771
0.32858
0.32941
0.33021
0.33099
0.33177
0.33255
0.33334
0.33416
0.33500
0.33588
0.33679
0.33773
0.33870
0.33970
0.34073
0.34177
0.34284
0.34392
0.34502
0.34613
0.34725
0.34838
0.34953
0.35068
0.35184
0.35300
0.35417
0.35534
0.35652
0.35770
0.35888
0.36006
0.36123
0.36241
0.36359
0.36477
0.36595
0.36713
0.36830
0.36948
0.37066
0.37185
0.37303
0.37422
0.37541
0.37661
0.37780
0.37900
0.38020
0.38141
0.38262
0.38383
0.38504
0.38625
0.38746
0.38868
0.38990
0.39112
0.39233
0.39356
0.39478
0.39600
0.39722
0.39845
0.39967
0.40090
0.40212
0.40335
0.40458
0.40581
0.40704
0.40827
0.40950
0.41073
0.41196
0.41319
0.41442
0.41566
0.41689
0.41812
0.41936
0.42059
0.42183
0.42307
0.42430
0.42554
0.42678
0.42801
0.42925
0.43049
0.43173
0.43297
0.43421
0.43545
0.43669
0.43793
0.43917
0.44041
0.44165
0.44289
