519.20001 0.00278
519.29999 0.00283
519.40002 0.00287
519.50000 0.00292
519.60004 0.00297
519.70001 0.00302
519.79999 0.00307
519.90002 0.00312
520.00000 0.00318
520.10004 0.00323
520.20001 0.00329
520.29999 0.00334
520.40002 0.00340
520.50000 0.00347
520.60004 0.00353
520.70001 0.00359
520.79999 0.00366
520.90002 0.00373
521.00000 0.00380
521.10004 0.00387
521.20001 0.00394
521.29999 0.00402
521.40002 0.00410
521.50000 0.00418
521.60004 0.00427
521.70001 0.00435
521.79999 0.00444
521.90002 0.00453
522.00000 0.00463
522.10004 0.00473
522.20001 0.00483
522.29999 0.00494
522.40002 0.00504
522.50000 0.00516
522.60004 0.00528
522.70001 0.00540
522.79999 0.00552
522.90002 0.00565
523.00000 0.00579
523.10004 0.00593
523.20001 0.00608
523.29999 0.00623
523.40002 0.00639
523.50000 0.00655
523.60004 0.00672
523.70001 0.00690
523.79999 0.00709
523.90002 0.00729
524.00000 0.00749
524.10004 0.00770
524.20001 0.00793
524.29999 0.00816
524.40002 0.00841
524.50000 0.00867
524.60004 0.00894
524.70001 0.00923
524.79999 0.00953
524.90002 0.00986
525.00000 0.01019
525.10004 0.01055
525.20001 0.01093
525.29999 0.01134
525.40002 0.01177
525.50000 0.01223
525.60004 0.01272
525.70001 0.01325
525.79999 0.01381
525.90002 0.01442
526.00000 0.01508
526.10004 0.01579
526.20001 0.01656
526.29999 0.01740
526.40002 0.01833
526.50000 0.01934
526.60004 0.02046
526.70001 0.02171
526.79999 0.02310
526.90002 0.02467
527.00000 0.02645
527.10004 0.02850
527.20001 0.03088
527.29999 0.03367
527.40002 0.03703
527.50000 0.04116
527.60004 0.04638
527.70001 0.05317
527.79999 0.06233
527.90002 0.07501
528.00000 0.09292
528.10004 0.11839
528.20001 0.15429
528.29999 0.20386
528.40002 0.27011
528.50000 0.35469
528.60004 0.45707
528.70001 0.57310
528.79999 0.69489
528.90002 0.81109
529.00000 0.90837
529.10004 0.97434
529.20001 1.00000
529.29999 0.98226
529.40002 0.92455
529.50000 0.83622
529.60004 0.73011
529.70001 0.62014
529.79999 0.51841
529.90002 0.43384
530.00000 0.37179
530.10004 0.33430
530.20001 0.32120
530.29999 0.33086
530.40002 0.36083
530.50000 0.40787
530.60004 0.46789
530.70001 0.53555
530.79999 0.60448
530.90002 0.66765
531.00000 0.71818
531.10004 0.75070
531.20001 0.76220
531.29999 0.75286
531.40002 0.72588
531.50000 0.68684
531.60004 0.64236
531.70001 0.59884
531.79999 0.56113
531.90002 0.53192
532.00000 0.51171
532.10004 0.49917
532.20001 0.49199
532.29999 0.48780
532.40002 0.48492
532.50000 0.48287
532.60004 0.48246
532.70001 0.48558
532.79999 0.49466
532.90002 0.51206
533.00000 0.53936
533.10004 0.57686
533.20001 0.62311
533.29999 0.67498
533.40002 0.72780
533.50000 0.77582
533.60004 0.81325
533.70001 0.83493
533.79999 0.83736
533.90002 0.81920
534.00000 0.78152
534.10004 0.72745
534.20001 0.66168
534.29999 0.58947
534.40002 0.51584
534.50000 0.44516
534.60004 0.38039
534.70001 0.32339
534.79999 0.27478
534.90002 0.23433
535.00000 0.20136
535.10004 0.17482
535.20001 0.15371
535.29999 0.13701
535.40002 0.12388
535.50000 0.11365
535.60004 0.10577
535.70001 0.09983
535.79999 0.09553
535.90002 0.09264
536.00000 0.09098
536.10004 0.09043
536.20001 0.09089
536.29999 0.09228
536.40002 0.09452
536.50000 0.09753
536.60004 0.10123
536.70001 0.10552
536.79999 0.11024
536.90002 0.11522
537.00000 0.12023
537.10004 0.12497
537.20001 0.12913
537.29999 0.13235
537.40002 0.13432
537.50000 0.13477
537.60004 0.13352
537.70001 0.13055
537.79999 0.12593
537.90002 0.11989
538.00000 0.11275
538.10004 0.10487
538.20001 0.09663
538.29999 0.08838
538.40002 0.08041
538.50000 0.07294
538.60004 0.06610
538.70001 0.05996
538.79999 0.05454
538.90002 0.04981
539.00000 0.04572
539.10004 0.04222
539.20001 0.03923
539.29999 0.03669
539.40002 0.03453
539.50000 0.03272
539.60004 0.03120
539.70001 0.02994
539.79999 0.02892
539.90002 0.02809
540.00000 0.02746
540.10004 0.02700
540.20001 0.02670
540.29999 0.02656
540.40002 0.02656
540.50000 0.02670
540.60004 0.02697
540.70001 0.02734
540.79999 0.02781
540.90002 0.02835
541.00000 0.02893
541.10004 0.02953
541.20001 0.03010
541.29999 0.03062
541.40002 0.03105
541.50000 0.03138
541.60004 0.03159
541.70001 0.03167
541.79999 0.03164
541.90002 0.03149
542.00000 0.03126
542.10004 0.03097
542.20001 0.03064
542.29999 0.03028
542.40002 0.02993
542.50000 0.02958
542.60004 0.02925
542.70001 0.02893
542.79999 0.02863
542.90002 0.02834
543.00000 0.02807
543.10004 0.02782
543.20001 0.02759
543.29999 0.02739
543.40002 0.02722
543.50000 0.02707
543.60004 0.02697
543.70001 0.02691
543.79999 0.02690
543.90002 0.02693
544.00000 0.02702
544.10004 0.02716
544.20001 0.02735
544.29999 0.02761
544.40002 0.02792
544.50000 0.02828
544.60004 0.02869
544.70001 0.02915
544.79999 0.02964
544.90002 0.03015
545.00000 0.03068
545.10004 0.03121
545.20001 0.03174
545.29999 0.03225
545.40002 0.03274
545.50000 0.03322
545.60004 0.03370
545.70001 0.03417
545.79999 0.03465
545.90002 0.03516
546.00000 0.03571
546.10004 0.03633
546.20001 0.03701
546.29999 0.03776
546.40002 0.03859
546.50000 0.03949
546.60004 0.04045
546.70001 0.04144
546.79999 0.04244
546.90002 0.04341
547.00000 0.04431
547.10004 0.04510
547.20001 0.04574
547.29999 0.04620
547.40002 0.04644
547.50000 0.04644
547.60004 0.04618
547.70001 0.04566
547.79999 0.04488
547.90002 0.04387
548.00000 0.04265
548.10004 0.04124
548.20001 0.03969
548.29999 0.03804
548.40002 0.03631
548.50000 0.03455
548.60004 0.03278
548.70001 0.03104
548.79999 0.02934
548.90002 0.02771
549.00000 0.02616
549.10004 0.02469
549.20001 0.02331
549.29999 0.02202
549.40002 0.02082
549.50000 0.01971
549.60004 0.01869
549.70001 0.01774
549.79999 0.01686
549.90002 0.01605
550.00000 0.01530
550.10004 0.01461
550.20001 0.01397
550.29999 0.01337
550.40002 0.01282
550.50000 0.01230
550.60004 0.01182
550.70001 0.01137
550.79999 0.01095
550.90002 0.01056
551.00000 0.01020
551.10004 0.00986
551.20001 0.00954
551.29999 0.00924
551.40002 0.00896
551.50000 0.00870
551.60004 0.00846
551.70001 0.00823
551.79999 0.00801
551.90002 0.00781
552.00000 0.00762
552.10004 0.00744
552.20001 0.00726
552.29999 0.00710
552.40002 0.00694
552.50000 0.00679
552.60004 0.00665
552.70001 0.00651
552.79999 0.00637
552.90002 0.00624
553.00000 0.00612
553.10004 0.00599
553.20001 0.00587
553.29999 0.00576
553.40002 0.00565
553.50000 0.00554
553.60004 0.00543
553.70001 0.00533
553.79999 0.00523
553.90002 0.00513
554.00000 0.00504
554.10004 0.00495
554.20001 0.00486
554.29999 0.00477
554.40002 0.00468
554.50000 0.00460
554.60004 0.00452
554.70001 0.00444
554.79999 0.00436
554.90002 0.00428
555.00000 0.00421
555.10004 0.00413
555.20001 0.00406
555.29999 0.00399
555.40002 0.00392
555.50000 0.00386
555.60004 0.00380
555.70001 0.00373
555.79999 0.00368
555.90002 0.00362
556.00000 0.00357
556.10004 0.00351
556.20001 0.00346
556.29999 0.00342
556.40002 0.00337
556.50000 0.00333
556.60004 0.00328
556.70001 0.00324
556.79999 0.00320
556.90002 0.00317
557.00000 0.00313
557.10004 0.00310
557.20001 0.00306
557.29999 0.00303
557.40002 0.00300
557.50000 0.00297
557.60004 0.00295
557.70001 0.00292
557.79999 0.00289
557.90002 0.00287
558.00000 0.00284
558.10004 0.00282
558.20001 0.00280
558.29999 0.00278
558.40002 0.00276
558.50000 0.00274
558.60004 0.00272
558.70001 0.00270
558.79999 0.00268
558.90002 0.00266
559.00000 0.00265
559.10004 0.00263
559.20001 0.00262
559.29999 0.00260
559.40002 0.00259
559.50000 0.00258
559.60004 0.00256
559.70001 0.00255
559.79999 0.00254
559.90002 0.00253
560.00000 0.00252
560.10004 0.00251
560.20001 0.00251
560.29999 0.00250
560.40002 0.00249
560.50000 0.00248
560.60004 0.00247
560.70001 0.00246
560.79999 0.00245
560.90002 0.00244
561.00000 0.00243
561.10004 0.00242
561.20001 0.00241
561.29999 0.00240
561.40002 0.00239
561.50000 0.00238
561.60004 0.00236
561.70001 0.00235
561.79999 0.00234
561.90002 0.00232
562.00000 0.00231
562.10004 0.00230
562.20001 0.00229
562.29999 0.00228
562.40002 0.00226
562.50000 0.00225
562.60004 0.00224
562.70001 0.00223
562.79999 0.00222
562.90002 0.00221
563.00000 0.00220
563.10004 0.00219
563.20001 0.00218
563.29999 0.00217
563.40002 0.00216
563.50000 0.00215
563.60004 0.00214
563.70001 0.00213
563.79999 0.00212
563.90002 0.00211
564.00000 0.00209
564.10004 0.00208
564.20001 0.00207
564.29999 0.00205
564.40002 0.00204
564.50000 0.00202
564.60004 0.00201
564.70001 0.00199
564.79999 0.00197
564.90002 0.00196
565.00000 0.00194
565.10004 0.00192
565.20001 0.00191
565.29999 0.00189
565.40002 0.00187
565.50000 0.00185
565.60004 0.00184
565.70001 0.00182
565.79999 0.00180
565.90002 0.00178
566.00000 0.00177
566.10004 0.00175
566.20001 0.00174
566.29999 0.00172
566.40002 0.00170
566.50000 0.00169
566.60004 0.00167
566.70001 0.00166
566.79999 0.00165
566.90002 0.00163
567.00000 0.00162
567.10004 0.00161
567.20001 0.00160
567.29999 0.00158
567.40002 0.00157
567.50000 0.00156
567.60004 0.00155
567.70001 0.00154
567.79999 0.00153
567.90002 0.00152
568.00000 0.00151
568.10004 0.00150
568.20001 0.00149
568.29999 0.00149
568.40002 0.00148
568.50000 0.00147
568.60004 0.00146
568.70001 0.00145
568.79999 0.00144
568.90002 0.00143
569.00000 0.00142
569.10004 0.00141
569.20001 0.00140
569.29999 0.00139
569.40002 0.00138
569.50000 0.00137
569.60004 0.00136
569.70001 0.00135
569.79999 0.00134
569.90002 0.00133
570.00000 0.00132
570.10004 0.00131
570.20001 0.00130
570.29999 0.00129
570.40002 0.00128
570.50000 0.00127
570.60004 0.00126
570.70001 0.00125
570.79999 0.00124
570.90002 0.00123
571.00000 0.00122
571.10004 0.00120
571.20001 0.00119
571.29999 0.00118
571.40002 0.00117
571.50000 0.00116
571.60004 0.00115
571.70001 0.00114
571.79999 0.00113
571.90002 0.00112
572.00000 0.00111
572.10004 0.00110
572.20001 0.00109
572.29999 0.00108
572.40002 0.00107
572.50000 0.00106
572.60004 0.00105
572.70001 0.00104
572.79999 0.00104
572.90002 0.00103
573.00000 0.00102
573.10004 0.00101
573.20001 0.00101
573.29999 0.00100
573.40002 0.00099
573.50000 0.00099
573.60004 0.00098
573.70001 0.00097
573.79999 0.00097
573.90002 0.00096
574.00000 0.00096
574.10004 0.00095
574.20001 0.00095
574.29999 0.00094
574.40002 0.00094
574.50000 0.00093
574.60004 0.00093
574.70001 0.00092
574.79999 0.00092
574.90002 0.00091
575.00000 0.00091
575.10004 0.00091
575.20001 0.00090
575.29999 0.00090
575.40002 0.00090
575.50000 0.00090
575.60004 0.00089
575.70001 0.00089
575.79999 0.00089
575.90002 0.00089
576.00000 0.00089
576.10004 0.00088
576.20001 0.00088
576.29999 0.00088
576.40002 0.00088
576.50000 0.00088
576.60004 0.00088
576.70001 0.00088
576.79999 0.00088
576.90002 0.00088
577.00000 0.00088
577.10004 0.00089
577.20001 0.00089
577.29999 0.00089
577.40002 0.00089
577.50000 0.00089
577.60004 0.00089
577.70001 0.00089
577.79999 0.00090
577.90002 0.00090
578.00000 0.00090
578.10004 0.00090
578.20001 0.00090
578.29999 0.00090
578.40002 0.00090
578.50000 0.00091
578.60004 0.00091
578.70001 0.00091
578.79999 0.00091
578.90002 0.00091
579.00000 0.00091
579.10004 0.00091
579.20001 0.00091
579.29999 0.00091
579.40002 0.00091
579.50000 0.00092
579.60004 0.00092
579.70001 0.00092
579.79999 0.00092
579.90002 0.00092
580.00000 0.00092
580.10004 0.00092
580.20001 0.00092
580.29999 0.00092
580.40002 0.00092
580.50000 0.00092
580.60004 0.00092
580.70001 0.00092
580.79999 0.00092
580.90002 0.00091
581.00000 0.00091
581.10004 0.00091
581.20001 0.00091
581.29999 0.00091
581.40002 0.00092
581.50000 0.00092
581.60004 0.00092
581.70001 0.00092
581.79999 0.00092
581.90002 0.00092
582.00000 0.00092
582.10004 0.00092
582.20001 0.00092
582.29999 0.00092
582.40002 0.00092
582.50000 0.00092
582.60004 0.00092
582.70001 0.00092
582.79999 0.00092
582.90002 0.00092
583.00000 0.00092
583.10004 0.00092
583.20001 0.00092
583.29999 0.00092
583.40002 0.00093
583.50000 0.00093
583.60004 0.00093
583.70001 0.00093
583.79999 0.00092
583.90002 0.00092
584.00000 0.00092
584.10004 0.00092
584.20001 0.00092
584.29999 0.00092
584.40002 0.00092
584.50000 0.00092
584.60004 0.00092
584.70001 0.00092
584.79999 0.00091
584.90002 0.00091
585.00000 0.00091
585.10004 0.00091
585.20001 0.00091
585.29999 0.00090
585.40002 0.00090
585.50000 0.00090
585.60004 0.00090
585.70001 0.00089
585.79999 0.00089
585.90002 0.00089
586.00000 0.00088
586.10004 0.00088
586.20001 0.00088
586.29999 0.00087
586.40002 0.00087
586.50000 0.00087
586.60004 0.00086
586.70001 0.00086
586.79999 0.00085
586.90002 0.00085
587.00000 0.00084
587.10004 0.00084
587.20001 0.00083
587.29999 0.00083
587.40002 0.00082
587.50000 0.00082
587.60004 0.00081
587.70001 0.00081
587.79999 0.00080
587.90002 0.00080
588.00000 0.00079
588.10004 0.00078
588.20001 0.00078
588.29999 0.00077
588.40002 0.00077
588.50000 0.00076
588.60004 0.00075
588.70001 0.00075
588.79999 0.00074
588.90002 0.00073
589.00000 0.00073
589.10004 0.00072
589.20001 0.00072
589.29999 0.00071
589.40002 0.00070
589.50000 0.00070
589.60004 0.00069
589.70001 0.00069
589.79999 0.00068
589.90002 0.00067
590.00000 0.00067
590.10004 0.00066
590.20001 0.00066
590.29999 0.00065
590.40002 0.00065
590.50000 0.00064
590.60004 0.00063
590.70001 0.00063
590.79999 0.00062
590.90002 0.00062
591.00000 0.00061
591.10004 0.00061
591.20001 0.00060
591.29999 0.00060
591.40002 0.00059
591.50000 0.00058
591.60004 0.00058
591.70001 0.00057
591.79999 0.00057
591.90002 0.00056
592.00000 0.00055
592.10004 0.00055
592.20001 0.00054
592.29999 0.00054
592.40002 0.00053
592.50000 0.00052
592.60004 0.00052
592.70001 0.00051
592.79999 0.00050
592.90002 0.00050
593.00000 0.00049
593.10004 0.00048
593.20001 0.00048
593.29999 0.00047
593.40002 0.00046
593.50000 0.00046
593.60004 0.00045
593.70001 0.00045
593.79999 0.00044
593.90002 0.00043
594.00000 0.00043
594.10004 0.00042
594.20001 0.00041
594.29999 0.00041
594.40002 0.00040
594.50000 0.00039
594.60004 0.00039
594.70001 0.00038
594.79999 0.00038
594.90002 0.00037
595.00000 0.00036
595.10004 0.00036
595.20001 0.00035
595.29999 0.00035
595.40002 0.00034
595.50000 0.00034
595.60004 0.00033
595.70001 0.00033
595.79999 0.00032
595.90002 0.00031
596.00000 0.00031
596.10004 0.00030
596.20001 0.00030
596.29999 0.00029
596.40002 0.00029
596.50000 0.00029
596.60004 0.00028
596.70001 0.00028
596.79999 0.00027
596.90002 0.00027
597.00000 0.00026
597.10004 0.00026
597.20001 0.00025
597.29999 0.00025
597.40002 0.00025
597.50000 0.00024
597.60004 0.00024
597.70001 0.00023
597.79999 0.00023
597.90002 0.00023
598.00000 0.00022
598.10004 0.00022
598.20001 0.00022
598.29999 0.00021
598.40002 0.00021
598.50000 0.00021
598.60004 0.00020
598.70001 0.00020
598.79999 0.00020
598.90002 0.00019
599.00000 0.00019
599.10004 0.00019
599.20001 0.00018
599.29999 0.00018
599.40002 0.00018
599.50000 0.00018
599.60004 0.00017
599.70001 0.00017
599.79999 0.00017
599.90002 0.00017
600.00000 0.00016
600.10004 0.00016
600.20001 0.00016
600.29999 0.00016
600.40002 0.00015
600.50000 0.00015
600.60004 0.00015
600.70001 0.00015
600.79999 0.00015
600.90002 0.00014
601.00000 0.00014
601.10004 0.00014
601.20001 0.00014
601.29999 0.00014
601.40002 0.00013
601.50000 0.00013
601.60004 0.00013
601.70001 0.00013
601.79999 0.00013
601.90002 0.00013
602.00000 0.00012
602.10004 0.00012
602.20001 0.00012
602.29999 0.00012
602.40002 0.00012
602.50000 0.00012
602.60004 0.00012
602.70001 0.00011
602.79999 0.00011
602.90002 0.00011
603.00000 0.00011
603.10004 0.00011
603.20001 0.00011
603.29999 0.00011
603.40002 0.00011
603.50000 0.00010
603.60004 0.00010
603.70001 0.00010
603.79999 0.00010
603.90002 0.00010
604.00000 0.00010
604.10004 0.00010
604.20001 0.00010
604.29999 0.00010
604.40002 0.00010
604.50000 0.00009
604.60004 0.00009
604.70001 0.00009
604.79999 0.00009
604.90002 0.00009
605.00000 0.00009
605.10004 0.00009
605.20001 0.00009
605.29999 0.00009
605.40002 0.00009
605.50000 0.00009
605.60004 0.00008
605.70001 0.00008
605.79999 0.00008
605.90002 0.00008
606.00000 0.00008
606.10004 0.00008
606.20001 0.00008
606.29999 0.00008
606.40002 0.00008
606.50000 0.00008
606.60004 0.00008
606.70001 0.00008
606.79999 0.00007
606.90002 0.00007
607.00000 0.00007
607.10004 0.00007
607.20001 0.00007
607.29999 0.00007
607.40002 0.00007
607.50000 0.00007
607.60004 0.00007
607.70001 0.00007
607.79999 0.00007
607.90002 0.00006
608.00000 0.00006
608.10004 0.00006
608.20001 0.00006
608.29999 0.00006
608.40002 0.00006
608.50000 0.00006
608.60004 0.00006
608.70001 0.00006
608.79999 0.00006
608.90002 0.00006
609.00000 0.00005
609.10004 0.00005
609.20001 0.00005
609.29999 0.00005
609.40002 0.00005
609.50000 0.00005
609.60004 0.00005
609.70001 0.00005
609.79999 0.00005
609.90002 0.00005
610.00000 0.00005
610.10004 0.00004
610.20001 0.00004
610.29999 0.00004
610.40002 0.00004
610.50000 0.00004
610.60004 0.00004
610.70001 0.00004
610.79999 0.00004
610.90002 0.00004
611.00000 0.00004
611.10004 0.00004
611.20001 0.00004
611.29999 0.00003
611.40002 0.00003
611.50000 0.00003
611.60004 0.00003
611.70001 0.00003
611.79999 0.00003
611.90002 0.00003
612.00000 0.00003
612.10004 0.00003
612.20001 0.00003
612.29999 0.00003
612.40002 0.00003
612.50000 0.00003
612.60004 0.00003
612.70001 0.00002
612.79999 0.00002
612.90002 0.00002
613.00000 0.00002
613.10004 0.00002
613.20001 0.00002
613.29999 0.00002
613.40002 0.00002
613.50000 0.00002
613.60004 0.00002
613.70001 0.00002
613.79999 0.00002
613.90002 0.00002
614.00000 0.00002
614.10004 0.00002
614.20001 0.00002
614.29999 0.00001
614.40002 0.00001
614.50000 0.00001
614.60004 0.00001
614.70001 0.00001
614.79999 0.00001
614.90002 0.00001
615.00000 0.00001
615.10004 0.00001
615.20001 0.00001
615.29999 0.00001
615.40002 0.00001
615.50000 0.00001
615.60004 0.00001
615.70001 0.00001
615.79999 0.00001
615.90002 0.00001
616.00000 0.00001
616.10004 0.00001
616.20001 0.00000
616.29999 0.00000
616.40002 0.00000
616.50000 0.00000
616.60004 0.00000
616.70001 0.00000
616.79999 0.00000
616.90002 0.00000
617.00000 0.00000
617.10004 0.00000
617.20001 0.00000
617.29999 0.00000
