-5.00000 0.00055
-4.90000 0.00057
-4.80000 0.00059
-4.70000 0.00061
-4.60000 0.00064
-4.50000 0.00066
-4.40000 0.00069
-4.30000 0.00072
-4.20000 0.00075
-4.10000 0.00078
-4.00000 0.00081
-3.90000 0.00085
-3.80000 0.00089
-3.70000 0.00093
-3.60000 0.00097
-3.50000 0.00102
-3.40000 0.00107
-3.30000 0.00113
-3.20000 0.00119
-3.10000 0.00126
-3.00000 0.00133
-2.90000 0.00141
-2.80000 0.00150
-2.70000 0.00160
-2.60000 0.00171
-2.50000 0.00184
-2.40000 0.00198
-2.30000 0.00214
-2.20000 0.00233
-2.10000 0.00254
-2.00000 0.00279
-1.90000 0.00308
-1.80000 0.00342
-1.70000 0.00382
-1.60000 0.00428
-1.50000 0.00482
-1.40000 0.00544
-1.30000 0.00618
-1.20000 0.00703
-1.10000 0.00801
-1.00000 0.00914
-0.90000 0.01043
-0.80000 0.01189
-0.70000 0.01354
-0.60000 0.01539
-0.50000 0.01743
-0.40000 0.01968
-0.30000 0.02213
-0.20000 0.02477
-0.10000 0.02758
0.00000 0.03054
0.10000 0.03363
0.20000 0.03681
0.30000 0.04003
0.40000 0.04326
0.50000 0.04644
0.60000 0.04953
0.70000 0.05247
0.80000 0.05522
0.90000 0.05771
1.00000 0.05991
1.10000 0.06179
1.20000 0.06330
1.30000 0.06442
1.40000 0.06515
1.50000 0.06546
1.60000 0.06537
1.70000 0.06488
1.80000 0.06402
1.90000 0.06279
2.00000 0.06125
2.10000 0.05941
2.20000 0.05733
2.30000 0.05503
2.40000 0.05257
2.50000 0.04998
2.60000 0.04731
2.70000 0.04459
2.80000 0.04186
2.90000 0.03915
3.00000 0.03649
3.10000 0.03392
3.20000 0.03144
3.30000 0.02907
3.40000 0.02683
3.50000 0.02472
3.60000 0.02275
3.70000 0.02092
3.80000 0.01923
3.90000 0.01766
4.00000 0.01622
4.10000 0.01490
4.20000 0.01368
4.30000 0.01256
4.40000 0.01154
4.50000 0.01059
4.60000 0.00973
4.70000 0.00892
4.80000 0.00819
4.90000 0.00751
5.00000 0.00688
5.10000 0.00630
5.20000 0.00576
5.30000 0.00527
5.40000 0.00482
5.50000 0.00440
5.60000 0.00403
5.70000 0.00368
5.80000 0.00337
5.90000 0.00309
6.00000 0.00284
6.10000 0.00262
6.20000 0.00241
6.30000 0.00224
6.40000 0.00208
6.50000 0.00194
6.60000 0.00182
6.70000 0.00171
6.80000 0.00162
6.90000 0.00154
7.00000 0.00147
7.10000 0.00141
7.20000 0.00136
7.30000 0.00131
7.40000 0.00127
7.50000 0.00124
7.60000 0.00121
7.70000 0.00118
7.80000 0.00116
7.90000 0.00113
8.00000 0.00111
8.10000 0.00110
8.20000 0.00108
8.30000 0.00106
8.40000 0.00104
8.50000 0.00102
8.60000 0.00101
8.70000 0.00099
8.80000 0.00097
8.90000 0.00095
9.00000 0.00093
9.10000 0.00091
9.20000 0.00088
9.30000 0.00086
9.40000 0.00084
9.50000 0.00081
9.60000 0.00079
9.70000 0.00076
9.80000 0.00074
9.90000 0.00071
10.00000 0.00069
10.10000 0.00066
10.20000 0.00064
10.30000 0.00061
10.40000 0.00059
10.50000 0.00056
10.60000 0.00054
10.70000 0.00052
10.80000 0.00049
10.90000 0.00047
11.00000 0.00045
11.10000 0.00043
11.20000 0.00041
11.30000 0.00039
11.40000 0.00037
11.50000 0.00036
11.60000 0.00034
11.70000 0.00033
11.80000 0.00031
11.90000 0.00030
12.00000 0.00029
12.10000 0.00028
12.20000 0.00027
12.30000 0.00026
12.40000 0.00025
12.50000 0.00024
12.60000 0.00023
12.70000 0.00023
12.80000 0.00022
12.90000 0.00021
13.00000 0.00021
13.10000 0.00021
13.20000 0.00020
13.30000 0.00020
13.40000 0.00020
13.50000 0.00019
13.60000 0.00019
13.70000 0.00019
13.80000 0.00019
13.90000 0.00019
14.00000 0.00019
14.10000 0.00020
14.20000 0.00020
14.30000 0.00020
14.40000 0.00020
14.50000 0.00021
14.60000 0.00021
14.70000 0.00021
14.80000 0.00022
14.90000 0.00022
15.00000 0.00023
15.10000 0.00023
15.20000 0.00023
15.30000 0.00024
15.40000 0.00024
15.50000 0.00024
15.60000 0.00025
15.70000 0.00025
15.80000 0.00025
15.90000 0.00025
16.00000 0.00025
16.10000 0.00024
16.20000 0.00024
16.30000 0.00024
16.40000 0.00023
16.50000 0.00023
16.60000 0.00022
16.70000 0.00021
16.80000 0.00021
16.90000 0.00020
17.00000 0.00019
17.10000 0.00018
17.20000 0.00017
17.30000 0.00017
17.40000 0.00016
17.50000 0.00015
17.60000 0.00014
17.70000 0.00014
17.80000 0.00013
17.90000 0.00012
18.00000 0.00012
18.10000 0.00011
18.20000 0.00011
18.30000 0.00010
18.40000 0.00010
18.50000 0.00009
18.60000 0.00009
18.70000 0.00009
18.80000 0.00009
18.90000 0.00008
19.00000 0.00008
19.10000 0.00008
19.20000 0.00008
19.30000 0.00008
19.40000 0.00008
19.50000 0.00008
19.60000 0.00008
19.70000 0.00008
19.80000 0.00008
19.90000 0.00007
20.00000 0.00007
20.10000 0.00007
20.20000 0.00007
20.30000 0.00007
20.40000 0.00007
20.50000 0.00007
20.60000 0.00007
20.70000 0.00006
20.80000 0.00006
20.90000 0.00006
21.00000 0.00006
21.10000 0.00006
21.20000 0.00005
21.30000 0.00005
21.40000 0.00005
21.50000 0.00005
21.60000 0.00004
21.70000 0.00004
21.80000 0.00004
21.90000 0.00004
22.00000 0.00003
22.10000 0.00003
22.20000 0.00003
22.30000 0.00003
22.40000 0.00003
22.50000 0.00002
22.60000 0.00002
22.70000 0.00002
22.80000 0.00002
22.90000 0.00002
23.00000 0.00002
23.10000 0.00002
23.20000 0.00001
23.30000 0.00001
23.40000 0.00001
23.50000 0.00001
23.60000 0.00001
23.70000 0.00001
23.80000 0.00001
23.90000 0.00001
24.00000 0.00001
24.10000 0.00001
24.20000 0.00001
24.30000 0.00000
24.40000 0.00000
24.50000 0.00000
24.60000 0.00000
24.70000 0.00000
24.80000 0.00000
24.90000 0.00000
25.00000 0.00000
