0.00731
0.00756
0.00782
0.00809
0.00837
0.00866
0.00896
0.00929
0.00962
0.00997
0.01035
0.01074
0.01115
0.01158
0.01204
0.01252
0.01304
0.01358
0.01416
0.01478
0.01544
0.01614
0.01689
0.01771
0.01858
0.01953
0.02055
0.02167
0.02290
0.02424
0.02572
0.02735
0.02918
0.03121
0.03350
0.03609
0.03903
0.04239
0.04626
0.05075
0.05601
0.06221
0.06961
0.07849
0.08927
0.10240
0.11845
0.13804
0.16182
0.19040
0.22424
0.26353
0.30812
0.35732
0.40993
0.46420
0.51794
0.56869
0.61402
0.65177
0.68041
0.69921
0.70837
0.70900
0.70287
0.69217
0.67903
0.66526
0.65199
0.63961
0.62782
0.61584
0.60274
0.58773
0.57045
0.55113
0.53055
0.50999
0.49098
0.47510
0.46375
0.45807
0.45877
0.46613
0.48000
0.49978
0.52450
0.55282
0.58320
0.61400
0.64365
0.67085
0.69475
0.71503
0.73193
0.74619
0.75887
0.77121
0.78436
0.79925
0.81644
0.83606
0.85782
0.88109
0.90494
0.92829
0.94998
0.96889
0.98404
0.99460
1.00000
0.99993
0.99432
0.98336
0.96741
0.94702
0.92282
0.89552
0.86582
0.83440
0.80191
0.76890
0.73589
0.70327
0.67141
0.64056
0.61093
0.58266
0.55583
0.53046
0.50654
0.48398
0.46267
0.44244
0.42312
0.40448
0.38632
0.36843
0.35066
0.33288
0.31501
0.29704
0.27902
0.26103
0.24322
0.22575
0.20881
0.19257
0.17722
0.16290
0.14974
0.13781
0.12716
0.11779
0.10968
0.10276
0.09696
0.09219
0.08835
0.08531
0.08295
0.08116
0.07980
0.07872
0.07778
0.07686
0.07583
0.07458
0.07303
0.07115
0.06891
0.06633
0.06345
0.06034
0.05707
0.05370
0.05031
0.04696
0.04371
0.04060
0.03767
0.03493
0.03241
0.03010
0.02801
0.02613
0.02446
0.02298
0.02167
0.02052
0.01952
0.01865
0.01789
0.01723
0.01666
0.01617
0.01574
0.01536
0.01502
0.01472
0.01444
0.01416
0.01389
0.01361
0.01331
0.01299
0.01264
0.01225
0.01183
0.01138
0.01091
0.01043
0.00993
0.00944
0.00896
0.00849
0.00805
0.00763
0.00724
0.00688
0.00654
0.00623
0.00595
0.00569
0.00545
0.00524
0.00504
0.00485
0.00468
0.00452
0.00437
0.00423
0.00409
0.00397
0.00384
0.00373
0.00361
0.00350
0.00339
0.00328
0.00317
0.00307
0.00296
0.00286
0.00276
0.00266
0.00256
0.00247
0.00237
0.00229
0.00220
0.00212
0.00204
0.00196
0.00189
0.00182
0.00175
0.00169
0.00162
0.00156
0.00150
0.00144
0.00139
0.00133
0.00128
0.00123
0.00118
0.00113
0.00108
0.00103
0.00099
0.00094
0.00090
0.00085
0.00081
0.00077
0.00073
0.00069
0.00066
0.00062
0.00058
0.00055
0.00051
0.00048
0.00045
0.00041
0.00038
0.00035
0.00032
0.00029
0.00026
0.00023
0.00021
0.00018
0.00015
0.00013
0.00010
0.00007
0.00005
0.00002
0.00000
