-20.00000 -0.01404
-19.95000 -0.01413
-19.90000 -0.01423
-19.85000 -0.01432
-19.80000 -0.01442
-19.75000 -0.01452
-19.70000 -0.01462
-19.65000 -0.01472
-19.60000 -0.01482
-19.55000 -0.01492
-19.50000 -0.01503
-19.45000 -0.01513
-19.40000 -0.01524
-19.35000 -0.01534
-19.30000 -0.01545
-19.25000 -0.01556
-19.20000 -0.01567
-19.15000 -0.01578
-19.10000 -0.01589
-19.05000 -0.01600
-19.00000 -0.01612
-18.95000 -0.01623
-18.90000 -0.01635
-18.85000 -0.01647
-18.80000 -0.01658
-18.75000 -0.01670
-18.70000 -0.01682
-18.65000 -0.01694
-18.60000 -0.01706
-18.55000 -0.01719
-18.50000 -0.01731
-18.45000 -0.01744
-18.40000 -0.01756
-18.35000 -0.01769
-18.30000 -0.01782
-18.25000 -0.01795
-18.20000 -0.01808
-18.15000 -0.01821
-18.10000 -0.01835
-18.05000 -0.01848
-18.00000 -0.01862
-17.95000 -0.01875
-17.90000 -0.01889
-17.85000 -0.01903
-17.80000 -0.01917
-17.75000 -0.01931
-17.70000 -0.01946
-17.65000 -0.01960
-17.60000 -0.01975
-17.55000 -0.01990
-17.50000 -0.02005
-17.45000 -0.02020
-17.40000 -0.02035
-17.35000 -0.02051
-17.30000 -0.02066
-17.25000 -0.02082
-17.20000 -0.02098
-17.15000 -0.02114
-17.10000 -0.02131
-17.05000 -0.02147
-17.00000 -0.02164
-16.95000 -0.02181
-16.90000 -0.02198
-16.85000 -0.02216
-16.80000 -0.02233
-16.75000 -0.02251
-16.70000 -0.02269
-16.65000 -0.02287
-16.60000 -0.02306
-16.55000 -0.02325
-16.50000 -0.02344
-16.45000 -0.02363
-16.40000 -0.02383
-16.35000 -0.02402
-16.30000 -0.02422
-16.25000 -0.02443
-16.20000 -0.02463
-16.15000 -0.02484
-16.10000 -0.02506
-16.05000 -0.02527
-16.00000 -0.02549
-15.95000 -0.02571
-15.90000 -0.02593
-15.85000 -0.02616
-15.80000 -0.02639
-15.75000 -0.02662
-15.70000 -0.02686
-15.65000 -0.02710
-15.60000 -0.02735
-15.55000 -0.02759
-15.50000 -0.02784
-15.45000 -0.02810
-15.40000 -0.02836
-15.35000 -0.02862
-15.30000 -0.02888
-15.25000 -0.02915
-15.20000 -0.02943
-15.15000 -0.02970
-15.10000 -0.02999
-15.05000 -0.03027
-15.00000 -0.03056
-14.95000 -0.03086
-14.90000 -0.03116
-14.85000 -0.03146
-14.80000 -0.03177
-14.75000 -0.03208
-14.70000 -0.03240
-14.65000 -0.03272
-14.60000 -0.03305
-14.55000 -0.03338
-14.50000 -0.03371
-14.45000 -0.03406
-14.40000 -0.03440
-14.35000 -0.03476
-14.30000 -0.03512
-14.25000 -0.03548
-14.20000 -0.03585
-14.15000 -0.03622
-14.10000 -0.03661
-14.05000 -0.03699
-14.00000 -0.03739
-13.95000 -0.03779
-13.90000 -0.03819
-13.85000 -0.03861
-13.80000 -0.03903
-13.75000 -0.03945
-13.70000 -0.03989
-13.65000 -0.04033
-13.60000 -0.04078
-13.55000 -0.04123
-13.50000 -0.04169
-13.45000 -0.04216
-13.40000 -0.04264
-13.35000 -0.04313
-13.30000 -0.04363
-13.25000 -0.04413
-13.20000 -0.04464
-13.15000 -0.04516
-13.10000 -0.04569
-13.05000 -0.04623
-13.00000 -0.04678
-12.95000 -0.04734
-12.90000 -0.04791
-12.85000 -0.04849
-12.80000 -0.04908
-12.75000 -0.04967
-12.70000 -0.05028
-12.65000 -0.05091
-12.60000 -0.05154
-12.55000 -0.05218
-12.50000 -0.05284
-12.45000 -0.05351
-12.40000 -0.05419
-12.35000 -0.05488
-12.30000 -0.05559
-12.25000 -0.05631
-12.20000 -0.05704
-12.15000 -0.05779
-12.10000 -0.05855
-12.05000 -0.05932
-12.00000 -0.06012
-11.95000 -0.06092
-11.90000 -0.06175
-11.85000 -0.06258
-11.80000 -0.06344
-11.75000 -0.06431
-11.70000 -0.06520
-11.65000 -0.06611
-11.60000 -0.06703
-11.55000 -0.06798
-11.50000 -0.06894
-11.45000 -0.06993
-11.40000 -0.07093
-11.35000 -0.07196
-11.30000 -0.07300
-11.25000 -0.07407
-11.20000 -0.07517
-11.15000 -0.07628
-11.10000 -0.07742
-11.05000 -0.07858
-11.00000 -0.07977
-10.95000 -0.08099
-10.90000 -0.08223
-10.85000 -0.08350
-10.80000 -0.08479
-10.75000 -0.08612
-10.70000 -0.08747
-10.65000 -0.08886
-10.60000 -0.09028
-10.55000 -0.09173
-10.50000 -0.09321
-10.45000 -0.09473
-10.40000 -0.09629
-10.35000 -0.09788
-10.30000 -0.09951
-10.25000 -0.10117
-10.20000 -0.10288
-10.15000 -0.10463
-10.10000 -0.10642
-10.05000 -0.10825
-10.00000 -0.11013
-9.95000 -0.11205
-9.90000 -0.11402
-9.85000 -0.11604
-9.80000 -0.11811
-9.75000 -0.12023
-9.70000 -0.12241
-9.65000 -0.12464
-9.60000 -0.12693
-9.55000 -0.12927
-9.50000 -0.13168
-9.45000 -0.13414
-9.40000 -0.13667
-9.35000 -0.13927
-9.30000 -0.14193
-9.25000 -0.14466
-9.20000 -0.14746
-9.15000 -0.15034
-9.10000 -0.15329
-9.05000 -0.15632
-9.00000 -0.15943
-8.95000 -0.16262
-8.90000 -0.16589
-8.85000 -0.16925
-8.80000 -0.17270
-8.75000 -0.17624
-8.70000 -0.17987
-8.65000 -0.18360
-8.60000 -0.18743
-8.55000 -0.19135
-8.50000 -0.19538
-8.45000 -0.19952
-8.40000 -0.20376
-8.35000 -0.20811
-8.30000 -0.21257
-8.25000 -0.21715
-8.20000 -0.22184
-8.15000 -0.22665
-8.10000 -0.23158
-8.05000 -0.23663
-8.00000 -0.24180
-7.95000 -0.24710
-7.90000 -0.25252
-7.85000 -0.25807
-7.80000 -0.26375
-7.75000 -0.26955
-7.70000 -0.27548
-7.65000 -0.28154
-7.60000 -0.28773
-7.55000 -0.29404
-7.50000 -0.30048
-7.45000 -0.30704
-7.40000 -0.31372
-7.35000 -0.32052
-7.30000 -0.32744
-7.25000 -0.33446
-7.20000 -0.34159
-7.15000 -0.34882
-7.10000 -0.35615
-7.05000 -0.36356
-7.00000 -0.37106
-6.95000 -0.37863
-6.90000 -0.38626
-6.85000 -0.39395
-6.80000 -0.40168
-6.75000 -0.40944
-6.70000 -0.41723
-6.65000 -0.42502
-6.60000 -0.43281
-6.55000 -0.44058
-6.50000 -0.44831
-6.45000 -0.45599
-6.40000 -0.46361
-6.35000 -0.47114
-6.30000 -0.47858
-6.25000 -0.48589
-6.20000 -0.49307
-6.15000 -0.50009
-6.10000 -0.50694
-6.05000 -0.51359
-6.00000 -0.52004
-5.95000 -0.52625
-5.90000 -0.53222
-5.85000 -0.53792
-5.80000 -0.54333
-5.75000 -0.54845
-5.70000 -0.55324
-5.65000 -0.55771
-5.60000 -0.56182
-5.55000 -0.56557
-5.50000 -0.56894
-5.45000 -0.57193
-5.40000 -0.57452
-5.35000 -0.57671
-5.30000 -0.57848
-5.25000 -0.57983
-5.20000 -0.58075
-5.15000 -0.58125
-5.10000 -0.58132
-5.05000 -0.58095
-5.00000 -0.58016
-4.95000 -0.57895
-4.90000 -0.57731
-4.85000 -0.57526
-4.80000 -0.57280
-4.75000 -0.56995
-4.70000 -0.56670
-4.65000 -0.56309
-4.60000 -0.55911
-4.55000 -0.55478
-4.50000 -0.55011
-4.45000 -0.54513
-4.40000 -0.53985
-4.35000 -0.53428
-4.30000 -0.52844
-4.25000 -0.52236
-4.20000 -0.51604
-4.15000 -0.50951
-4.10000 -0.50279
-4.05000 -0.49589
-4.00000 -0.48883
-3.95000 -0.48164
-3.90000 -0.47432
-3.85000 -0.46691
-3.80000 -0.45940
-3.75000 -0.45183
-3.70000 -0.44421
-3.65000 -0.43655
-3.60000 -0.42886
-3.55000 -0.42117
-3.50000 -0.41349
-3.45000 -0.40582
-3.40000 -0.39819
-3.35000 -0.39059
-3.30000 -0.38305
-3.25000 -0.37557
-3.20000 -0.36816
-3.15000 -0.36084
-3.10000 -0.35359
-3.05000 -0.34644
-3.00000 -0.33939
-2.95000 -0.33245
-2.90000 -0.32561
-2.85000 -0.31889
-2.80000 -0.31229
-2.75000 -0.30580
-2.70000 -0.29944
-2.65000 -0.29320
-2.60000 -0.28709
-2.55000 -0.28110
-2.50000 -0.27525
-2.45000 -0.26952
-2.40000 -0.26392
-2.35000 -0.25845
-2.30000 -0.25310
-2.25000 -0.24789
-2.20000 -0.24279
-2.15000 -0.23782
-2.10000 -0.23298
-2.05000 -0.22825
-2.00000 -0.22365
-1.95000 -0.21916
-1.90000 -0.21479
-1.85000 -0.21053
-1.80000 -0.20639
-1.75000 -0.20235
-1.70000 -0.19842
-1.65000 -0.19460
-1.60000 -0.19088
-1.55000 -0.18726
-1.50000 -0.18373
-1.45000 -0.18031
-1.40000 -0.17698
-1.35000 -0.17374
-1.30000 -0.17058
-1.25000 -0.16752
-1.20000 -0.16454
-1.15000 -0.16165
-1.10000 -0.15883
-1.05000 -0.15610
-1.00000 -0.15344
-0.95000 -0.15086
-0.90000 -0.14835
-0.85000 -0.14591
-0.80000 -0.14354
-0.75000 -0.14124
-0.70000 -0.13900
-0.65000 -0.13683
-0.60000 -0.13472
-0.55000 -0.13267
-0.50000 -0.13069
-0.45000 -0.12876
-0.40000 -0.12688
-0.35000 -0.12507
-0.30000 -0.12330
-0.25000 -0.12159
-0.20000 -0.11993
-0.15000 -0.11832
-0.10000 -0.11676
-0.05000 -0.11525
0.00000 -0.11379
0.05000 -0.11237
0.10000 -0.11099
0.15000 -0.10966
0.20000 -0.10837
0.25000 -0.10712
0.30000 -0.10592
0.35000 -0.10475
0.40000 -0.10363
0.45000 -0.10254
0.50000 -0.10149
0.55000 -0.10047
0.60000 -0.09950
0.65000 -0.09855
0.70000 -0.09765
0.75000 -0.09677
0.80000 -0.09593
0.85000 -0.09512
0.90000 -0.09435
0.95000 -0.09360
1.00000 -0.09289
1.05000 -0.09221
1.10000 -0.09155
1.15000 -0.09093
1.20000 -0.09033
1.25000 -0.08976
1.30000 -0.08922
1.35000 -0.08870
1.40000 -0.08821
1.45000 -0.08774
1.50000 -0.08730
1.55000 -0.08689
1.60000 -0.08649
1.65000 -0.08612
1.70000 -0.08577
1.75000 -0.08544
1.80000 -0.08513
1.85000 -0.08485
1.90000 -0.08458
1.95000 -0.08432
2.00000 -0.08409
2.05000 -0.08387
2.10000 -0.08367
2.15000 -0.08348
2.20000 -0.08331
2.25000 -0.08315
2.30000 -0.08300
2.35000 -0.08286
2.40000 -0.08274
2.45000 -0.08262
2.50000 -0.08251
2.55000 -0.08241
2.60000 -0.08231
2.65000 -0.08222
2.70000 -0.08213
2.75000 -0.08204
2.80000 -0.08196
2.85000 -0.08187
2.90000 -0.08179
2.95000 -0.08170
3.00000 -0.08161
3.05000 -0.08152
3.10000 -0.08142
3.15000 -0.08131
3.20000 -0.08120
3.25000 -0.08108
3.30000 -0.08095
3.35000 -0.08081
3.40000 -0.08066
3.45000 -0.08049
3.50000 -0.08032
3.55000 -0.08013
3.60000 -0.07992
3.65000 -0.07970
3.70000 -0.07947
3.75000 -0.07921
3.80000 -0.07894
3.85000 -0.07866
3.90000 -0.07835
3.95000 -0.07803
4.00000 -0.07769
4.05000 -0.07733
4.10000 -0.07695
4.15000 -0.07655
4.20000 -0.07614
4.25000 -0.07570
4.30000 -0.07525
4.35000 -0.07478
4.40000 -0.07429
4.45000 -0.07379
4.50000 -0.07326
4.55000 -0.07272
4.60000 -0.07217
4.65000 -0.07160
4.70000 -0.07101
4.75000 -0.07041
4.80000 -0.06980
4.85000 -0.06917
4.90000 -0.06853
4.95000 -0.06788
5.00000 -0.06722
5.05000 -0.06656
5.10000 -0.06588
5.15000 -0.06519
5.20000 -0.06450
5.25000 -0.06380
5.30000 -0.06310
5.35000 -0.06239
5.40000 -0.06168
5.45000 -0.06097
5.50000 -0.06025
5.55000 -0.05954
5.60000 -0.05882
5.65000 -0.05810
5.70000 -0.05739
5.75000 -0.05667
5.80000 -0.05596
5.85000 -0.05525
5.90000 -0.05455
5.95000 -0.05385
6.00000 -0.05315
6.05000 -0.05246
6.10000 -0.05178
6.15000 -0.05110
6.20000 -0.05043
6.25000 -0.04977
6.30000 -0.04911
6.35000 -0.04846
6.40000 -0.04782
6.45000 -0.04718
6.50000 -0.04656
6.55000 -0.04594
6.60000 -0.04533
6.65000 -0.04473
6.70000 -0.04414
6.75000 -0.04356
6.80000 -0.04298
6.85000 -0.04242
6.90000 -0.04186
6.95000 -0.04131
7.00000 -0.04078
7.05000 -0.04025
7.10000 -0.03973
7.15000 -0.03922
7.20000 -0.03872
7.25000 -0.03822
7.30000 -0.03774
7.35000 -0.03726
7.40000 -0.03680
7.45000 -0.03634
7.50000 -0.03589
7.55000 -0.03545
7.60000 -0.03501
7.65000 -0.03459
7.70000 -0.03417
7.75000 -0.03376
7.80000 -0.03336
7.85000 -0.03296
7.90000 -0.03257
7.95000 -0.03219
8.00000 -0.03182
8.05000 -0.03145
8.10000 -0.03109
8.15000 -0.03074
8.20000 -0.03040
8.25000 -0.03006
8.30000 -0.02972
8.35000 -0.02940
8.40000 -0.02907
8.45000 -0.02876
8.50000 -0.02845
8.55000 -0.02815
8.60000 -0.02785
8.65000 -0.02756
8.70000 -0.02727
8.75000 -0.02699
8.80000 -0.02671
8.85000 -0.02644
8.90000 -0.02617
8.95000 -0.02591
9.00000 -0.02565
9.05000 -0.02539
9.10000 -0.02514
9.15000 -0.02490
9.20000 -0.02466
9.25000 -0.02442
9.30000 -0.02419
9.35000 -0.02396
9.40000 -0.02373
9.45000 -0.02351
9.50000 -0.02329
9.55000 -0.02308
9.60000 -0.02287
9.65000 -0.02266
9.70000 -0.02246
9.75000 -0.02225
9.80000 -0.02206
9.85000 -0.02186
9.90000 -0.02167
9.95000 -0.02148
10.00000 -0.02129
10.05000 -0.02111
10.10000 -0.02092
10.15000 -0.02075
10.20000 -0.02057
10.25000 -0.02039
10.30000 -0.02022
10.35000 -0.02005
10.40000 -0.01988
10.45000 -0.01972
10.50000 -0.01956
10.55000 -0.01939
10.60000 -0.01923
10.65000 -0.01908
10.70000 -0.01892
10.75000 -0.01877
10.80000 -0.01862
10.85000 -0.01846
10.90000 -0.01832
10.95000 -0.01817
11.00000 -0.01802
11.05000 -0.01788
11.10000 -0.01774
11.15000 -0.01760
11.20000 -0.01746
11.25000 -0.01732
11.30000 -0.01718
11.35000 -0.01705
11.40000 -0.01692
11.45000 -0.01678
11.50000 -0.01665
11.55000 -0.01652
11.60000 -0.01640
11.65000 -0.01627
11.70000 -0.01614
11.75000 -0.01602
11.80000 -0.01590
11.85000 -0.01578
11.90000 -0.01566
11.95000 -0.01554
12.00000 -0.01542
12.05000 -0.01530
12.10000 -0.01519
12.15000 -0.01507
12.20000 -0.01496
12.25000 -0.01485
12.30000 -0.01474
12.35000 -0.01463
12.40000 -0.01452
12.45000 -0.01441
12.50000 -0.01431
12.55000 -0.01420
12.60000 -0.01410
12.65000 -0.01400
12.70000 -0.01389
12.75000 -0.01379
12.80000 -0.01369
12.85000 -0.01360
12.90000 -0.01350
12.95000 -0.01340
13.00000 -0.01331
13.05000 -0.01321
13.10000 -0.01312
13.15000 -0.01303
13.20000 -0.01294
13.25000 -0.01285
13.30000 -0.01276
13.35000 -0.01267
13.40000 -0.01258
13.45000 -0.01250
13.50000 -0.01241
13.55000 -0.01233
13.60000 -0.01225
13.65000 -0.01217
13.70000 -0.01208
13.75000 -0.01200
13.80000 -0.01193
13.85000 -0.01185
13.90000 -0.01177
13.95000 -0.01169
14.00000 -0.01162
14.05000 -0.01154
14.10000 -0.01147
14.15000 -0.01140
14.20000 -0.01132
14.25000 -0.01125
14.30000 -0.01118
14.35000 -0.01111
14.40000 -0.01104
14.45000 -0.01098
14.50000 -0.01091
14.55000 -0.01084
14.60000 -0.01078
14.65000 -0.01071
14.70000 -0.01065
14.75000 -0.01058
14.80000 -0.01052
14.85000 -0.01046
14.90000 -0.01040
14.95000 -0.01033
15.00000 -0.01027
15.05000 -0.01021
15.10000 -0.01016
15.15000 -0.01010
15.20000 -0.01004
15.25000 -0.00998
15.30000 -0.00993
15.35000 -0.00987
15.40000 -0.00982
15.45000 -0.00976
15.50000 -0.00971
15.55000 -0.00965
15.60000 -0.00960
15.65000 -0.00955
15.70000 -0.00950
15.75000 -0.00945
15.80000 -0.00940
15.85000 -0.00935
15.90000 -0.00930
15.95000 -0.00925
16.00000 -0.00920
16.05000 -0.00915
16.10000 -0.00910
16.15000 -0.00906
16.20000 -0.00901
16.25000 -0.00897
16.30000 -0.00892
16.35000 -0.00887
16.40000 -0.00883
16.45000 -0.00879
16.50000 -0.00874
16.55000 -0.00870
16.60000 -0.00866
16.65000 -0.00861
16.70000 -0.00857
16.75000 -0.00853
16.80000 -0.00849
16.85000 -0.00845
16.90000 -0.00841
16.95000 -0.00837
17.00000 -0.00833
17.05000 -0.00829
17.10000 -0.00825
17.15000 -0.00821
17.20000 -0.00818
17.25000 -0.00814
17.30000 -0.00810
17.35000 -0.00806
17.40000 -0.00803
17.45000 -0.00799
17.50000 -0.00796
17.55000 -0.00792
17.60000 -0.00789
17.65000 -0.00785
17.70000 -0.00782
17.75000 -0.00778
17.80000 -0.00775
17.85000 -0.00771
17.90000 -0.00768
17.95000 -0.00765
18.00000 -0.00761
18.05000 -0.00758
18.10000 -0.00755
18.15000 -0.00751
18.20000 -0.00748
18.25000 -0.00745
18.30000 -0.00742
18.35000 -0.00739
18.40000 -0.00736
18.45000 -0.00732
18.50000 -0.00729
18.55000 -0.00726
18.60000 -0.00723
18.65000 -0.00720
18.70000 -0.00717
18.75000 -0.00714
18.80000 -0.00711
18.85000 -0.00708
18.90000 -0.00705
18.95000 -0.00702
19.00000 -0.00699
19.05000 -0.00696
19.10000 -0.00693
19.15000 -0.00691
19.20000 -0.00688
19.25000 -0.00685
19.30000 -0.00682
19.35000 -0.00679
19.40000 -0.00676
19.45000 -0.00673
19.50000 -0.00671
19.55000 -0.00668
19.60000 -0.00665
19.65000 -0.00662
19.70000 -0.00659
19.75000 -0.00657
19.80000 -0.00654
19.85000 -0.00651
19.90000 -0.00648
19.95000 -0.00646
20.00000 -0.00643
