-5.00000 0.00000
-4.90000 0.00000
-4.80000 0.00000
-4.70000 0.00000
-4.60000 0.00000
-4.50000 0.00000
-4.40000 0.00000
-4.30000 0.00000
-4.20000 0.00000
-4.10000 0.00000
-4.00000 0.00000
-3.90000 0.00000
-3.80000 0.00000
-3.70000 0.00000
-3.60000 0.00000
-3.50000 0.00000
-3.40000 0.00000
-3.30000 0.00000
-3.20000 0.00000
-3.10000 0.00000
-3.00000 0.00000
-2.90000 0.00000
-2.80000 0.00000
-2.70000 0.00000
-2.60000 0.00000
-2.50000 0.00000
-2.40000 0.00000
-2.30000 0.00000
-2.20000 0.00000
-2.10000 0.00000
-2.00000 0.00000
-1.90000 0.00000
-1.80000 0.00000
-1.70000 0.00000
-1.60000 0.00000
-1.50000 0.00000
-1.40000 0.00000
-1.30000 0.00000
-1.20000 0.00000
-1.10000 0.00000
-1.00000 0.00000
-0.90000 0.00000
-0.80000 0.00000
-0.70000 0.00001
-0.60000 0.00001
-0.50000 0.00001
-0.40000 0.00001
-0.30000 0.00001
-0.20000 0.00001
-0.10000 0.00001
0.00000 0.00001
0.10000 0.00001
0.20000 0.00001
0.30000 0.00001
0.40000 0.00001
0.50000 0.00001
0.60000 0.00001
0.70000 0.00001
0.80000 0.00001
0.90000 0.00001
1.00000 0.00002
1.10000 0.00002
1.20000 0.00002
1.30000 0.00002
1.40000 0.00002
1.50000 0.00003
1.60000 0.00003
1.70000 0.00003
1.80000 0.00004
1.90000 0.00004
2.00000 0.00005
2.10000 0.00006
2.20000 0.00007
2.30000 0.00008
2.40000 0.00010
2.50000 0.00012
2.60000 0.00015
2.70000 0.00017
2.80000 0.00020
2.90000 0.00024
3.00000 0.00028
3.10000 0.00032
3.20000 0.00036
3.30000 0.00041
3.40000 0.00045
3.50000 0.00049
3.60000 0.00053
3.70000 0.00057
3.80000 0.00060
3.90000 0.00063
4.00000 0.00066
4.10000 0.00068
4.20000 0.00070
4.30000 0.00071
4.40000 0.00073
4.50000 0.00073
4.60000 0.00073
4.70000 0.00073
4.80000 0.00072
4.90000 0.00070
5.00000 0.00067
5.10000 0.00064
5.20000 0.00060
5.30000 0.00055
5.40000 0.00050
5.50000 0.00045
5.60000 0.00040
5.70000 0.00035
5.80000 0.00030
5.90000 0.00026
6.00000 0.00022
6.10000 0.00019
6.20000 0.00016
6.30000 0.00013
6.40000 0.00011
6.50000 0.00009
6.60000 0.00008
6.70000 0.00007
6.80000 0.00006
6.90000 0.00005
7.00000 0.00005
7.10000 0.00004
7.20000 0.00004
7.30000 0.00004
7.40000 0.00003
7.50000 0.00003
7.60000 0.00003
7.70000 0.00003
7.80000 0.00002
7.90000 0.00002
8.00000 0.00002
8.10000 0.00002
8.20000 0.00002
8.30000 0.00002
8.40000 0.00001
8.50000 0.00001
8.60000 0.00001
8.70000 0.00001
8.80000 0.00001
8.90000 0.00001
9.00000 0.00001
9.10000 0.00001
9.20000 0.00001
9.30000 0.00001
9.40000 0.00001
9.50000 0.00001
9.60000 0.00001
9.70000 0.00001
9.80000 0.00001
9.90000 0.00001
10.00000 0.00001
10.10000 0.00001
10.20000 0.00001
10.30000 0.00001
10.40000 0.00001
10.50000 0.00001
10.60000 0.00001
10.70000 0.00001
10.80000 0.00001
10.90000 0.00001
11.00000 0.00001
11.10000 0.00001
11.20000 0.00001
11.30000 0.00001
11.40000 0.00001
11.50000 0.00001
11.60000 0.00001
11.70000 0.00001
11.80000 0.00001
11.90000 0.00001
12.00000 0.00001
12.10000 0.00001
12.20000 0.00001
12.30000 0.00001
12.40000 0.00001
12.50000 0.00001
12.60000 0.00001
12.70000 0.00001
12.80000 0.00001
12.90000 0.00001
13.00000 0.00001
13.10000 0.00001
13.20000 0.00001
13.30000 0.00001
13.40000 0.00001
13.50000 0.00001
13.60000 0.00001
13.70000 0.00001
13.80000 0.00001
13.90000 0.00001
14.00000 0.00001
14.10000 0.00001
14.20000 0.00001
14.30000 0.00001
14.40000 0.00001
14.50000 0.00001
14.60000 0.00001
14.70000 0.00001
14.80000 0.00001
14.90000 0.00001
15.00000 0.00001
15.10000 0.00001
15.20000 0.00000
15.30000 0.00000
15.40000 0.00001
15.50000 0.00001
15.60000 0.00001
15.70000 0.00001
15.80000 0.00001
15.90000 0.00001
16.00000 0.00001
16.10000 0.00001
16.20000 0.00001
16.30000 0.00001
16.40000 0.00001
16.50000 0.00001
16.60000 0.00001
16.70000 0.00001
16.80000 0.00002
16.90000 0.00002
17.00000 0.00002
17.10000 0.00002
17.20000 0.00002
17.30000 0.00003
17.40000 0.00003
17.50000 0.00003
17.60000 0.00003
17.70000 0.00004
17.80000 0.00004
17.90000 0.00004
18.00000 0.00004
18.10000 0.00004
18.20000 0.00004
18.30000 0.00005
18.40000 0.00005
18.50000 0.00005
18.60000 0.00004
18.70000 0.00004
18.80000 0.00004
18.90000 0.00004
19.00000 0.00004
19.10000 0.00004
19.20000 0.00003
19.30000 0.00003
19.40000 0.00003
19.50000 0.00003
19.60000 0.00002
19.70000 0.00002
19.80000 0.00002
19.90000 0.00002
20.00000 0.00002
20.10000 0.00002
20.20000 0.00001
20.30000 0.00001
20.40000 0.00001
20.50000 0.00001
20.60000 0.00001
20.70000 0.00001
20.80000 0.00001
20.90000 0.00001
21.00000 0.00001
21.10000 0.00001
21.20000 0.00001
21.30000 0.00001
21.40000 0.00001
21.50000 0.00001
21.60000 0.00001
21.70000 0.00001
21.80000 0.00001
21.90000 0.00001
22.00000 0.00001
22.10000 0.00001
22.20000 0.00001
22.30000 0.00001
22.40000 0.00000
22.50000 0.00000
22.60000 0.00000
22.70000 0.00000
22.80000 0.00000
22.90000 0.00000
23.00000 0.00000
23.10000 0.00000
23.20000 0.00000
23.30000 0.00000
23.40000 0.00000
23.50000 0.00000
23.60000 0.00000
23.70000 0.00000
23.80000 0.00000
23.90000 0.00000
24.00000 0.00000
24.10000 0.00000
24.20000 0.00000
24.30000 0.00000
24.40000 0.00000
24.50000 0.00000
24.60000 0.00000
24.70000 0.00000
24.80000 0.00000
24.90000 0.00000
25.00000 0.00000
