447.79999 0.00062 0.00006 0.00090 0.00018 0.00590
447.89999 0.00063 0.00006 0.00092 0.00018 0.00602
448.00000 0.00064 0.00006 0.00094 0.00018 0.00614
448.09998 0.00064 0.00006 0.00095 0.00018 0.00627
448.19998 0.00065 0.00006 0.00097 0.00019 0.00640
448.29999 0.00066 0.00006 0.00099 0.00019 0.00653
448.39999 0.00067 0.00006 0.00101 0.00019 0.00666
448.50000 0.00067 0.00006 0.00102 0.00019 0.00680
448.59998 0.00068 0.00006 0.00104 0.00019 0.00694
448.69998 0.00069 0.00006 0.00106 0.00020 0.00709
448.79999 0.00070 0.00006 0.00109 0.00020 0.00724
448.89999 0.00071 0.00007 0.00111 0.00020 0.00739
449.00000 0.00072 0.00007 0.00113 0.00020 0.00755
449.09998 0.00072 0.00007 0.00115 0.00021 0.00772
449.19998 0.00073 0.00007 0.00118 0.00021 0.00788
449.29999 0.00074 0.00007 0.00120 0.00021 0.00805
449.39999 0.00075 0.00007 0.00123 0.00021 0.00823
449.50000 0.00076 0.00007 0.00125 0.00021 0.00841
449.59998 0.00077 0.00007 0.00128 0.00022 0.00860
449.69998 0.00078 0.00007 0.00131 0.00022 0.00879
449.79999 0.00079 0.00007 0.00133 0.00022 0.00899
449.89999 0.00080 0.00007 0.00136 0.00023 0.00920
450.00000 0.00081 0.00007 0.00140 0.00023 0.00941
450.09998 0.00082 0.00007 0.00143 0.00023 0.00963
450.19998 0.00084 0.00007 0.00146 0.00023 0.00985
450.29999 0.00085 0.00007 0.00150 0.00024 0.01009
450.39999 0.00086 0.00007 0.00153 0.00024 0.01033
450.50000 0.00087 0.00007 0.00157 0.00024 0.01058
450.59998 0.00088 0.00007 0.00161 0.00024 0.01083
450.69998 0.00089 0.00007 0.00165 0.00025 0.01110
450.79999 0.00091 0.00007 0.00169 0.00025 0.01137
450.89999 0.00092 0.00007 0.00173 0.00025 0.01166
451.00000 0.00093 0.00007 0.00178 0.00026 0.01196
451.09998 0.00095 0.00007 0.00183 0.00026 0.01226
451.19998 0.00096 0.00007 0.00188 0.00026 0.01258
451.29999 0.00098 0.00007 0.00193 0.00027 0.01291
451.39999 0.00099 0.00007 0.00198 0.00027 0.01326
451.50000 0.00100 0.00007 0.00204 0.00027 0.01362
451.59998 0.00102 0.00007 0.00210 0.00028 0.01399
451.69998 0.00104 0.00008 0.00216 0.00028 0.01438
451.79999 0.00105 0.00008 0.00223 0.00029 0.01479
451.89999 0.00107 0.00008 0.00230 0.00029 0.01521
452.00000 0.00108 0.00008 0.00237 0.00029 0.01565
452.09998 0.00110 0.00008 0.00245 0.00030 0.01611
452.19998 0.00112 0.00008 0.00253 0.00030 0.01660
452.29999 0.00114 0.00008 0.00261 0.00031 0.01711
452.39999 0.00116 0.00008 0.00270 0.00031 0.01764
452.50000 0.00117 0.00008 0.00280 0.00031 0.01820
452.59998 0.00119 0.00008 0.00290 0.00032 0.01879
452.69998 0.00121 0.00008 0.00300 0.00032 0.01941
452.79999 0.00123 0.00008 0.00311 0.00033 0.02006
452.89999 0.00126 0.00008 0.00323 0.00033 0.02075
453.00000 0.00128 0.00008 0.00336 0.00034 0.02148
453.09998 0.00130 0.00008 0.00350 0.00034 0.02225
453.19998 0.00132 0.00008 0.00364 0.00035 0.02307
453.29999 0.00135 0.00008 0.00379 0.00035 0.02394
453.39999 0.00137 0.00008 0.00396 0.00036 0.02486
453.50000 0.00140 0.00008 0.00414 0.00036 0.02585
453.59998 0.00142 0.00008 0.00433 0.00037 0.02691
453.69998 0.00145 0.00008 0.00454 0.00038 0.02804
453.79999 0.00147 0.00008 0.00476 0.00038 0.02925
453.89999 0.00150 0.00009 0.00500 0.00039 0.03056
454.00000 0.00153 0.00009 0.00526 0.00039 0.03197
454.09998 0.00156 0.00009 0.00555 0.00040 0.03350
454.19998 0.00159 0.00009 0.00586 0.00041 0.03516
454.29999 0.00162 0.00009 0.00621 0.00041 0.03698
454.39999 0.00166 0.00009 0.00659 0.00042 0.03896
454.50000 0.00169 0.00009 0.00701 0.00043 0.04114
454.59998 0.00172 0.00009 0.00748 0.00044 0.04355
454.69998 0.00176 0.00009 0.00800 0.00044 0.04623
454.79999 0.00180 0.00009 0.00858 0.00045 0.04921
454.89999 0.00184 0.00009 0.00924 0.00046 0.05256
455.00000 0.00187 0.00009 0.00999 0.00047 0.05633
455.09998 0.00192 0.00009 0.01085 0.00048 0.06061
455.19998 0.00196 0.00009 0.01183 0.00048 0.06550
455.29999 0.00200 0.00009 0.01296 0.00049 0.07111
455.39999 0.00205 0.00009 0.01427 0.00050 0.07758
455.50000 0.00210 0.00009 0.01580 0.00051 0.08507
455.59998 0.00214 0.00009 0.01758 0.00052 0.09376
455.69998 0.00220 0.00009 0.01966 0.00053 0.10389
455.79999 0.00225 0.00010 0.02209 0.00054 0.11569
455.89999 0.00230 0.00010 0.02492 0.00055 0.12941
456.00000 0.00236 0.00010 0.02822 0.00056 0.14533
456.09998 0.00242 0.00010 0.03203 0.00058 0.16369
456.19998 0.00248 0.00010 0.03641 0.00059 0.18476
456.29999 0.00255 0.00010 0.04139 0.00060 0.20873
456.39999 0.00262 0.00010 0.04701 0.00061 0.23570
456.50000 0.00269 0.00010 0.05327 0.00063 0.26569
456.59998 0.00276 0.00010 0.06013 0.00064 0.29856
456.69998 0.00284 0.00010 0.06754 0.00065 0.33406
456.79999 0.00292 0.00010 0.07540 0.00067 0.37169
456.89999 0.00300 0.00010 0.08357 0.00068 0.41078
457.00000 0.00309 0.00010 0.09186 0.00070 0.45048
457.09998 0.00318 0.00010 0.10005 0.00071 0.48975
457.19998 0.00328 0.00010 0.10790 0.00073 0.52745
457.29999 0.00338 0.00010 0.11516 0.00075 0.56235
457.39999 0.00349 0.00011 0.12156 0.00077 0.59321
457.50000 0.00360 0.00011 0.12685 0.00078 0.61888
457.59998 0.00372 0.00011 0.13083 0.00080 0.63835
457.69998 0.00384 0.00011 0.13333 0.00082 0.65085
457.79999 0.00398 0.00011 0.13424 0.00085 0.65590
457.89999 0.00412 0.00011 0.13353 0.00087 0.65333
458.00000 0.00427 0.00011 0.13125 0.00089 0.64332
458.09998 0.00442 0.00011 0.12748 0.00091 0.62638
458.19998 0.00459 0.00011 0.12240 0.00094 0.60327
458.29999 0.00477 0.00011 0.11623 0.00097 0.57503
458.39999 0.00496 0.00011 0.10920 0.00099 0.54282
458.50000 0.00516 0.00011 0.10159 0.00102 0.50789
458.59998 0.00538 0.00011 0.09365 0.00105 0.47150
458.69998 0.00561 0.00011 0.08563 0.00108 0.43481
458.79999 0.00586 0.00012 0.07775 0.00111 0.39888
458.89999 0.00612 0.00012 0.07020 0.00115 0.36458
459.00000 0.00641 0.00012 0.06312 0.00119 0.33262
459.09998 0.00672 0.00012 0.05661 0.00122 0.30351
459.19998 0.00706 0.00012 0.05075 0.00126 0.27756
459.29999 0.00743 0.00012 0.04556 0.00131 0.25495
459.39999 0.00783 0.00012 0.04105 0.00135 0.23571
459.50000 0.00827 0.00012 0.03720 0.00140 0.21979
459.59998 0.00875 0.00012 0.03397 0.00145 0.20706
459.69998 0.00928 0.00012 0.03133 0.00150 0.19734
459.79999 0.00986 0.00012 0.02924 0.00156 0.19047
459.89999 0.01052 0.00012 0.02763 0.00162 0.18627
460.00000 0.01125 0.00012 0.02648 0.00168 0.18460
460.09998 0.01207 0.00013 0.02575 0.00175 0.18532
460.19998 0.01300 0.00013 0.02539 0.00182 0.18837
460.29999 0.01406 0.00013 0.02538 0.00190 0.19369
460.39999 0.01527 0.00013 0.02569 0.00198 0.20128
460.50000 0.01665 0.00013 0.02630 0.00207 0.21115
460.59998 0.01826 0.00013 0.02718 0.00216 0.22336
460.69998 0.02011 0.00013 0.02831 0.00227 0.23799
460.79999 0.02227 0.00013 0.02966 0.00238 0.25512
460.89999 0.02479 0.00013 0.03119 0.00250 0.27484
461.00000 0.02772 0.00013 0.03287 0.00263 0.29727
461.09998 0.03113 0.00014 0.03464 0.00278 0.32248
461.19998 0.03509 0.00014 0.03646 0.00293 0.35058
461.29999 0.03967 0.00014 0.03827 0.00310 0.38158
461.39999 0.04491 0.00014 0.04001 0.00329 0.41552
461.50000 0.05088 0.00014 0.04161 0.00350 0.45232
461.59998 0.05760 0.00014 0.04301 0.00374 0.49186
461.69998 0.06509 0.00014 0.04416 0.00400 0.53393
461.79999 0.07330 0.00014 0.04500 0.00429 0.57817
461.89999 0.08218 0.00014 0.04550 0.00462 0.62412
462.00000 0.09161 0.00014 0.04564 0.00500 0.67115
462.09998 0.10144 0.00015 0.04539 0.00542 0.71848
462.19998 0.11145 0.00015 0.04477 0.00591 0.76525
462.29999 0.12141 0.00015 0.04380 0.00648 0.81042
462.39999 0.13103 0.00015 0.04250 0.00714 0.85291
462.50000 0.14004 0.00015 0.04092 0.00790 0.89163
462.59998 0.14812 0.00015 0.03911 0.00879 0.92554
462.69998 0.15502 0.00015 0.03713 0.00983 0.95375
462.79999 0.16051 0.00015 0.03503 0.01104 0.97555
462.89999 0.16441 0.00015 0.03288 0.01246 0.99054
463.00000 0.16662 0.00016 0.03073 0.01411 0.99860
463.09998 0.16711 0.00016 0.02863 0.01601 1.00000
463.19998 0.16595 0.00016 0.02661 0.01820 0.99533
463.29999 0.16328 0.00016 0.02470 0.02070 0.98549
463.39999 0.15930 0.00016 0.02294 0.02351 0.97162
463.50000 0.15427 0.00016 0.02133 0.02664 0.95500
463.59998 0.14847 0.00016 0.01988 0.03007 0.93698
463.69998 0.14220 0.00017 0.01861 0.03377 0.91880
463.79999 0.13574 0.00017 0.01749 0.03770 0.90156
463.89999 0.12933 0.00017 0.01654 0.04178 0.88607
464.00000 0.12319 0.00017 0.01574 0.04593 0.87284
464.09998 0.11746 0.00017 0.01509 0.05002 0.86204
464.19998 0.11224 0.00017 0.01457 0.05395 0.85345
464.29999 0.10755 0.00017 0.01418 0.05758 0.84658
464.39999 0.10337 0.00017 0.01390 0.06078 0.84069
464.50000 0.09966 0.00018 0.01374 0.06343 0.83487
464.59998 0.09630 0.00018 0.01369 0.06541 0.82818
464.69998 0.09321 0.00018 0.01374 0.06666 0.81971
464.79999 0.09027 0.00018 0.01390 0.06712 0.80867
464.89999 0.08737 0.00018 0.01415 0.06677 0.79450
465.00000 0.08443 0.00018 0.01451 0.06562 0.77688
465.09998 0.08140 0.00019 0.01496 0.06374 0.75579
465.19998 0.07823 0.00019 0.01552 0.06120 0.73146
465.29999 0.07492 0.00019 0.01619 0.05811 0.70435
465.39999 0.07149 0.00019 0.01696 0.05460 0.67516
465.50000 0.06797 0.00019 0.01784 0.05079 0.64467
465.59998 0.06441 0.00019 0.01884 0.04682 0.61377
465.69998 0.06087 0.00020 0.01994 0.04281 0.58330
465.79999 0.05741 0.00020 0.02116 0.03888 0.55407
465.89999 0.05409 0.00020 0.02249 0.03510 0.52676
466.00000 0.05095 0.00020 0.02391 0.03156 0.50194
466.09998 0.04804 0.00020 0.02544 0.02831 0.48000
466.19998 0.04537 0.00020 0.02705 0.02537 0.46114
466.29999 0.04297 0.00021 0.02873 0.02278 0.44545
466.39999 0.04084 0.00021 0.03046 0.02052 0.43288
466.50000 0.03896 0.00021 0.03221 0.01860 0.42324
466.59998 0.03734 0.00021 0.03397 0.01699 0.41628
466.69998 0.03596 0.00021 0.03571 0.01567 0.41170
466.79999 0.03479 0.00022 0.03738 0.01462 0.40914
466.89999 0.03383 0.00022 0.03896 0.01382 0.40827
467.00000 0.03305 0.00022 0.04041 0.01324 0.40876
467.09998 0.03246 0.00022 0.04170 0.01287 0.41032
467.19998 0.03205 0.00022 0.04278 0.01269 0.41268
467.29999 0.03182 0.00023 0.04364 0.01269 0.41564
467.39999 0.03177 0.00023 0.04425 0.01285 0.41904
467.50000 0.03192 0.00023 0.04458 0.01315 0.42278
467.59998 0.03228 0.00023 0.04463 0.01359 0.42680
467.69998 0.03286 0.00024 0.04439 0.01416 0.43107
467.79999 0.03367 0.00024 0.04386 0.01483 0.43561
467.89999 0.03472 0.00024 0.04306 0.01560 0.44044
468.00000 0.03602 0.00024 0.04201 0.01643 0.44559
468.09998 0.03758 0.00025 0.04073 0.01732 0.45107
468.19998 0.03937 0.00025 0.03925 0.01823 0.45688
468.29999 0.04140 0.00025 0.03760 0.01914 0.46299
468.39999 0.04363 0.00025 0.03584 0.02000 0.46932
468.50000 0.04604 0.00026 0.03399 0.02080 0.47573
468.59998 0.04857 0.00026 0.03208 0.02151 0.48207
468.69998 0.05119 0.00026 0.03017 0.02208 0.48810
468.79999 0.05382 0.00026 0.02827 0.02250 0.49357
468.89999 0.05641 0.00027 0.02641 0.02275 0.49821
469.00000 0.05888 0.00027 0.02462 0.02282 0.50174
469.09998 0.06116 0.00027 0.02291 0.02270 0.50387
469.19998 0.06318 0.00027 0.02129 0.02239 0.50437
469.29999 0.06490 0.00028 0.01978 0.02190 0.50303
469.39999 0.06624 0.00028 0.01838 0.02125 0.49973
469.50000 0.06719 0.00028 0.01709 0.02046 0.49438
469.59998 0.06771 0.00029 0.01591 0.01955 0.48701
469.69998 0.06781 0.00029 0.01484 0.01856 0.47772
469.79999 0.06749 0.00029 0.01387 0.01752 0.46666
469.89999 0.06677 0.00030 0.01299 0.01644 0.45408
470.00000 0.06571 0.00030 0.01220 0.01537 0.44025
470.09998 0.06435 0.00030 0.01150 0.01431 0.42551
470.19998 0.06274 0.00031 0.01087 0.01330 0.41019
470.29999 0.06096 0.00031 0.01031 0.01235 0.39461
470.39999 0.05905 0.00031 0.00982 0.01147 0.37909
470.50000 0.05708 0.00032 0.00938 0.01066 0.36390
470.59998 0.05510 0.00032 0.00899 0.00994 0.34929
470.69998 0.05315 0.00032 0.00865 0.00930 0.33542
470.79999 0.05125 0.00033 0.00834 0.00875 0.32242
470.89999 0.04945 0.00033 0.00807 0.00827 0.31035
471.00000 0.04773 0.00034 0.00783 0.00787 0.29923
471.09998 0.04612 0.00034 0.00762 0.00754 0.28903
471.19998 0.04460 0.00034 0.00742 0.00728 0.27971
471.29999 0.04316 0.00035 0.00724 0.00709 0.27116
471.39999 0.04180 0.00035 0.00707 0.00695 0.26331
471.50000 0.04051 0.00036 0.00691 0.00687 0.25606
471.59998 0.03925 0.00036 0.00676 0.00685 0.24930
471.69998 0.03803 0.00037 0.00660 0.00687 0.24296
471.79999 0.03684 0.00037 0.00645 0.00695 0.23697
471.89999 0.03566 0.00038 0.00630 0.00708 0.23127
472.00000 0.03448 0.00038 0.00614 0.00725 0.22583
472.09998 0.03331 0.00039 0.00598 0.00748 0.22063
472.19998 0.03214 0.00039 0.00581 0.00776 0.21566
472.29999 0.03097 0.00040 0.00564 0.00809 0.21093
472.39999 0.02981 0.00040 0.00547 0.00848 0.20646
472.50000 0.02866 0.00041 0.00529 0.00892 0.20227
472.59998 0.02752 0.00041 0.00511 0.00942 0.19840
472.69998 0.02639 0.00042 0.00493 0.00997 0.19486
472.79999 0.02529 0.00042 0.00474 0.01058 0.19169
472.89999 0.02422 0.00043 0.00456 0.01124 0.18891
473.00000 0.02317 0.00044 0.00438 0.01196 0.18654
473.09998 0.02217 0.00044 0.00421 0.01272 0.18460
473.19998 0.02120 0.00045 0.00404 0.01352 0.18308
473.29999 0.02029 0.00045 0.00388 0.01436 0.18198
473.39999 0.01943 0.00046 0.00372 0.01523 0.18129
473.50000 0.01862 0.00047 0.00358 0.01611 0.18097
473.59998 0.01788 0.00047 0.00344 0.01699 0.18099
473.69998 0.01720 0.00048 0.00330 0.01785 0.18128
473.79999 0.01659 0.00049 0.00318 0.01869 0.18178
473.89999 0.01604 0.00049 0.00307 0.01948 0.18242
474.00000 0.01556 0.00050 0.00296 0.02021 0.18312
474.09998 0.01515 0.00051 0.00286 0.02085 0.18380
474.19998 0.01481 0.00052 0.00277 0.02139 0.18436
474.29999 0.01453 0.00053 0.00269 0.02182 0.18473
474.39999 0.01432 0.00053 0.00261 0.02213 0.18483
474.50000 0.01417 0.00054 0.00254 0.02229 0.18460
474.59998 0.01407 0.00055 0.00247 0.02232 0.18398
474.69998 0.01402 0.00056 0.00241 0.02220 0.18295
474.79999 0.01402 0.00057 0.00236 0.02193 0.18149
474.89999 0.01406 0.00058 0.00231 0.02153 0.17959
475.00000 0.01413 0.00059 0.00226 0.02100 0.17727
475.09998 0.01424 0.00060 0.00222 0.02036 0.17456
475.19998 0.01436 0.00061 0.00218 0.01962 0.17151
475.29999 0.01450 0.00062 0.00214 0.01880 0.16817
475.39999 0.01465 0.00063 0.00211 0.01792 0.16459
475.50000 0.01481 0.00064 0.00207 0.01699 0.16083
475.59998 0.01496 0.00065 0.00204 0.01604 0.15695
475.69998 0.01511 0.00066 0.00201 0.01508 0.15302
475.79999 0.01525 0.00067 0.00197 0.01413 0.14907
475.89999 0.01538 0.00069 0.00194 0.01320 0.14516
476.00000 0.01548 0.00070 0.00190 0.01231 0.14132
476.09998 0.01557 0.00071 0.00187 0.01145 0.13757
476.19998 0.01563 0.00072 0.00183 0.01065 0.13395
476.29999 0.01567 0.00074 0.00179 0.00989 0.13045
476.39999 0.01569 0.00075 0.00175 0.00919 0.12709
476.50000 0.01567 0.00077 0.00171 0.00855 0.12386
476.59998 0.01564 0.00078 0.00167 0.00796 0.12076
476.69998 0.01557 0.00080 0.00163 0.00742 0.11779
476.79999 0.01548 0.00081 0.00159 0.00693 0.11493
476.89999 0.01536 0.00083 0.00155 0.00650 0.11216
477.00000 0.01521 0.00084 0.00151 0.00610 0.10948
477.09998 0.01503 0.00086 0.00146 0.00575 0.10686
477.19998 0.01483 0.00088 0.00142 0.00544 0.10430
477.29999 0.01459 0.00090 0.00138 0.00516 0.10178
477.39999 0.01434 0.00092 0.00134 0.00491 0.09929
477.50000 0.01405 0.00094 0.00131 0.00469 0.09682
477.59998 0.01374 0.00096 0.00127 0.00450 0.09436
477.69998 0.01341 0.00098 0.00123 0.00432 0.09191
477.79999 0.01305 0.00100 0.00120 0.00417 0.08945
477.89999 0.01268 0.00102 0.00117 0.00404 0.08700
478.00000 0.01229 0.00105 0.00113 0.00392 0.08454
478.09998 0.01189 0.00107 0.00110 0.00381 0.08209
478.19998 0.01147 0.00110 0.00107 0.00371 0.07965
478.29999 0.01105 0.00112 0.00105 0.00362 0.07722
478.39999 0.01063 0.00115 0.00102 0.00354 0.07481
478.50000 0.01020 0.00118 0.00099 0.00346 0.07243
478.59998 0.00977 0.00121 0.00097 0.00338 0.07008
478.69998 0.00935 0.00124 0.00095 0.00330 0.06777
478.79999 0.00894 0.00127 0.00092 0.00323 0.06550
478.89999 0.00853 0.00131 0.00090 0.00315 0.06328
479.00000 0.00814 0.00134 0.00088 0.00307 0.06112
479.09998 0.00776 0.00138 0.00086 0.00299 0.05902
479.19998 0.00739 0.00142 0.00085 0.00291 0.05699
479.29999 0.00704 0.00146 0.00083 0.00282 0.05502
479.39999 0.00670 0.00150 0.00081 0.00273 0.05313
479.50000 0.00638 0.00154 0.00079 0.00264 0.05131
479.59998 0.00607 0.00159 0.00078 0.00255 0.04957
479.69998 0.00578 0.00164 0.00076 0.00246 0.04791
479.79999 0.00550 0.00169 0.00075 0.00237 0.04634
479.89999 0.00524 0.00174 0.00074 0.00228 0.04486
480.00000 0.00499 0.00180 0.00072 0.00219 0.04346
480.09998 0.00475 0.00186 0.00071 0.00211 0.04216
480.19998 0.00453 0.00192 0.00070 0.00202 0.04095
480.29999 0.00432 0.00199 0.00069 0.00194 0.03983
480.39999 0.00413 0.00206 0.00067 0.00186 0.03880
480.50000 0.00394 0.00213 0.00066 0.00179 0.03787
480.59998 0.00377 0.00221 0.00065 0.00172 0.03704
480.69998 0.00360 0.00230 0.00064 0.00165 0.03630
480.79999 0.00345 0.00238 0.00063 0.00159 0.03566
480.89999 0.00331 0.00248 0.00062 0.00153 0.03511
481.00000 0.00317 0.00258 0.00061 0.00148 0.03465
481.09998 0.00304 0.00269 0.00060 0.00143 0.03428
481.19998 0.00293 0.00280 0.00059 0.00138 0.03401
481.29999 0.00282 0.00293 0.00058 0.00134 0.03383
481.39999 0.00271 0.00306 0.00057 0.00130 0.03375
481.50000 0.00261 0.00321 0.00057 0.00127 0.03376
481.59998 0.00252 0.00336 0.00056 0.00124 0.03387
481.69998 0.00244 0.00353 0.00055 0.00121 0.03408
481.79999 0.00235 0.00371 0.00054 0.00118 0.03440
481.89999 0.00228 0.00391 0.00053 0.00116 0.03483
482.00000 0.00220 0.00413 0.00053 0.00113 0.03538
482.09998 0.00214 0.00437 0.00052 0.00111 0.03606
482.19998 0.00207 0.00464 0.00051 0.00109 0.03689
482.29999 0.00201 0.00493 0.00051 0.00107 0.03787
482.39999 0.00195 0.00526 0.00050 0.00105 0.03902
482.50000 0.00190 0.00562 0.00049 0.00104 0.04038
482.59998 0.00185 0.00604 0.00049 0.00102 0.04197
482.69998 0.00180 0.00650 0.00048 0.00100 0.04382
482.79999 0.00175 0.00703 0.00047 0.00099 0.04599
482.89999 0.00170 0.00763 0.00047 0.00097 0.04852
483.00000 0.00166 0.00833 0.00046 0.00095 0.05149
483.09998 0.00162 0.00913 0.00046 0.00093 0.05498
483.19998 0.00158 0.01006 0.00045 0.00091 0.05907
483.29999 0.00154 0.01114 0.00044 0.00090 0.06389
483.39999 0.00151 0.01240 0.00044 0.00088 0.06955
483.50000 0.00147 0.01386 0.00043 0.00086 0.07620
483.59998 0.00144 0.01557 0.00043 0.00084 0.08400
483.69998 0.00141 0.01755 0.00042 0.00082 0.09309
483.79999 0.00138 0.01983 0.00042 0.00079 0.10364
483.89999 0.00135 0.02246 0.00041 0.00077 0.11579
484.00000 0.00132 0.02544 0.00041 0.00075 0.12965
484.09998 0.00129 0.02880 0.00040 0.00073 0.14530
484.19998 0.00127 0.03254 0.00040 0.00071 0.16276
484.29999 0.00124 0.03665 0.00039 0.00069 0.18195
484.39999 0.00122 0.04109 0.00039 0.00067 0.20273
484.50000 0.00119 0.04581 0.00039 0.00065 0.22482
484.59998 0.00117 0.05072 0.00038 0.00063 0.24783
484.69998 0.00115 0.05573 0.00038 0.00062 0.27131
484.79999 0.00113 0.06070 0.00037 0.00060 0.29466
484.89999 0.00111 0.06552 0.00037 0.00058 0.31723
485.00000 0.00109 0.07002 0.00037 0.00057 0.33834
485.09998 0.00107 0.07406 0.00036 0.00055 0.35728
485.19998 0.00105 0.07751 0.00036 0.00054 0.37343
485.29999 0.00103 0.08026 0.00035 0.00052 0.38624
485.39999 0.00101 0.08220 0.00035 0.00051 0.39529
485.50000 0.00100 0.08331 0.00035 0.00050 0.40035
485.59998 0.00098 0.08356 0.00034 0.00048 0.40137
485.69998 0.00096 0.08298 0.00034 0.00047 0.39849
485.79999 0.00095 0.08164 0.00034 0.00046 0.39203
485.89999 0.00093 0.07965 0.00033 0.00045 0.38248
486.00000 0.00092 0.07714 0.00033 0.00044 0.37044
486.09998 0.00090 0.07424 0.00033 0.00043 0.35660
486.19998 0.00089 0.07110 0.00032 0.00042 0.34164
486.29999 0.00088 0.06787 0.00032 0.00041 0.32623
486.39999 0.00086 0.06467 0.00032 0.00041 0.31096
486.50000 0.00085 0.06160 0.00031 0.00040 0.29632
486.59998 0.00084 0.05873 0.00031 0.00039 0.28266
486.69998 0.00083 0.05612 0.00031 0.00038 0.27019
486.79999 0.00081 0.05377 0.00030 0.00037 0.25899
486.89999 0.00080 0.05169 0.00030 0.00037 0.24902
487.00000 0.00079 0.04983 0.00030 0.00036 0.24013
487.09998 0.00078 0.04815 0.00030 0.00035 0.23210
487.19998 0.00077 0.04661 0.00029 0.00035 0.22469
487.29999 0.00076 0.04513 0.00029 0.00034 0.21763
487.39999 0.00075 0.04368 0.00029 0.00034 0.21068
487.50000 0.00074 0.04222 0.00028 0.00033 0.20365
487.59998 0.00073 0.04070 0.00028 0.00033 0.19639
487.69998 0.00072 0.03912 0.00028 0.00032 0.18882
487.79999 0.00071 0.03746 0.00028 0.00032 0.18091
487.89999 0.00070 0.03574 0.00027 0.00031 0.17271
488.00000 0.00069 0.03398 0.00027 0.00031 0.16430
488.09998 0.00068 0.03220 0.00027 0.00030 0.15581
488.19998 0.00067 0.03043 0.00027 0.00030 0.14737
488.29999 0.00066 0.02871 0.00026 0.00029 0.13911
488.39999 0.00065 0.02704 0.00026 0.00029 0.13118
488.50000 0.00065 0.02547 0.00026 0.00028 0.12369
488.59998 0.00064 0.02402 0.00026 0.00028 0.11673
488.69998 0.00063 0.02269 0.00026 0.00027 0.11036
488.79999 0.00062 0.02148 0.00025 0.00027 0.10461
488.89999 0.00062 0.02042 0.00025 0.00027 0.09950
489.00000 0.00061 0.01948 0.00025 0.00026 0.09501
489.09998 0.00060 0.01867 0.00025 0.00026 0.09112
489.19998 0.00059 0.01798 0.00024 0.00026 0.08778
489.29999 0.00059 0.01740 0.00024 0.00025 0.08496
489.39999 0.00058 0.01691 0.00024 0.00025 0.08262
489.50000 0.00057 0.01653 0.00024 0.00025 0.08074
489.59998 0.00057 0.01623 0.00024 0.00024 0.07928
489.69998 0.00056 0.01603 0.00023 0.00024 0.07826
489.79999 0.00055 0.01591 0.00023 0.00024 0.07765
489.89999 0.00055 0.01589 0.00023 0.00023 0.07749
490.00000 0.00054 0.01596 0.00023 0.00023 0.07780
490.09998 0.00054 0.01614 0.00023 0.00023 0.07859
490.19998 0.00053 0.01643 0.00022 0.00023 0.07991
490.29999 0.00052 0.01683 0.00022 0.00022 0.08178
490.39999 0.00052 0.01736 0.00022 0.00022 0.08422
490.50000 0.00051 0.01801 0.00022 0.00022 0.08725
490.59998 0.00051 0.01879 0.00022 0.00021 0.09087
490.69998 0.00050 0.01969 0.00022 0.00021 0.09508
490.79999 0.00050 0.02070 0.00021 0.00021 0.09982
490.89999 0.00049 0.02182 0.00021 0.00021 0.10506
491.00000 0.00049 0.02302 0.00021 0.00020 0.11071
491.09998 0.00048 0.02429 0.00021 0.00020 0.11666
491.19998 0.00048 0.02559 0.00021 0.00020 0.12281
491.29999 0.00047 0.02691 0.00021 0.00020 0.12900
491.39999 0.00047 0.02820 0.00020 0.00020 0.13507
491.50000 0.00046 0.02944 0.00020 0.00019 0.14087
491.59998 0.00046 0.03058 0.00020 0.00019 0.14622
491.69998 0.00045 0.03159 0.00020 0.00019 0.15098
491.79999 0.00045 0.03245 0.00020 0.00019 0.15499
491.89999 0.00044 0.03312 0.00020 0.00018 0.15814
492.00000 0.00044 0.03360 0.00020 0.00018 0.16034
492.09998 0.00043 0.03386 0.00019 0.00018 0.16154
492.19998 0.00043 0.03390 0.00019 0.00018 0.16173
492.29999 0.00043 0.03374 0.00019 0.00018 0.16094
492.39999 0.00042 0.03339 0.00019 0.00018 0.15922
492.50000 0.00042 0.03286 0.00019 0.00017 0.15667
492.59998 0.00041 0.03217 0.00019 0.00017 0.15341
492.69998 0.00041 0.03137 0.00019 0.00017 0.14958
492.79999 0.00041 0.03048 0.00018 0.00017 0.14532
492.89999 0.00040 0.02953 0.00018 0.00017 0.14078
493.00000 0.00040 0.02854 0.00018 0.00016 0.13609
493.09998 0.00040 0.02755 0.00018 0.00016 0.13137
493.19998 0.00039 0.02657 0.00018 0.00016 0.12672
493.29999 0.00039 0.02563 0.00018 0.00016 0.12222
493.39999 0.00038 0.02472 0.00018 0.00016 0.11791
493.50000 0.00038 0.02387 0.00017 0.00016 0.11382
493.59998 0.00038 0.02306 0.00017 0.00015 0.10997
493.69998 0.00037 0.02230 0.00017 0.00015 0.10635
493.79999 0.00037 0.02158 0.00017 0.00015 0.10293
493.89999 0.00037 0.02090 0.00017 0.00015 0.09969
494.00000 0.00036 0.02025 0.00017 0.00015 0.09659
494.09998 0.00036 0.01963 0.00017 0.00015 0.09360
494.19998 0.00036 0.01902 0.00017 0.00015 0.09069
494.29999 0.00035 0.01842 0.00017 0.00014 0.08784
494.39999 0.00035 0.01783 0.00016 0.00014 0.08501
494.50000 0.00035 0.01724 0.00016 0.00014 0.08221
494.59998 0.00035 0.01666 0.00016 0.00014 0.07941
494.69998 0.00034 0.01607 0.00016 0.00014 0.07662
494.79999 0.00034 0.01549 0.00016 0.00014 0.07384
494.89999 0.00034 0.01491 0.00016 0.00014 0.07107
495.00000 0.00033 0.01433 0.00016 0.00014 0.06831
495.09998 0.00033 0.01376 0.00016 0.00013 0.06559
495.19998 0.00033 0.01320 0.00016 0.00013 0.06291
495.29999 0.00033 0.01265 0.00015 0.00013 0.06028
495.39999 0.00032 0.01211 0.00015 0.00013 0.05771
495.50000 0.00032 0.01159 0.00015 0.00013 0.05522
495.59998 0.00032 0.01108 0.00015 0.00013 0.05282
495.69998 0.00032 0.01060 0.00015 0.00013 0.05052
495.79999 0.00031 0.01015 0.00015 0.00013 0.04833
495.89999 0.00031 0.00971 0.00015 0.00013 0.04627
496.00000 0.00031 0.00931 0.00015 0.00012 0.04435
496.09998 0.00031 0.00894 0.00015 0.00012 0.04257
496.19998 0.00030 0.00860 0.00015 0.00012 0.04094
496.29999 0.00030 0.00829 0.00014 0.00012 0.03946
496.39999 0.00030 0.00802 0.00014 0.00012 0.03815
496.50000 0.00030 0.00778 0.00014 0.00012 0.03700
496.59998 0.00029 0.00758 0.00014 0.00012 0.03601
496.69998 0.00029 0.00740 0.00014 0.00012 0.03519
496.79999 0.00029 0.00727 0.00014 0.00012 0.03451
496.89999 0.00029 0.00716 0.00014 0.00012 0.03399
497.00000 0.00028 0.00708 0.00014 0.00011 0.03361
497.09998 0.00028 0.00703 0.00014 0.00011 0.03336
497.19998 0.00028 0.00701 0.00014 0.00011 0.03323
497.29999 0.00028 0.00701 0.00014 0.00011 0.03321
497.39999 0.00028 0.00703 0.00014 0.00011 0.03328
497.50000 0.00027 0.00707 0.00013 0.00011 0.03344
497.59998 0.00027 0.00712 0.00013 0.00011 0.03366
497.69998 0.00027 0.00718 0.00013 0.00011 0.03394
497.79999 0.00027 0.00725 0.00013 0.00011 0.03426
497.89999 0.00027 0.00733 0.00013 0.00011 0.03460
498.00000 0.00026 0.00740 0.00013 0.00011 0.03495
498.09998 0.00026 0.00748 0.00013 0.00010 0.03530
498.19998 0.00026 0.00756 0.00013 0.00010 0.03564
498.29999 0.00026 0.00763 0.00013 0.00010 0.03595
498.39999 0.00026 0.00769 0.00013 0.00010 0.03622
498.50000 0.00025 0.00774 0.00013 0.00010 0.03646
498.59998 0.00025 0.00778 0.00013 0.00010 0.03665
498.69998 0.00025 0.00782 0.00013 0.00010 0.03678
498.79999 0.00025 0.00784 0.00012 0.00010 0.03686
498.89999 0.00025 0.00784 0.00012 0.00010 0.03688
499.00000 0.00025 0.00784 0.00012 0.00010 0.03684
499.09998 0.00024 0.00782 0.00012 0.00010 0.03673
499.19998 0.00024 0.00778 0.00012 0.00010 0.03656
499.29999 0.00024 0.00774 0.00012 0.00010 0.03632
499.39999 0.00024 0.00768 0.00012 0.00009 0.03602
499.50000 0.00024 0.00760 0.00012 0.00009 0.03566
499.59998 0.00024 0.00751 0.00012 0.00009 0.03522
499.69998 0.00023 0.00741 0.00012 0.00009 0.03473
499.79999 0.00023 0.00730 0.00012 0.00009 0.03416
499.89999 0.00023 0.00717 0.00012 0.00009 0.03354
500.00000 0.00023 0.00703 0.00012 0.00009 0.03285
500.09998 0.00023 0.00687 0.00012 0.00009 0.03211
500.19998 0.00023 0.00670 0.00011 0.00009 0.03131
500.29999 0.00022 0.00653 0.00011 0.00009 0.03046
500.39999 0.00022 0.00634 0.00011 0.00009 0.02956
500.50000 0.00022 0.00615 0.00011 0.00009 0.02862
500.59998 0.00022 0.00594 0.00011 0.00009 0.02766
500.69998 0.00022 0.00574 0.00011 0.00009 0.02666
500.79999 0.00022 0.00553 0.00011 0.00009 0.02565
500.89999 0.00022 0.00531 0.00011 0.00009 0.02463
501.00000 0.00021 0.00510 0.00011 0.00008 0.02361
501.09998 0.00021 0.00489 0.00011 0.00008 0.02259
501.19998 0.00021 0.00468 0.00011 0.00008 0.02159
501.29999 0.00021 0.00447 0.00011 0.00008 0.02060
501.39999 0.00021 0.00427 0.00011 0.00008 0.01963
501.50000 0.00021 0.00407 0.00011 0.00008 0.01869
501.59998 0.00021 0.00388 0.00011 0.00008 0.01777
501.69998 0.00021 0.00370 0.00011 0.00008 0.01689
501.79999 0.00020 0.00352 0.00010 0.00008 0.01605
501.89999 0.00020 0.00335 0.00010 0.00008 0.01524
502.00000 0.00020 0.00319 0.00010 0.00008 0.01446
502.09998 0.00020 0.00304 0.00010 0.00008 0.01372
502.19998 0.00020 0.00289 0.00010 0.00008 0.01302
502.29999 0.00020 0.00275 0.00010 0.00008 0.01235
502.39999 0.00020 0.00262 0.00010 0.00008 0.01172
502.50000 0.00019 0.00249 0.00010 0.00008 0.01112
502.59998 0.00019 0.00238 0.00010 0.00008 0.01055
502.69998 0.00019 0.00227 0.00010 0.00008 0.01001
502.79999 0.00019 0.00216 0.00010 0.00007 0.00951
502.89999 0.00019 0.00206 0.00010 0.00007 0.00903
503.00000 0.00019 0.00197 0.00010 0.00007 0.00858
503.09998 0.00019 0.00188 0.00010 0.00007 0.00816
503.19998 0.00019 0.00180 0.00010 0.00007 0.00777
503.29999 0.00019 0.00172 0.00010 0.00007 0.00739
503.39999 0.00018 0.00165 0.00010 0.00007 0.00704
503.50000 0.00018 0.00159 0.00010 0.00007 0.00672
503.59998 0.00018 0.00152 0.00010 0.00007 0.00641
503.69998 0.00018 0.00146 0.00009 0.00007 0.00612
503.79999 0.00018 0.00141 0.00009 0.00007 0.00585
503.89999 0.00018 0.00136 0.00009 0.00007 0.00559
504.00000 0.00018 0.00131 0.00009 0.00007 0.00535
504.09998 0.00018 0.00126 0.00009 0.00007 0.00512
504.19998 0.00018 0.00122 0.00009 0.00007 0.00491
504.29999 0.00017 0.00118 0.00009 0.00007 0.00471
504.39999 0.00017 0.00114 0.00009 0.00007 0.00452
504.50000 0.00017 0.00110 0.00009 0.00007 0.00434
504.59998 0.00017 0.00107 0.00009 0.00007 0.00417
504.69998 0.00017 0.00104 0.00009 0.00007 0.00401
504.79999 0.00017 0.00101 0.00009 0.00007 0.00385
504.89999 0.00017 0.00098 0.00009 0.00007 0.00371
505.00000 0.00017 0.00095 0.00009 0.00007 0.00357
505.09998 0.00017 0.00092 0.00009 0.00006 0.00344
505.19998 0.00017 0.00090 0.00009 0.00006 0.00331
505.29999 0.00017 0.00087 0.00009 0.00006 0.00319
505.39999 0.00016 0.00085 0.00009 0.00006 0.00308
505.50000 0.00016 0.00083 0.00009 0.00006 0.00297
505.59998 0.00016 0.00081 0.00009 0.00006 0.00286
505.69998 0.00016 0.00079 0.00009 0.00006 0.00276
505.79999 0.00016 0.00077 0.00009 0.00006 0.00267
505.89999 0.00016 0.00075 0.00009 0.00006 0.00257
506.00000 0.00016 0.00074 0.00008 0.00006 0.00248
506.09998 0.00016 0.00072 0.00008 0.00006 0.00240
506.19998 0.00016 0.00070 0.00008 0.00006 0.00232
506.29999 0.00016 0.00069 0.00008 0.00006 0.00224
506.39999 0.00016 0.00067 0.00008 0.00006 0.00216
506.50000 0.00015 0.00066 0.00008 0.00006 0.00208
506.59998 0.00015 0.00065 0.00008 0.00006 0.00201
506.69998 0.00015 0.00063 0.00008 0.00006 0.00194
506.79999 0.00015 0.00062 0.00008 0.00006 0.00188
506.89999 0.00015 0.00061 0.00008 0.00006 0.00181
507.00000 0.00015 0.00060 0.00008 0.00006 0.00175
507.09998 0.00015 0.00059 0.00008 0.00006 0.00169
507.19998 0.00015 0.00057 0.00008 0.00006 0.00163
507.29999 0.00015 0.00056 0.00008 0.00006 0.00157
507.39999 0.00015 0.00055 0.00008 0.00006 0.00152
507.50000 0.00015 0.00054 0.00008 0.00006 0.00146
507.59998 0.00015 0.00053 0.00008 0.00006 0.00141
507.69998 0.00014 0.00053 0.00008 0.00006 0.00136
507.79999 0.00014 0.00052 0.00008 0.00006 0.00131
507.89999 0.00014 0.00051 0.00008 0.00006 0.00126
508.00000 0.00014 0.00050 0.00008 0.00005 0.00121
508.09998 0.00014 0.00049 0.00008 0.00005 0.00117
508.19998 0.00014 0.00048 0.00008 0.00005 0.00112
508.29999 0.00014 0.00047 0.00008 0.00005 0.00108
508.39999 0.00014 0.00047 0.00008 0.00005 0.00104
508.50000 0.00014 0.00046 0.00008 0.00005 0.00099
508.59998 0.00014 0.00045 0.00008 0.00005 0.00095
508.69998 0.00014 0.00045 0.00007 0.00005 0.00091
508.79999 0.00014 0.00044 0.00007 0.00005 0.00088
508.89999 0.00014 0.00043 0.00007 0.00005 0.00084
509.00000 0.00014 0.00043 0.00007 0.00005 0.00080
509.09998 0.00013 0.00042 0.00007 0.00005 0.00076
509.19998 0.00013 0.00041 0.00007 0.00005 0.00073
509.29999 0.00013 0.00041 0.00007 0.00005 0.00069
509.39999 0.00013 0.00040 0.00007 0.00005 0.00066
509.50000 0.00013 0.00039 0.00007 0.00005 0.00063
509.59998 0.00013 0.00039 0.00007 0.00005 0.00060
509.69998 0.00013 0.00038 0.00007 0.00005 0.00056
509.79999 0.00013 0.00038 0.00007 0.00005 0.00053
509.89999 0.00013 0.00037 0.00007 0.00005 0.00050
510.00000 0.00013 0.00037 0.00007 0.00005 0.00047
510.09998 0.00013 0.00036 0.00007 0.00005 0.00044
510.19998 0.00013 0.00036 0.00007 0.00005 0.00041
510.29999 0.00013 0.00035 0.00007 0.00005 0.00039
510.39999 0.00013 0.00035 0.00007 0.00005 0.00036
510.50000 0.00013 0.00034 0.00007 0.00005 0.00033
510.59998 0.00012 0.00034 0.00007 0.00005 0.00031
510.69998 0.00012 0.00034 0.00007 0.00005 0.00028
510.79999 0.00012 0.00033 0.00007 0.00005 0.00025
510.89999 0.00012 0.00033 0.00007 0.00005 0.00023
511.00000 0.00012 0.00032 0.00007 0.00005 0.00020
511.09998 0.00012 0.00032 0.00007 0.00005 0.00018
511.19998 0.00012 0.00032 0.00007 0.00005 0.00016
511.29999 0.00012 0.00031 0.00007 0.00005 0.00013
511.39999 0.00012 0.00031 0.00007 0.00005 0.00011
511.50000 0.00012 0.00030 0.00007 0.00005 0.00009
511.59998 0.00012 0.00030 0.00007 0.00005 0.00006
511.69998 0.00012 0.00030 0.00007 0.00005 0.00004
511.79999 0.00012 0.00029 0.00007 0.00004 0.00002
511.89999 0.00012 0.00029 0.00006 0.00004 0.00000
