-5.00000 0.00001
-4.90000 0.00001
-4.80000 0.00001
-4.70000 0.00001
-4.60000 0.00001
-4.50000 0.00001
-4.40000 0.00001
-4.30000 0.00001
-4.20000 0.00001
-4.10000 0.00001
-4.00000 0.00001
-3.90000 0.00001
-3.80000 0.00001
-3.70000 0.00001
-3.60000 0.00001
-3.50000 0.00001
-3.40000 0.00001
-3.30000 0.00001
-3.20000 0.00001
-3.10000 0.00001
-3.00000 0.00001
-2.90000 0.00001
-2.80000 0.00001
-2.70000 0.00001
-2.60000 0.00001
-2.50000 0.00001
-2.40000 0.00001
-2.30000 0.00001
-2.20000 0.00001
-2.10000 0.00001
-2.00000 0.00001
-1.90000 0.00001
-1.80000 0.00002
-1.70000 0.00002
-1.60000 0.00002
-1.50000 0.00002
-1.40000 0.00002
-1.30000 0.00002
-1.20000 0.00002
-1.10000 0.00002
-1.00000 0.00002
-0.90000 0.00002
-0.80000 0.00002
-0.70000 0.00002
-0.60000 0.00002
-0.50000 0.00002
-0.40000 0.00002
-0.30000 0.00003
-0.20000 0.00003
-0.10000 0.00003
0.00000 0.00003
0.10000 0.00003
0.20000 0.00003
0.30000 0.00003
0.40000 0.00003
0.50000 0.00004
0.60000 0.00004
0.70000 0.00004
0.80000 0.00004
0.90000 0.00004
1.00000 0.00005
1.10000 0.00005
1.20000 0.00005
1.30000 0.00005
1.40000 0.00006
1.50000 0.00006
1.60000 0.00006
1.70000 0.00007
1.80000 0.00007
1.90000 0.00008
2.00000 0.00008
2.10000 0.00009
2.20000 0.00010
2.30000 0.00010
2.40000 0.00011
2.50000 0.00012
2.60000 0.00014
2.70000 0.00015
2.80000 0.00017
2.90000 0.00019
3.00000 0.00022
3.10000 0.00025
3.20000 0.00029
3.30000 0.00035
3.40000 0.00041
3.50000 0.00049
3.60000 0.00060
3.70000 0.00072
3.80000 0.00087
3.90000 0.00106
4.00000 0.00127
4.10000 0.00153
4.20000 0.00182
4.30000 0.00215
4.40000 0.00252
4.50000 0.00291
4.60000 0.00333
4.70000 0.00376
4.80000 0.00419
4.90000 0.00462
5.00000 0.00501
5.10000 0.00537
5.20000 0.00567
5.30000 0.00590
5.40000 0.00606
5.50000 0.00614
5.60000 0.00613
5.70000 0.00604
5.80000 0.00586
5.90000 0.00561
6.00000 0.00530
6.10000 0.00494
6.20000 0.00454
6.30000 0.00412
6.40000 0.00369
6.50000 0.00327
6.60000 0.00286
6.70000 0.00247
6.80000 0.00211
6.90000 0.00179
7.00000 0.00151
7.10000 0.00126
7.20000 0.00105
7.30000 0.00087
7.40000 0.00072
7.50000 0.00059
7.60000 0.00049
7.70000 0.00041
7.80000 0.00035
7.90000 0.00030
8.00000 0.00026
8.10000 0.00022
8.20000 0.00020
8.30000 0.00017
8.40000 0.00016
8.50000 0.00014
8.60000 0.00013
8.70000 0.00012
8.80000 0.00011
8.90000 0.00011
9.00000 0.00010
9.10000 0.00010
9.20000 0.00009
9.30000 0.00009
9.40000 0.00009
9.50000 0.00009
9.60000 0.00009
9.70000 0.00010
9.80000 0.00010
9.90000 0.00010
10.00000 0.00011
10.10000 0.00011
10.20000 0.00012
10.30000 0.00012
10.40000 0.00013
10.50000 0.00013
10.60000 0.00013
10.70000 0.00013
10.80000 0.00014
10.90000 0.00014
11.00000 0.00013
11.10000 0.00013
11.20000 0.00013
11.30000 0.00012
11.40000 0.00012
11.50000 0.00011
11.60000 0.00011
11.70000 0.00010
11.80000 0.00009
11.90000 0.00008
12.00000 0.00008
12.10000 0.00007
12.20000 0.00006
12.30000 0.00006
12.40000 0.00005
12.50000 0.00005
12.60000 0.00004
12.70000 0.00004
12.80000 0.00003
12.90000 0.00003
13.00000 0.00003
13.10000 0.00003
13.20000 0.00003
13.30000 0.00003
13.40000 0.00003
13.50000 0.00003
13.60000 0.00003
13.70000 0.00003
13.80000 0.00003
13.90000 0.00003
14.00000 0.00003
14.10000 0.00004
14.20000 0.00004
14.30000 0.00004
14.40000 0.00005
14.50000 0.00005
14.60000 0.00005
14.70000 0.00006
14.80000 0.00006
14.90000 0.00007
15.00000 0.00007
15.10000 0.00007
15.20000 0.00007
15.30000 0.00007
15.40000 0.00007
15.50000 0.00007
15.60000 0.00007
15.70000 0.00007
15.80000 0.00006
15.90000 0.00006
16.00000 0.00006
16.10000 0.00005
16.20000 0.00005
16.30000 0.00004
16.40000 0.00004
16.50000 0.00003
16.60000 0.00003
16.70000 0.00003
16.80000 0.00002
16.90000 0.00002
17.00000 0.00002
17.10000 0.00002
17.20000 0.00001
17.30000 0.00001
17.40000 0.00001
17.50000 0.00001
17.60000 0.00001
17.70000 0.00001
17.80000 0.00001
17.90000 0.00001
18.00000 0.00001
18.10000 0.00001
18.20000 0.00001
18.30000 0.00001
18.40000 0.00001
18.50000 0.00001
18.60000 0.00000
18.70000 0.00000
18.80000 0.00000
18.90000 0.00000
19.00000 0.00000
19.10000 0.00000
19.20000 0.00000
19.30000 0.00000
19.40000 0.00000
19.50000 0.00000
19.60000 0.00000
19.70000 0.00000
19.80000 0.00000
19.90000 0.00000
20.00000 0.00000
20.10000 0.00000
20.20000 0.00000
20.30000 0.00000
20.40000 0.00000
20.50000 0.00000
20.60000 0.00000
20.70000 0.00000
20.80000 0.00000
20.90000 0.00000
21.00000 0.00000
21.10000 0.00000
21.20000 0.00000
21.30000 0.00000
21.40000 0.00000
21.50000 0.00000
21.60000 0.00000
21.70000 0.00000
21.80000 0.00000
21.90000 0.00000
22.00000 0.00000
22.10000 0.00000
22.20000 0.00000
22.30000 0.00000
22.40000 0.00000
22.50000 0.00000
22.60000 0.00000
22.70000 0.00000
22.80000 0.00000
22.90000 0.00000
23.00000 0.00000
23.10000 0.00000
23.20000 0.00000
23.30000 0.00000
23.40000 0.00000
23.50000 0.00000
23.60000 0.00000
23.70000 0.00000
23.80000 0.00000
23.90000 0.00000
24.00000 0.00000
24.10000 0.00000
24.20000 0.00000
24.30000 0.00000
24.40000 0.00000
24.50000 0.00000
24.60000 0.00000
24.70000 0.00000
24.80000 0.00000
24.90000 0.00000
25.00000 0.00000
