-5.00000 0.00213
-4.90000 0.00220
-4.80000 0.00227
-4.70000 0.00234
-4.60000 0.00242
-4.50000 0.00250
-4.40000 0.00258
-4.30000 0.00267
-4.20000 0.00276
-4.10000 0.00286
-4.00000 0.00295
-3.90000 0.00306
-3.80000 0.00317
-3.70000 0.00328
-3.60000 0.00340
-3.50000 0.00353
-3.40000 0.00366
-3.30000 0.00380
-3.20000 0.00395
-3.10000 0.00410
-3.00000 0.00426
-2.90000 0.00444
-2.80000 0.00462
-2.70000 0.00482
-2.60000 0.00502
-2.50000 0.00524
-2.40000 0.00548
-2.30000 0.00573
-2.20000 0.00600
-2.10000 0.00628
-2.00000 0.00659
-1.90000 0.00693
-1.80000 0.00729
-1.70000 0.00768
-1.60000 0.00810
-1.50000 0.00856
-1.40000 0.00907
-1.30000 0.00963
-1.20000 0.01025
-1.10000 0.01094
-1.00000 0.01172
-0.90000 0.01260
-0.80000 0.01361
-0.70000 0.01479
-0.60000 0.01617
-0.50000 0.01781
-0.40000 0.01979
-0.30000 0.02220
-0.20000 0.02516
-0.10000 0.02884
0.00000 0.03343
0.10000 0.03914
0.20000 0.04626
0.30000 0.05507
0.40000 0.06589
0.50000 0.07904
0.60000 0.09482
0.70000 0.11348
0.80000 0.13517
0.90000 0.15993
1.00000 0.18766
1.10000 0.21806
1.20000 0.25066
1.30000 0.28482
1.40000 0.31975
1.50000 0.35456
1.60000 0.38834
1.70000 0.42022
1.80000 0.44944
1.90000 0.47543
2.00000 0.49782
2.10000 0.51649
2.20000 0.53151
2.30000 0.54314
2.40000 0.55174
2.50000 0.55770
2.60000 0.56138
2.70000 0.56305
2.80000 0.56288
2.90000 0.56094
3.00000 0.55720
3.10000 0.55165
3.20000 0.54427
3.30000 0.53516
3.40000 0.52453
3.50000 0.51272
3.60000 0.50019
3.70000 0.48746
3.80000 0.47505
3.90000 0.46341
4.00000 0.45286
4.10000 0.44351
4.20000 0.43527
4.30000 0.42784
4.40000 0.42075
4.50000 0.41345
4.60000 0.40532
4.70000 0.39580
4.80000 0.38445
4.90000 0.37097
5.00000 0.35529
5.10000 0.33748
5.20000 0.31784
5.30000 0.29678
5.40000 0.27480
5.50000 0.25244
5.60000 0.23024
5.70000 0.20869
5.80000 0.18820
5.90000 0.16910
6.00000 0.15161
6.10000 0.13586
6.20000 0.12190
6.30000 0.10970
6.40000 0.09921
6.50000 0.09031
6.60000 0.08289
6.70000 0.07683
6.80000 0.07202
6.90000 0.06836
7.00000 0.06578
7.10000 0.06424
7.20000 0.06371
7.30000 0.06419
7.40000 0.06567
7.50000 0.06816
7.60000 0.07165
7.70000 0.07614
7.80000 0.08154
7.90000 0.08779
8.00000 0.09472
8.10000 0.10217
8.20000 0.10991
8.30000 0.11768
8.40000 0.12521
8.50000 0.13220
8.60000 0.13840
8.70000 0.14355
8.80000 0.14746
8.90000 0.14999
9.00000 0.15105
9.10000 0.15063
9.20000 0.14876
9.30000 0.14554
9.40000 0.14113
9.50000 0.13570
9.60000 0.12946
9.70000 0.12263
9.80000 0.11545
9.90000 0.10813
10.00000 0.10088
10.10000 0.09390
10.20000 0.08734
10.30000 0.08133
10.40000 0.07594
10.50000 0.07123
10.60000 0.06720
10.70000 0.06382
10.80000 0.06100
10.90000 0.05865
11.00000 0.05666
11.10000 0.05489
11.20000 0.05323
11.30000 0.05156
11.40000 0.04979
11.50000 0.04785
11.60000 0.04569
11.70000 0.04330
11.80000 0.04070
11.90000 0.03792
12.00000 0.03502
12.10000 0.03206
12.20000 0.02910
12.30000 0.02621
12.40000 0.02345
12.50000 0.02087
12.60000 0.01851
12.70000 0.01639
12.80000 0.01451
12.90000 0.01289
13.00000 0.01152
13.10000 0.01037
13.20000 0.00943
13.30000 0.00868
13.40000 0.00810
13.50000 0.00766
13.60000 0.00734
13.70000 0.00712
13.80000 0.00697
13.90000 0.00689
14.00000 0.00684
14.10000 0.00682
14.20000 0.00680
14.30000 0.00677
14.40000 0.00671
14.50000 0.00663
14.60000 0.00651
14.70000 0.00635
14.80000 0.00614
14.90000 0.00590
15.00000 0.00562
15.10000 0.00532
15.20000 0.00499
15.30000 0.00466
15.40000 0.00433
15.50000 0.00400
15.60000 0.00368
15.70000 0.00338
15.80000 0.00310
15.90000 0.00285
16.00000 0.00262
16.10000 0.00242
16.20000 0.00224
16.30000 0.00208
16.40000 0.00194
16.50000 0.00182
16.60000 0.00171
16.70000 0.00162
16.80000 0.00154
16.90000 0.00146
17.00000 0.00139
17.10000 0.00133
17.20000 0.00128
17.30000 0.00123
17.40000 0.00118
17.50000 0.00114
17.60000 0.00109
17.70000 0.00105
17.80000 0.00102
17.90000 0.00098
18.00000 0.00095
18.10000 0.00092
18.20000 0.00089
18.30000 0.00086
18.40000 0.00083
18.50000 0.00080
18.60000 0.00078
18.70000 0.00075
18.80000 0.00073
18.90000 0.00070
19.00000 0.00068
19.10000 0.00066
19.20000 0.00064
19.30000 0.00062
19.40000 0.00060
19.50000 0.00058
19.60000 0.00056
19.70000 0.00054
19.80000 0.00052
19.90000 0.00051
20.00000 0.00049
20.10000 0.00047
20.20000 0.00046
20.30000 0.00044
20.40000 0.00043
20.50000 0.00041
20.60000 0.00040
20.70000 0.00038
20.80000 0.00037
20.90000 0.00036
21.00000 0.00034
21.10000 0.00033
21.20000 0.00032
21.30000 0.00031
21.40000 0.00030
21.50000 0.00028
21.60000 0.00027
21.70000 0.00026
21.80000 0.00025
21.90000 0.00024
22.00000 0.00023
22.10000 0.00022
22.20000 0.00021
22.30000 0.00020
22.40000 0.00019
22.50000 0.00018
22.60000 0.00017
22.70000 0.00016
22.80000 0.00016
22.90000 0.00015
23.00000 0.00014
23.10000 0.00013
23.20000 0.00012
23.30000 0.00011
23.40000 0.00011
23.50000 0.00010
23.60000 0.00009
23.70000 0.00008
23.80000 0.00008
23.90000 0.00007
24.00000 0.00006
24.10000 0.00006
24.20000 0.00005
24.30000 0.00004
24.40000 0.00004
24.50000 0.00003
24.60000 0.00002
24.70000 0.00002
24.80000 0.00001
24.90000 0.00001
25.00000 0.00000
