-5.00000 0.00024
-4.90000 0.00025
-4.80000 0.00026
-4.70000 0.00027
-4.60000 0.00028
-4.50000 0.00029
-4.40000 0.00030
-4.30000 0.00031
-4.20000 0.00032
-4.10000 0.00033
-4.00000 0.00034
-3.90000 0.00035
-3.80000 0.00037
-3.70000 0.00038
-3.60000 0.00040
-3.50000 0.00041
-3.40000 0.00043
-3.30000 0.00044
-3.20000 0.00046
-3.10000 0.00048
-3.00000 0.00050
-2.90000 0.00052
-2.80000 0.00055
-2.70000 0.00057
-2.60000 0.00060
-2.50000 0.00063
-2.40000 0.00066
-2.30000 0.00069
-2.20000 0.00073
-2.10000 0.00077
-2.00000 0.00081
-1.90000 0.00085
-1.80000 0.00090
-1.70000 0.00095
-1.60000 0.00101
-1.50000 0.00108
-1.40000 0.00115
-1.30000 0.00123
-1.20000 0.00132
-1.10000 0.00142
-1.00000 0.00153
-0.90000 0.00166
-0.80000 0.00182
-0.70000 0.00200
-0.60000 0.00221
-0.50000 0.00247
-0.40000 0.00278
-0.30000 0.00317
-0.20000 0.00366
-0.10000 0.00427
0.00000 0.00504
0.10000 0.00600
0.20000 0.00721
0.30000 0.00871
0.40000 0.01056
0.50000 0.01282
0.60000 0.01553
0.70000 0.01874
0.80000 0.02247
0.90000 0.02671
1.00000 0.03144
1.10000 0.03660
1.20000 0.04208
1.30000 0.04775
1.40000 0.05344
1.50000 0.05898
1.60000 0.06418
1.70000 0.06885
1.80000 0.07282
1.90000 0.07598
2.00000 0.07825
2.10000 0.07958
2.20000 0.08001
2.30000 0.07960
2.40000 0.07845
2.50000 0.07667
2.60000 0.07440
2.70000 0.07176
2.80000 0.06885
2.90000 0.06575
3.00000 0.06252
3.10000 0.05919
3.20000 0.05580
3.30000 0.05235
3.40000 0.04884
3.50000 0.04531
3.60000 0.04176
3.70000 0.03824
3.80000 0.03478
3.90000 0.03142
4.00000 0.02823
4.10000 0.02522
4.20000 0.02245
4.30000 0.01992
4.40000 0.01764
4.50000 0.01562
4.60000 0.01384
4.70000 0.01227
4.80000 0.01090
4.90000 0.00969
5.00000 0.00863
5.10000 0.00768
5.20000 0.00683
5.30000 0.00607
5.40000 0.00539
5.50000 0.00477
5.60000 0.00422
5.70000 0.00372
5.80000 0.00328
5.90000 0.00289
6.00000 0.00255
6.10000 0.00225
6.20000 0.00200
6.30000 0.00178
6.40000 0.00159
6.50000 0.00144
6.60000 0.00130
6.70000 0.00119
6.80000 0.00109
6.90000 0.00101
7.00000 0.00094
7.10000 0.00087
7.20000 0.00082
7.30000 0.00077
7.40000 0.00073
7.50000 0.00069
7.60000 0.00065
7.70000 0.00062
7.80000 0.00059
7.90000 0.00056
8.00000 0.00054
8.10000 0.00051
8.20000 0.00049
8.30000 0.00047
8.40000 0.00045
8.50000 0.00043
8.60000 0.00042
8.70000 0.00040
8.80000 0.00038
8.90000 0.00037
9.00000 0.00036
9.10000 0.00034
9.20000 0.00033
9.30000 0.00032
9.40000 0.00031
9.50000 0.00030
9.60000 0.00029
9.70000 0.00028
9.80000 0.00027
9.90000 0.00026
10.00000 0.00025
10.10000 0.00024
10.20000 0.00024
10.30000 0.00023
10.40000 0.00022
10.50000 0.00022
10.60000 0.00021
10.70000 0.00020
10.80000 0.00020
10.90000 0.00019
11.00000 0.00019
11.10000 0.00018
11.20000 0.00018
11.30000 0.00017
11.40000 0.00017
11.50000 0.00016
11.60000 0.00016
11.70000 0.00015
11.80000 0.00015
11.90000 0.00015
12.00000 0.00014
12.10000 0.00014
12.20000 0.00013
12.30000 0.00013
12.40000 0.00013
12.50000 0.00012
12.60000 0.00012
12.70000 0.00012
12.80000 0.00012
12.90000 0.00011
13.00000 0.00011
13.10000 0.00011
13.20000 0.00010
13.30000 0.00010
13.40000 0.00010
13.50000 0.00010
13.60000 0.00009
13.70000 0.00009
13.80000 0.00009
13.90000 0.00009
14.00000 0.00009
14.10000 0.00008
14.20000 0.00008
14.30000 0.00008
14.40000 0.00008
14.50000 0.00008
14.60000 0.00007
14.70000 0.00007
14.80000 0.00007
14.90000 0.00007
15.00000 0.00007
15.10000 0.00007
15.20000 0.00006
15.30000 0.00006
15.40000 0.00006
15.50000 0.00006
15.60000 0.00006
15.70000 0.00006
15.80000 0.00006
15.90000 0.00005
16.00000 0.00005
16.10000 0.00005
16.20000 0.00005
16.30000 0.00005
16.40000 0.00005
16.50000 0.00005
16.60000 0.00005
16.70000 0.00005
16.80000 0.00004
16.90000 0.00004
17.00000 0.00004
17.10000 0.00004
17.20000 0.00004
17.30000 0.00004
17.40000 0.00004
17.50000 0.00004
17.60000 0.00004
17.70000 0.00004
17.80000 0.00003
17.90000 0.00003
18.00000 0.00003
18.10000 0.00003
18.20000 0.00003
18.30000 0.00003
18.40000 0.00003
18.50000 0.00003
18.60000 0.00003
18.70000 0.00003
18.80000 0.00003
18.90000 0.00003
19.00000 0.00003
19.10000 0.00002
19.20000 0.00002
19.30000 0.00002
19.40000 0.00002
19.50000 0.00002
19.60000 0.00002
19.70000 0.00002
19.80000 0.00002
19.90000 0.00002
20.00000 0.00002
20.10000 0.00002
20.20000 0.00002
20.30000 0.00002
20.40000 0.00002
20.50000 0.00002
20.60000 0.00002
20.70000 0.00002
20.80000 0.00002
20.90000 0.00001
21.00000 0.00001
21.10000 0.00001
21.20000 0.00001
21.30000 0.00001
21.40000 0.00001
21.50000 0.00001
21.60000 0.00001
21.70000 0.00001
21.80000 0.00001
21.90000 0.00001
22.00000 0.00001
22.10000 0.00001
22.20000 0.00001
22.30000 0.00001
22.40000 0.00001
22.50000 0.00001
22.60000 0.00001
22.70000 0.00001
22.80000 0.00001
22.90000 0.00001
23.00000 0.00001
23.10000 0.00001
23.20000 0.00001
23.30000 0.00001
23.40000 0.00000
23.50000 0.00000
23.60000 0.00000
23.70000 0.00000
23.80000 0.00000
23.90000 0.00000
24.00000 0.00000
24.10000 0.00000
24.20000 0.00000
24.30000 0.00000
24.40000 0.00000
24.50000 0.00000
24.60000 0.00000
24.70000 0.00000
24.80000 0.00000
24.90000 0.00000
25.00000 0.00000
