440.00000 0.00000 0.00000
440.10000 0.00001 0.00001
440.20000 0.00001 0.00003
440.30000 0.00002 0.00004
440.40000 0.00003 0.00006
440.50000 0.00003 0.00007
440.60000 0.00004 0.00008
440.70000 0.00005 0.00010
440.80000 0.00005 0.00011
440.90000 0.00006 0.00013
441.00000 0.00007 0.00014
441.10000 0.00007 0.00016
441.20000 0.00008 0.00017
441.30000 0.00009 0.00019
441.40000 0.00010 0.00020
441.50000 0.00010 0.00022
441.60000 0.00011 0.00023
441.70000 0.00012 0.00025
441.80000 0.00012 0.00026
441.90000 0.00013 0.00028
442.00000 0.00014 0.00030
442.10000 0.00014 0.00031
442.20000 0.00015 0.00033
442.30000 0.00016 0.00034
442.40000 0.00016 0.00036
442.50000 0.00017 0.00038
442.60000 0.00018 0.00039
442.70000 0.00018 0.00041
442.80000 0.00019 0.00043
442.90000 0.00020 0.00044
443.00000 0.00020 0.00046
443.10000 0.00021 0.00048
443.20000 0.00022 0.00049
443.30000 0.00022 0.00051
443.40000 0.00023 0.00053
443.50000 0.00024 0.00055
443.60000 0.00025 0.00056
443.70000 0.00025 0.00058
443.80000 0.00026 0.00060
443.90000 0.00027 0.00062
444.00000 0.00027 0.00064
444.10000 0.00028 0.00065
444.20000 0.00029 0.00067
444.30000 0.00029 0.00069
444.40000 0.00030 0.00071
444.50000 0.00031 0.00073
444.60000 0.00031 0.00075
444.70000 0.00032 0.00077
444.80000 0.00033 0.00079
444.90000 0.00033 0.00081
445.00000 0.00034 0.00083
445.10000 0.00035 0.00085
445.20000 0.00035 0.00087
445.30000 0.00036 0.00089
445.40000 0.00037 0.00091
445.50000 0.00037 0.00093
445.60000 0.00038 0.00095
445.70000 0.00039 0.00097
445.80000 0.00040 0.00099
445.90000 0.00040 0.00101
446.00000 0.00041 0.00104
446.10000 0.00042 0.00106
446.20000 0.00042 0.00108
446.30000 0.00043 0.00110
446.40000 0.00044 0.00113
446.50000 0.00044 0.00115
446.60000 0.00045 0.00117
446.70000 0.00046 0.00120
446.80000 0.00046 0.00122
446.90000 0.00047 0.00124
447.00000 0.00048 0.00127
447.10000 0.00048 0.00129
447.20000 0.00049 0.00132
447.30000 0.00050 0.00134
447.40000 0.00050 0.00137
447.50000 0.00051 0.00139
447.60000 0.00052 0.00142
447.70000 0.00052 0.00145
447.80000 0.00053 0.00147
447.90000 0.00054 0.00150
448.00000 0.00054 0.00153
448.10000 0.00055 0.00156
448.20000 0.00056 0.00158
448.30000 0.00057 0.00161
448.40000 0.00057 0.00164
448.50000 0.00058 0.00167
448.60000 0.00059 0.00170
448.70000 0.00059 0.00173
448.80000 0.00060 0.00176
448.90000 0.00061 0.00179
449.00000 0.00061 0.00182
449.10000 0.00062 0.00185
449.20000 0.00063 0.00189
449.30000 0.00063 0.00192
449.40000 0.00064 0.00195
449.50000 0.00065 0.00199
449.60000 0.00065 0.00202
449.70000 0.00066 0.00205
449.80000 0.00067 0.00209
449.90000 0.00067 0.00212
450.00000 0.00068 0.00216
450.10000 0.00069 0.00220
450.20000 0.00069 0.00223
450.30000 0.00071 0.00228
450.40000 0.00073 0.00233
450.50000 0.00076 0.00239
450.60000 0.00078 0.00245
450.70000 0.00080 0.00250
450.80000 0.00082 0.00255
450.90000 0.00083 0.00259
451.00000 0.00084 0.00264
451.10000 0.00086 0.00269
451.20000 0.00088 0.00275
451.30000 0.00089 0.00281
451.40000 0.00091 0.00286
451.50000 0.00094 0.00293
451.60000 0.00097 0.00300
451.70000 0.00098 0.00305
451.80000 0.00100 0.00311
451.90000 0.00102 0.00317
452.00000 0.00104 0.00324
452.10000 0.00105 0.00329
452.20000 0.00106 0.00335
452.30000 0.00110 0.00343
452.40000 0.00114 0.00352
452.50000 0.00118 0.00361
452.60000 0.00122 0.00370
452.70000 0.00123 0.00376
452.80000 0.00125 0.00383
452.90000 0.00127 0.00391
453.00000 0.00130 0.00399
453.10000 0.00132 0.00406
453.20000 0.00133 0.00413
453.30000 0.00134 0.00420
453.40000 0.00135 0.00427
453.50000 0.00137 0.00435
453.60000 0.00140 0.00444
453.70000 0.00143 0.00454
453.80000 0.00146 0.00463
453.90000 0.00148 0.00471
454.00000 0.00149 0.00480
454.10000 0.00149 0.00487
454.20000 0.00149 0.00494
454.30000 0.00150 0.00502
454.40000 0.00150 0.00510
454.50000 0.00151 0.00519
454.60000 0.00152 0.00528
454.70000 0.00156 0.00540
454.80000 0.00159 0.00552
454.90000 0.00160 0.00562
455.00000 0.00161 0.00572
455.10000 0.00162 0.00582
455.20000 0.00162 0.00591
455.30000 0.00162 0.00601
455.40000 0.00162 0.00611
455.50000 0.00163 0.00623
455.60000 0.00165 0.00635
455.70000 0.00166 0.00647
455.80000 0.00167 0.00660
455.90000 0.00169 0.00673
456.00000 0.00171 0.00687
456.10000 0.00173 0.00702
456.20000 0.00175 0.00716
456.30000 0.00179 0.00733
456.40000 0.00182 0.00751
456.50000 0.00184 0.00766
456.60000 0.00186 0.00783
456.70000 0.00188 0.00800
456.80000 0.00190 0.00818
456.90000 0.00190 0.00834
457.00000 0.00190 0.00851
457.10000 0.00192 0.00870
457.20000 0.00194 0.00890
457.30000 0.00196 0.00911
457.40000 0.00199 0.00933
457.50000 0.00201 0.00955
457.60000 0.00204 0.00978
457.70000 0.00207 0.01003
457.80000 0.00210 0.01028
457.90000 0.00212 0.01054
458.00000 0.00214 0.01080
458.10000 0.00217 0.01108
458.20000 0.00220 0.01137
458.30000 0.00223 0.01167
458.40000 0.00226 0.01199
458.50000 0.00228 0.01231
458.60000 0.00231 0.01265
458.70000 0.00235 0.01301
458.80000 0.00239 0.01339
458.90000 0.00243 0.01379
459.00000 0.00248 0.01421
459.10000 0.00253 0.01465
459.20000 0.00257 0.01511
459.30000 0.00263 0.01559
459.40000 0.00269 0.01610
459.50000 0.00276 0.01665
459.60000 0.00283 0.01722
459.70000 0.00289 0.01781
459.80000 0.00295 0.01842
459.90000 0.00301 0.01907
460.00000 0.00307 0.01974
460.10000 0.00315 0.02048
460.20000 0.00323 0.02125
460.30000 0.00332 0.02209
460.40000 0.00342 0.02297
460.50000 0.00351 0.02389
460.60000 0.00361 0.02488
460.70000 0.00373 0.02595
460.80000 0.00384 0.02708
460.90000 0.00398 0.02830
461.00000 0.00412 0.02960
461.10000 0.00426 0.03099
461.20000 0.00440 0.03248
461.30000 0.00457 0.03411
461.40000 0.00474 0.03586
461.50000 0.00492 0.03776
461.60000 0.00511 0.03980
461.70000 0.00532 0.04205
461.80000 0.00553 0.04448
461.90000 0.00577 0.04717
462.00000 0.00601 0.05011
462.10000 0.00629 0.05338
462.20000 0.00657 0.05698
462.30000 0.00687 0.06099
462.40000 0.00717 0.06546
462.50000 0.00753 0.07053
462.60000 0.00790 0.07624
462.70000 0.00833 0.08277
462.80000 0.00875 0.09020
462.90000 0.00924 0.09877
463.00000 0.00973 0.10862
463.10000 0.01029 0.12007
463.20000 0.01084 0.13333
463.30000 0.01146 0.14879
463.40000 0.01208 0.16675
463.50000 0.01278 0.18768
463.60000 0.01349 0.21191
463.70000 0.01433 0.23996
463.80000 0.01517 0.27206
463.90000 0.01611 0.30861
464.00000 0.01706 0.34968
464.10000 0.01809 0.39539
464.20000 0.01912 0.44546
464.30000 0.02029 0.49961
464.40000 0.02146 0.55699
464.50000 0.02270 0.61667
464.60000 0.02393 0.67731
464.70000 0.02528 0.73751
464.80000 0.02663 0.79541
464.90000 0.02806 0.84930
465.00000 0.02949 0.89724
465.10000 0.03098 0.93760
465.20000 0.03246 0.96885
465.30000 0.03399 0.98989
465.40000 0.03551 1.00000
465.50000 0.03706 0.99899
465.60000 0.03860 0.98715
465.70000 0.04010 0.96521
465.80000 0.04160 0.93443
465.90000 0.04304 0.89629
466.00000 0.04447 0.85261
466.10000 0.04580 0.80515
466.20000 0.04714 0.75581
466.30000 0.04837 0.70620
466.40000 0.04961 0.65786
466.50000 0.05074 0.61185
466.60000 0.05187 0.56912
466.70000 0.05290 0.53010
466.80000 0.05394 0.49511
466.90000 0.05486 0.46400
467.00000 0.05578 0.43665
467.10000 0.05664 0.41259
467.20000 0.05750 0.39142
467.30000 0.05828 0.37255
467.40000 0.05905 0.35556
467.50000 0.05974 0.33994
467.60000 0.06043 0.32542
467.70000 0.06104 0.31164
467.80000 0.06166 0.29851
467.90000 0.06223 0.28586
468.00000 0.06280 0.27374
468.10000 0.06333 0.26213
468.20000 0.06386 0.25113
468.30000 0.06434 0.24079
468.40000 0.06483 0.23124
468.50000 0.06527 0.22251
468.60000 0.06571 0.21471
468.70000 0.06612 0.20782
468.80000 0.06653 0.20189
468.90000 0.06691 0.19686
469.00000 0.06729 0.19271
469.10000 0.06763 0.18934
469.20000 0.06797 0.18670
469.30000 0.06829 0.18471
469.40000 0.06862 0.18329
469.50000 0.06894 0.18236
469.60000 0.06926 0.18183
469.70000 0.06956 0.18163
469.80000 0.06986 0.18170
469.90000 0.07016 0.18197
470.00000 0.07045 0.18238
470.10000 0.07072 0.18286
470.20000 0.07099 0.18337
470.30000 0.07126 0.18386
470.40000 0.07154 0.18424
470.50000 0.07180 0.18445
470.60000 0.07206 0.18443
470.70000 0.07232 0.18412
470.80000 0.07258 0.18346
470.90000 0.07285 0.18242
471.00000 0.07311 0.18096
471.10000 0.07334 0.17902
471.20000 0.07356 0.17664
471.30000 0.07377 0.17383
471.40000 0.07399 0.17064
471.50000 0.07420 0.16711
471.60000 0.07441 0.16332
471.70000 0.07463 0.15932
471.80000 0.07485 0.15520
471.90000 0.07505 0.15100
472.00000 0.07526 0.14681
472.10000 0.07546 0.14270
472.20000 0.07566 0.13872
472.30000 0.07587 0.13492
472.40000 0.07608 0.13134
472.50000 0.07627 0.12797
472.60000 0.07645 0.12485
472.70000 0.07663 0.12197
472.80000 0.07682 0.11934
472.90000 0.07701 0.11696
473.00000 0.07720 0.11481
473.10000 0.07739 0.11285
473.20000 0.07757 0.11107
473.30000 0.07775 0.10946
473.40000 0.07794 0.10800
473.50000 0.07812 0.10667
473.60000 0.07831 0.10546
473.70000 0.07849 0.10435
473.80000 0.07868 0.10332
473.90000 0.07886 0.10238
474.00000 0.07905 0.10150
474.10000 0.07924 0.10071
474.20000 0.07943 0.09997
474.30000 0.07962 0.09929
474.40000 0.07981 0.09866
474.50000 0.07999 0.09809
474.60000 0.08018 0.09756
474.70000 0.08039 0.09711
474.80000 0.08060 0.09670
474.90000 0.08081 0.09633
475.00000 0.08101 0.09600
475.10000 0.08123 0.09571
475.20000 0.08144 0.09546
475.30000 0.08166 0.09525
475.40000 0.08188 0.09506
475.50000 0.08211 0.09491
475.60000 0.08235 0.09479
475.70000 0.08260 0.09470
475.80000 0.08285 0.09463
475.90000 0.08309 0.09458
476.00000 0.08334 0.09454
476.10000 0.08360 0.09452
476.20000 0.08385 0.09452
476.30000 0.08412 0.09453
476.40000 0.08438 0.09456
476.50000 0.08467 0.09462
476.60000 0.08496 0.09469
476.70000 0.08523 0.09475
476.80000 0.08551 0.09482
476.90000 0.08578 0.09490
477.00000 0.08605 0.09499
477.10000 0.08635 0.09511
477.20000 0.08664 0.09523
477.30000 0.08695 0.09538
477.40000 0.08725 0.09553
477.50000 0.08753 0.09567
477.60000 0.08782 0.09582
477.70000 0.08811 0.09599
477.80000 0.08841 0.09617
477.90000 0.08872 0.09638
478.00000 0.08904 0.09660
478.10000 0.08933 0.09680
478.20000 0.08963 0.09702
478.30000 0.08994 0.09725
478.40000 0.09024 0.09749
478.50000 0.09057 0.09776
478.60000 0.09090 0.09803
478.70000 0.09119 0.09828
478.80000 0.09148 0.09853
478.90000 0.09178 0.09880
479.00000 0.09209 0.09908
479.10000 0.09239 0.09937
479.20000 0.09270 0.09966
479.30000 0.09303 0.09998
479.40000 0.09336 0.10030
479.50000 0.09368 0.10062
479.60000 0.09400 0.10095
479.70000 0.09431 0.10128
479.80000 0.09463 0.10162
479.90000 0.09494 0.10196
480.00000 0.09526 0.10230
480.10000 0.09556 0.10265
480.20000 0.09587 0.10299
480.30000 0.09615 0.10333
480.40000 0.09644 0.10367
480.50000 0.09675 0.10404
480.60000 0.09706 0.10442
480.70000 0.09738 0.10481
480.80000 0.09769 0.10521
480.90000 0.09798 0.10559
481.00000 0.09827 0.10597
481.10000 0.09857 0.10637
481.20000 0.09886 0.10678
481.30000 0.09916 0.10720
481.40000 0.09946 0.10763
481.50000 0.09975 0.10807
481.60000 0.10005 0.10851
481.70000 0.10033 0.10895
481.80000 0.10061 0.10941
481.90000 0.10094 0.10992
482.00000 0.10126 0.11044
482.10000 0.10155 0.11093
482.20000 0.10183 0.11145
482.30000 0.10213 0.11199
482.40000 0.10243 0.11254
482.50000 0.10276 0.11313
482.60000 0.10308 0.11375
482.70000 0.10339 0.11437
482.80000 0.10370 0.11502
482.90000 0.10401 0.11569
483.00000 0.10433 0.11639
483.10000 0.10464 0.11711
483.20000 0.10494 0.11786
483.30000 0.10527 0.11866
483.40000 0.10560 0.11950
483.50000 0.10594 0.12040
483.60000 0.10629 0.12134
483.70000 0.10662 0.12232
483.80000 0.10695 0.12335
483.90000 0.10731 0.12447
484.00000 0.10766 0.12566
484.10000 0.10804 0.12693
484.20000 0.10841 0.12829
484.30000 0.10880 0.12978
484.40000 0.10920 0.13137
484.50000 0.10960 0.13309
484.60000 0.11000 0.13496
484.70000 0.11042 0.13703
484.80000 0.11085 0.13929
484.90000 0.11129 0.14178
485.00000 0.11172 0.14455
485.10000 0.11219 0.14767
485.20000 0.11267 0.15118
485.30000 0.11319 0.15518
485.40000 0.11371 0.15972
485.50000 0.11428 0.16494
485.60000 0.11484 0.17093
485.70000 0.11543 0.17785
485.80000 0.11602 0.18584
485.90000 0.11670 0.19517
486.00000 0.11737 0.20594
486.10000 0.11809 0.21840
486.20000 0.11882 0.23272
486.30000 0.11959 0.24910
486.40000 0.12036 0.26765
486.50000 0.12120 0.28854
486.60000 0.12203 0.31169
486.70000 0.12294 0.33710
486.80000 0.12385 0.36448
486.90000 0.12483 0.39355
487.00000 0.12581 0.42374
487.10000 0.12682 0.45444
487.20000 0.12783 0.48485
487.30000 0.12890 0.51419
487.40000 0.12997 0.54146
487.50000 0.13105 0.56578
487.60000 0.13212 0.58628
487.70000 0.13317 0.60219
487.80000 0.13422 0.61298
487.90000 0.13524 0.61828
488.00000 0.13626 0.61801
488.10000 0.13726 0.61230
488.20000 0.13825 0.60156
488.30000 0.13922 0.58637
488.40000 0.14018 0.56753
488.50000 0.14108 0.54586
488.60000 0.14198 0.52234
488.70000 0.14282 0.49784
488.80000 0.14367 0.47324
488.90000 0.14444 0.44921
489.00000 0.14521 0.42640
489.10000 0.14594 0.40519
489.20000 0.14667 0.38588
489.30000 0.14737 0.36855
489.40000 0.14806 0.35322
489.50000 0.14870 0.33970
489.60000 0.14933 0.32786
489.70000 0.14993 0.31743
489.80000 0.15053 0.30820
489.90000 0.15111 0.29988
490.00000 0.15168 0.29229
490.10000 0.15224 0.28523
490.20000 0.15280 0.27858
490.30000 0.15330 0.27219
490.40000 0.15381 0.26608
490.50000 0.15432 0.26023
490.60000 0.15483 0.25466
490.70000 0.15533 0.24938
490.80000 0.15583 0.24446
490.90000 0.15628 0.23988
491.00000 0.15673 0.23574
491.10000 0.15718 0.23205
491.20000 0.15763 0.22884
491.30000 0.15806 0.22609
491.40000 0.15849 0.22380
491.50000 0.15892 0.22195
491.60000 0.15935 0.22051
491.70000 0.15978 0.21945
491.80000 0.16021 0.21871
491.90000 0.16063 0.21824
492.00000 0.16105 0.21802
492.10000 0.16145 0.21799
492.20000 0.16185 0.21813
492.30000 0.16225 0.21840
492.40000 0.16265 0.21877
492.50000 0.16307 0.21924
492.60000 0.16348 0.21975
492.70000 0.16389 0.22027
492.80000 0.16430 0.22077
492.90000 0.16470 0.22122
493.00000 0.16510 0.22158
493.10000 0.16550 0.22182
493.20000 0.16589 0.22192
493.30000 0.16629 0.22184
493.40000 0.16668 0.22158
493.50000 0.16707 0.22109
493.60000 0.16746 0.22039
493.70000 0.16785 0.21946
493.80000 0.16823 0.21832
493.90000 0.16861 0.21699
494.00000 0.16899 0.21549
494.10000 0.16938 0.21386
494.20000 0.16976 0.21212
494.30000 0.17016 0.21034
494.40000 0.17055 0.20852
494.50000 0.17093 0.20669
494.60000 0.17131 0.20490
494.70000 0.17172 0.20321
494.80000 0.17213 0.20160
494.90000 0.17251 0.20008
495.00000 0.17290 0.19867
495.10000 0.17330 0.19740
495.20000 0.17369 0.19626
495.30000 0.17408 0.19523
495.40000 0.17447 0.19432
495.50000 0.17486 0.19352
495.60000 0.17525 0.19283
495.70000 0.17564 0.19223
495.80000 0.17603 0.19171
495.90000 0.17643 0.19127
496.00000 0.17682 0.19089
496.10000 0.17723 0.19058
496.20000 0.17763 0.19032
496.30000 0.17803 0.19010
496.40000 0.17842 0.18992
496.50000 0.17884 0.18980
496.60000 0.17925 0.18970
496.70000 0.17966 0.18964
496.80000 0.18008 0.18960
496.90000 0.18049 0.18959
497.00000 0.18090 0.18961
497.10000 0.18131 0.18965
497.20000 0.18172 0.18971
497.30000 0.18215 0.18981
497.40000 0.18258 0.18994
497.50000 0.18303 0.19010
497.60000 0.18347 0.19029
497.70000 0.18390 0.19046
497.80000 0.18433 0.19066
497.90000 0.18477 0.19088
498.00000 0.18521 0.19111
498.10000 0.18564 0.19135
498.20000 0.18608 0.19160
498.30000 0.18652 0.19187
498.40000 0.18696 0.19214
498.50000 0.18739 0.19241
498.60000 0.18782 0.19268
498.70000 0.18824 0.19296
498.80000 0.18867 0.19324
498.90000 0.18911 0.19354
499.00000 0.18956 0.19385
499.10000 0.19000 0.19416
499.20000 0.19044 0.19448
499.30000 0.19090 0.19481
499.40000 0.19135 0.19515
499.50000 0.19180 0.19548
499.60000 0.19225 0.19582
499.70000 0.19270 0.19616
499.80000 0.19314 0.19650
499.90000 0.19361 0.19687
500.00000 0.19407 0.19723
500.10000 0.19452 0.19759
500.20000 0.19497 0.19795
500.30000 0.19543 0.19833
500.40000 0.19588 0.19870
500.50000 0.19632 0.19906
500.60000 0.19675 0.19942
500.70000 0.19721 0.19981
500.80000 0.19768 0.20021
500.90000 0.19812 0.20059
501.00000 0.19857 0.20097
501.10000 0.19901 0.20135
501.20000 0.19945 0.20174
501.30000 0.19990 0.20213
501.40000 0.20035 0.20253
501.50000 0.20081 0.20294
501.60000 0.20127 0.20335
501.70000 0.20173 0.20376
501.80000 0.20219 0.20417
501.90000 0.20263 0.20457
502.00000 0.20307 0.20497
502.10000 0.20352 0.20538
502.20000 0.20397 0.20580
502.30000 0.20442 0.20620
502.40000 0.20487 0.20661
502.50000 0.20530 0.20700
502.60000 0.20573 0.20740
502.70000 0.20614 0.20778
502.80000 0.20656 0.20817
502.90000 0.20698 0.20856
503.00000 0.20741 0.20895
503.10000 0.20781 0.20932
503.20000 0.20821 0.20970
503.30000 0.20863 0.21009
503.40000 0.20905 0.21048
503.50000 0.20947 0.21087
503.60000 0.20989 0.21126
503.70000 0.21031 0.21166
503.80000 0.21074 0.21206
503.90000 0.21115 0.21244
504.00000 0.21156 0.21283
504.10000 0.21199 0.21324
504.20000 0.21242 0.21365
504.30000 0.21284 0.21404
504.40000 0.21325 0.21443
504.50000 0.21366 0.21482
504.60000 0.21407 0.21521
504.70000 0.21447 0.21559
504.80000 0.21487 0.21597
504.90000 0.21528 0.21635
505.00000 0.21568 0.21674
505.10000 0.21606 0.21710
505.20000 0.21644 0.21746
505.30000 0.21684 0.21784
505.40000 0.21724 0.21822
505.50000 0.21763 0.21860
505.60000 0.21803 0.21898
505.70000 0.21841 0.21934
505.80000 0.21879 0.21971
505.90000 0.21917 0.22007
506.00000 0.21955 0.22044
506.10000 0.21993 0.22080
506.20000 0.22031 0.22116
506.30000 0.22070 0.22154
506.40000 0.22109 0.22192
506.50000 0.22149 0.22230
506.60000 0.22188 0.22267
506.70000 0.22227 0.22305
506.80000 0.22265 0.22342
506.90000 0.22305 0.22380
507.00000 0.22344 0.22418
507.10000 0.22383 0.22456
507.20000 0.22421 0.22493
507.30000 0.22461 0.22531
507.40000 0.22500 0.22569
507.50000 0.22538 0.22606
507.60000 0.22576 0.22643
507.70000 0.22615 0.22680
507.80000 0.22653 0.22718
507.90000 0.22691 0.22755
508.00000 0.22729 0.22792
508.10000 0.22767 0.22829
508.20000 0.22805 0.22865
508.30000 0.22842 0.22901
508.40000 0.22878 0.22936
508.50000 0.22916 0.22973
508.60000 0.22954 0.23010
508.70000 0.22991 0.23046
508.80000 0.23029 0.23083
508.90000 0.23067 0.23120
509.00000 0.23105 0.23157
509.10000 0.23142 0.23194
509.20000 0.23179 0.23230
509.30000 0.23215 0.23265
509.40000 0.23251 0.23300
509.50000 0.23288 0.23336
509.60000 0.23325 0.23372
509.70000 0.23361 0.23407
509.80000 0.23398 0.23443
509.90000 0.23435 0.23480
510.00000 0.23473 0.23517
510.10000 0.23510 0.23553
510.20000 0.23548 0.23590
510.30000 0.23585 0.23627
510.40000 0.23623 0.23664
510.50000 0.23661 0.23700
510.60000 0.23698 0.23737
510.70000 0.23736 0.23774
510.80000 0.23773 0.23811
510.90000 0.23811 0.23848
511.00000 0.23848 0.23885
511.10000 0.23886 0.23921
511.20000 0.23923 0.23958
511.30000 0.23961 0.23995
511.40000 0.23998 0.24032
511.50000 0.24036 0.24069
511.60000 0.24073 0.24106
511.70000 0.24111 0.24143
511.80000 0.24149 0.24180
511.90000 0.24186 0.24217
512.00000 0.24224 0.24254
512.10000 0.24261 0.24291
512.20000 0.24299 0.24328
512.30000 0.24336 0.24364
512.40000 0.24374 0.24401
512.50000 0.24411 0.24438
512.60000 0.24449 0.24475
512.70000 0.24486 0.24512
512.80000 0.24524 0.24549
512.90000 0.24562 0.24586
513.00000 0.24599 0.24623
513.10000 0.24637 0.24660
513.20000 0.24674 0.24698
513.30000 0.24712 0.24735
513.40000 0.24749 0.24772
513.50000 0.24787 0.24809
513.60000 0.24824 0.24846
513.70000 0.24862 0.24883
513.80000 0.24899 0.24920
513.90000 0.24937 0.24957
514.00000 0.24975 0.24994
514.10000 0.25012 0.25031
514.20000 0.25050 0.25068
514.30000 0.25087 0.25105
514.40000 0.25125 0.25142
514.50000 0.25162 0.25179
514.60000 0.25200 0.25217
514.70000 0.25237 0.25254
514.80000 0.25275 0.25291
514.90000 0.25312 0.25328
515.00000 0.25350 0.25365
515.10000 0.25387 0.25402
515.20000 0.25425 0.25439
515.30000 0.25463 0.25477
515.40000 0.25500 0.25514
515.50000 0.25538 0.25551
515.60000 0.25575 0.25588
515.70000 0.25613 0.25625
515.80000 0.25650 0.25662
515.90000 0.25688 0.25700
516.00000 0.25725 0.25737
516.10000 0.25763 0.25774
516.20000 0.25800 0.25811
516.30000 0.25838 0.25848
516.40000 0.25876 0.25886
516.50000 0.25913 0.25923
516.60000 0.25951 0.25960
516.70000 0.25988 0.25997
516.80000 0.26026 0.26034
516.90000 0.26063 0.26072
517.00000 0.26101 0.26109
517.10000 0.26138 0.26146
517.20000 0.26176 0.26183
517.30000 0.26213 0.26221
517.40000 0.26251 0.26258
517.50000 0.26289 0.26295
517.60000 0.26326 0.26332
517.70000 0.26364 0.26369
517.80000 0.26401 0.26407
517.90000 0.26439 0.26444
518.00000 0.26476 0.26481
518.10000 0.26514 0.26519
518.20000 0.26551 0.26556
518.30000 0.26589 0.26593
518.40000 0.26626 0.26630
518.50000 0.26664 0.26668
518.60000 0.26701 0.26705
518.70000 0.26739 0.26742
518.80000 0.26777 0.26779
518.90000 0.26814 0.26817
519.00000 0.26852 0.26854
519.10000 0.26889 0.26891
519.20000 0.26927 0.26929
519.30000 0.26964 0.26966
519.40000 0.27002 0.27003
519.50000 0.27039 0.27041
519.60000 0.27077 0.27078
519.70000 0.27114 0.27115
519.80000 0.27152 0.27152
519.90000 0.27190 0.27190
520.00000 0.27227 0.27227
